0.02808803
-0.03556228
0.00549318
0.00555696
-0.01264602
0.00122393
0.01884459
-0.00220122
0.02291039
-0.02309179
0.01686190
-0.00201042
-0.04589052
0.02345173
0.00774769
-0.00988812
0.00698189
-0.02044090
0.02071395
0.01489129
0.00451046
0.08657122
0.00694296
-0.00628992
-0.01356627
0.01031763
0.08170231
0.04480734
0.01853996
-0.03179274
0.01376399
-0.00132584
0.03962944
0.02522488
0.02317888
-0.02888967
-0.00047021
-0.03997470
0.00716484
-0.01115719
-0.01810600
0.03380333
-0.02500426
0.03097455
-0.02901995
0.03144754
-0.00559310
-0.00713309
-0.02637533
-0.01812383
0.00678217
-0.01969282
-0.03845078
0.01296486
0.02959035
0.04916833
-0.03943747
-0.00733178
-0.00025898
-0.00753634
-0.02748404
-0.02227916
-0.00881399
-0.01183985
0.01302146
-0.04938068
-0.01585849
-0.01975569
-0.01237790
0.00524917
-0.02181457
-0.04604163
0.02591059
-0.04388452
-0.00887370
0.06290924
-0.01488992
-0.03089348
-0.01428355
0.00177334
0.01588751
-0.04761062
-0.01755195
-0.02551631
-0.00719931
0.03621608
-0.02136133
0.01045717
-0.02652754
0.01161052
0.01320137
0.02196841
-0.01233872
-0.04800246
-0.00666731
-0.00737945
-0.03174718
0.02107335
0.01452540
0.01837763
-0.01091382
-0.02521617
-0.04715763
0.03613399
-0.02242170
-0.02951509
0.03190940
-0.05236740
0.02712253
0.01945982
0.02680931
0.01847682
0.00622495
-0.04767786
-0.01374678
-0.00931532
0.00707349
0.01328347
0.02158435
-0.00997776
-0.04322688
-0.03324233
-0.00550349
-0.07180541
0.01732295
-0.02704993
-0.03281732
-0.04464971
-0.03616774
0.02149074
0.01535630
-0.00483660
0.02548319
-0.00380003
-0.01920041
-0.00170824
-0.02590167
-0.03461490
0.01438808
-0.01221393
0.00253878
-0.02113924
-0.00027807
0.00477620
0.08077399
-0.01252143
0.01387305
0.00897543
0.00460713
-0.02061042
0.01056473
0.00496014
0.00815689
0.00834882
0.00769132
-0.01596200
0.06105763
-0.01565448
-0.00937739
-0.01411100
-0.02697146
-0.00745391
-0.01527766
0.01004254
-0.02838743
-0.02874602
-0.03234649
0.00353624
-0.03168035
0.01911987
-0.01276303
0.00163378
0.02307692
-0.03081248
0.01031595
0.02666730
-0.00395902
-0.00017838
0.02578930
0.02259898
-0.01425387
0.00159006
-0.04369677
0.02964201
-0.00546027
0.05685161
-0.02837919
0.00584148
0.01330772
-0.00724887
0.02510944
-0.03297283
0.03434634
-0.01630488
-0.02238405
0.04328955
-0.02516948
-0.02983310
0.04049068
0.02510003
0.03993528
-0.01944667
0.01924735
-0.04895860
-0.03100015
-0.00049405
-0.00103890
0.01053867
0.02189462
0.01773451
0.00075629
-0.01017801
0.02175277
-0.07304583
-0.00859137
-0.00067301
0.04531901
0.06243287
-0.03603681
-0.01752024
-0.02979662
0.03217749
0.01335566
0.05005020
0.00008286
0.01008039
-0.08402306
-0.01910990
0.00035347
0.01631439
-0.00498763
0.01144973
0.02980898
-0.02308418
-0.02575407
0.06465285
0.04684557
0.01242253
0.02353998
0.01391313
-0.00833787
0.00812389
-0.00822795
-0.04264299
-0.02233195
-0.02699894
0.02884918
-0.04166260
0.01978771
0.08500347
-0.02236681
0.00855335
0.00495024
-0.00986203
0.00386584
-0.03011488
0.00950408
0.02917467
0.11551586
-0.01165487
-0.01926471
-0.00420457
0.01208902
-0.01816132
-0.04010276
0.00395200
-0.01345968
-0.00056569
0.00269397
-0.01607050
-0.00520796
0.00948626
0.00078004
0.00832667
-0.00484668
0.00328539
-0.00558073
0.06253497
0.06239692
0.01500673
-0.00056464
-0.01655096
-0.01617050
-0.00520370
-0.04856800
0.01227492
-0.02459635
-0.04392765
-0.05079107
0.01744611
-0.03700598
-0.02263035
0.00654052
-0.01686181
-0.03107554
-0.01627054
-0.06562958
0.01772762
0.00455643
-0.01854653
-0.03267008
0.03220189
-0.00453043
0.03514399
0.00357398
0.00533041
-0.01430966
-0.02438258
-0.00363710
0.02064190
-0.00644737
-0.00554756
-0.04327897
-0.02026783
-0.02436201
-0.07730539
-0.00184350
-0.02620169
-0.03365338
0.04758663
-0.02892344
-0.04494480
0.05348580
-0.01332961
-0.04495540
-0.02960701
-0.00706043
-0.00220207
0.01303263
-0.02419436
-0.01101588
0.00055140
0.00942056
-0.02464301
-0.01518519
0.00636878
0.00390448
0.01782040
0.04173215
0.00974358
0.02957518
0.00208443
0.01238543
0.06632508
-0.02077906
-0.01011670
-0.02205258
0.01535308
0.02446854
-0.01028867
-0.02774357
-0.00256033
-0.01144911
0.00369654
0.03438171
-0.01922557
0.02305851
0.01993149
-0.04137036
0.01261298
-0.02882020
0.00710475
-0.01168998
0.01948242
-0.00817805
0.02440439
-0.00798539
0.00733235
0.00852020
0.00820358
-0.04309620
0.00327201
0.01261353
0.02245444
0.04677945
-0.00203412
-0.00776311
0.02699135
-0.00838715
-0.00995946
0.00211485
-0.01107709
0.02760071
-0.03044266
0.03830294
0.02451401
0.03207573
0.02437084
-0.01087305
-0.02853013
0.00390854
0.04864156
0.01410744
-0.00603294
0.00240546
-0.03203815
0.02551759
0.01551894
-0.09901282
0.00301778
0.06413703
0.00303956
-0.00607582
0.00603842
-0.00250609
-0.01422761
0.00225965
0.00753159
0.02455564
-0.01715691
-0.01603857
0.00576926
-0.00526756
-0.05213354
-0.01929975
-0.02905378
-0.03590057
-0.00507958
-0.03445634
-0.00427607
0.00790506
-0.01296459
-0.02405974
0.02058549
0.00910208
-0.01996954
0.03371772
0.00619079
0.03254236
0.00747170
0.03087389
-0.00443762
0.04033255
0.02141411
-0.01864013
-0.00011338
-0.03673783
-0.01691690
0.01899302
-0.00185299
-0.00680394
-0.03696628
-0.01450905
0.02174051
0.02940972
0.03658092
0.07227435
-0.02328332
-0.02039782
-0.01513584
0.00570705
-0.00287019
-0.01307348
-0.00035773
-0.00104174
0.01110321
-0.01628384
-0.00820352
-0.01739879
-0.02955677
0.00727148
0.04069036
0.01128379
0.03261236
-0.00031007
0.01166511
0.02424167
-0.03155527
-0.03472814
-0.04227635
0.01870550
-0.01638696
-0.03042356
-0.03291697
-0.01118784
0.01247852
-0.00701504
0.00416661
0.01956099
-0.02667782
0.01429336
-0.00985955
-0.01971684
0.03252903
-0.05671284
-0.00981935
0.00890938
-0.05258908
-0.05083437
-0.06007319
-0.03816970
-0.03248582
-0.05205604
0.06750618
-0.02064124
-0.00963663
0.08803911
-0.01848900
0.07110116
-0.03688284
0.00669603
-0.01358744
0.01405816
-0.02824592
0.02246768
0.09034458
-0.02445781
-0.11260277
0.01839755
-0.03957094
-0.00386849
-0.04104920
0.00929694
0.09169584
0.06673974
-0.01123867
-0.01553941
-0.02632201
0.13455889
0.00752146
-0.02257189
0.00912106
-0.09753778
-0.04227049
-0.02932948
0.00607087
-0.04574694
-0.02515709
-0.00680899
0.02601845
0.01602208
-0.03661252
0.00706387
-0.01137446
0.01685425
-0.00450353
0.01551216
0.14519681
-0.00864615
-0.03622453
-0.00306012
-0.02019395
0.01390290
-0.00546012
-0.03640078
0.04924996
0.01691874
0.00309007
-0.03236739
-0.01306522
-0.03110088
-0.04673482
-0.10232722
-0.02307656
-0.05022769
0.05633747
0.02209177
-0.00978723
0.05817755
-0.02206260
0.00441380
0.03200158
-0.00944427
0.03532700
-0.02581874
0.01186231
0.05124010
0.00642524
-0.03540629
0.09128779
-0.00444616
-0.01265489
-0.00030138
-0.02307655
-0.07394960
-0.00339893
-0.02861600
-0.05635079
-0.01461860
-0.00788136
-0.02609152
0.00442759
0.02011002
0.01691410
-0.02627287
-0.00220658
0.02565967
-0.01528438
-0.03817689
0.06858957
0.00753477
0.00803288
0.00676463
0.01694440
-0.01577412
0.03755739
0.01064790
-0.04827571
-0.02386237
-0.01724422
0.03431236
0.02703052
-0.02483034
-0.05868656
-0.03432656
0.00211887
-0.00313143
0.05427046
-0.00494295
-0.05133545
0.02838009
0.00881598
0.00169709
0.01979868
0.04643265
-0.02070304
-0.06852137
0.00787619
-0.03809514
0.02182410
0.01391755
0.00024481
0.00303293
0.00497099
0.04052895
0.08041080
0.07180104
0.00545219
0.00249279
-0.02528254
-0.03256579
-0.00818101
-0.02688149
0.00596092
-0.03663497
0.00955175
-0.03465900
0.03009352
0.04043908
-0.00327178
-0.02928979
0.02276779
0.06444548
-0.04687995
0.04557336
0.02647413
0.01705567
-0.01521590
-0.02522328
0.00158637
-0.01316851
-0.01850217
0.00093477
0.00601168
0.00638477
0.00671645
0.00491426
0.00184764
0.02389929
0.04685175
0.00138311
-0.00481922
0.01742815
0.00445159
-0.01686156
-0.00011943
-0.00777499
-0.01845222
-0.02094316
-0.02524209
-0.04179627
-0.03189388
0.02431360
0.04239378
0.06307699
0.00899424
-0.01952477
-0.01476754
0.05266590
0.01985792
0.02276965
-0.04634566
-0.04610350
-0.02418582
-0.01205314
0.01841715
0.02448414
-0.03926389
0.00920584
-0.01440218
-0.00440721
-0.00020683
-0.01251201
0.00831043
0.01682384
-0.01104217
0.02794452
-0.02739861
0.04237955
0.06685065
-0.00755457
-0.07716105
0.02391330
0.02890669
0.04184731
0.01699159
0.01676907
0.03851680
0.01896604
-0.03243937
0.01722369
0.01723640
0.01984277
-0.00942781
0.01200212
-0.05603689
0.01518051
0.08457513
-0.01939722
0.00675120
0.02589200
-0.00085480
-0.00864659
0.03702271
-0.00559111
-0.01821428
0.01640876
0.00629128
-0.00183400
-0.06764912
-0.00970156
-0.00594748
0.01904274
0.01849741
-0.02772042
-0.02314788
-0.01066559
-0.02220136
-0.04818671
-0.00547210
-0.01271909
0.00316801
-0.00204929
-0.02685569
0.00910670
-0.00206438
-0.00559829
-0.00502899
-0.01732213
-0.01526293
0.04299631
0.00512380
0.00027403
-0.00493866
0.01271758
-0.04012245
-0.02111385
-0.05174959
-0.01328165
-0.04109937
-0.04230686
-0.05732649
-0.05626112
-0.02910745
-0.01339086
-0.00105384
-0.02754898
0.00425532
-0.01476122
0.01388961
-0.02129516
0.01032575
-0.00860257
0.01693329
0.00544357
-0.00417897
-0.00419526
0.04116097
0.01411977
-0.01472298
-0.02304523
0.02440801
-0.01221688
-0.01137193
0.02250857
-0.02500711
0.00019159
-0.01559605
-0.00285139
0.00684828
-0.01077983
0.00716306
-0.01668125
-0.00240179
0.00406764
-0.06494027
-0.00092201
0.02366001
-0.02249130
-0.01586925
-0.03621981
-0.01135610
0.02768202
0.00259891
-0.03444687
-0.01701206
-0.01277510
-0.02215123
-0.02075209
0.00034255
0.00336333
-0.00920868
-0.05371490
0.00620680
-0.00244870
-0.00232829
0.06902882
-0.00170094
0.01337880
0.00285103
0.00405804
-0.02872629
-0.01228542
0.02453777
0.01353263
-0.02151908
0.00674874
0.02411782
0.03646870
-0.02008384
-0.03215438
0.00531781
0.00866136
0.01355515
0.01239783
-0.00731652
-0.00541157
-0.00428694
-0.00633197
0.01608066
-0.02350712
0.00998569
0.03314403
-0.00301709
0.02115793
0.00386405
-0.02570471
-0.00502905
-0.01141713
-0.01253305
-0.03695333
0.00511653
-0.01426677
0.03813582
0.03119628
0.03977743
0.00726026
0.03580922
0.02922372
-0.02283835
0.00439772
-0.01298072
0.01458744
-0.03894114
-0.01153798
-0.02009153
0.05542195
-0.02617214
-0.03156656
-0.02559583
-0.02944406
-0.02257273
-0.02023349
-0.02110483
-0.02263301
0.06426718
0.02611325
-0.07091397
-0.00980005
-0.00783775
-0.08940708
-0.03350112
0.01494353
0.00832998
-0.09335702
0.04763827
0.07308600
-0.01501078
-0.03418303
0.03199767
0.05389730
0.06871808
0.02866258
-0.12253752
0.02491757
-0.01396413
0.07543411
0.01082896
0.05839252
0.02500627
0.04547331
-0.04918623
0.00344391
-0.00099791
-0.00009703
-0.00006675
0.03210098
-0.02909069
-0.03809398
0.05498373
0.00811397
-0.03647583
-0.02784435
0.04627417
0.01791439
0.04378916
0.09259515
-0.03212467
-0.00761267
-0.02575716
-0.04350568
-0.08721782
0.01540979
0.02320208
0.00328332
0.03735643
0.02189652
0.00931305
0.03087776
0.01288918
-0.11485132
0.00178188
0.05964699
-0.00563724
-0.01882684
-0.02258603
0.06940537
-0.01183156
0.00100743
0.01212604
-0.02935285
0.00923739
0.10453095
-0.01689672
-0.02068620
-0.07130948
-0.00303472
-0.01324279
-0.03338616
-0.03333715
-0.00505560
-0.06101529
-0.02684974
0.01237849
-0.01361709
-0.03847004
0.04552305
-0.03146953
-0.03133912
-0.00327532
0.01423926
-0.01417311
-0.04395976
0.00661832
-0.00674198
-0.04330333
-0.01035265
0.02022149
0.00818735
-0.00870583
-0.01913997
0.02232019
-0.02933670
-0.05015203
-0.01687852
0.00477877
0.00548172
0.01990285
0.00324372
-0.03364148
-0.01663557
0.02508877
0.00801879
-0.00388250
-0.02309181
-0.05881809
0.02805250
0.06103329
0.00063032
0.05523714
0.02018303
-0.01369633
-0.04022397
0.01045329
-0.03310528
0.00852207
-0.03728034
-0.03038316
-0.02195006
-0.01124871
0.05049222
-0.00109667
0.02399903
0.02730198
-0.01191469
-0.00365083
0.01163550
0.03061273
-0.02260850
-0.03569487
-0.04903208
0.01517351
-0.03692751
-0.01524037
-0.01582321
0.03179670
-0.00563251
-0.05835635
-0.03591873
-0.02167243
-0.01022409
-0.00127539
0.02497189
0.01805076
-0.02813052
0.00191175
-0.04879920
-0.00159270
-0.03595523
0.01540065
0.01429535
-0.01553227
-0.00637546
-0.02798773
0.00619929
-0.03104474
-0.05005267
-0.00844611
0.01512974
-0.00826757
0.00290592
-0.01599270
-0.03398407
-0.03783696
0.00353146
0.01693948
-0.02764698
0.00333699
0.03964312
-0.01056043
-0.03842373
-0.00131252
0.00124880
-0.04021250
0.00484242
0.02957734
-0.03949815
0.00308910
-0.02521253
-0.00748404
0.04741322
0.01682563
-0.03820316
-0.02707912
-0.01208098
-0.01188116
-0.00629702
-0.03062923
0.02158993
0.03710066
0.01594926
-0.01144617
-0.00566609
-0.00603596
-0.00760227
0.01987460
0.02743037
0.00991147
-0.02063423
-0.02157231
0.01048311
0.04397794
-0.00224859
0.01983688
0.01834903
-0.00097798
-0.00517603
-0.01573274
-0.03723028
-0.01107513
0.01491735
-0.00292623
-0.01720401
-0.01428451
-0.00398024
0.01508960
0.00010008
-0.02735773
-0.01709556
-0.01206356
-0.00722634
-0.00692500
0.01095855
0.01566150
-0.04811263
0.04283349
-0.01194271
-0.01961027
0.01110017
-0.00089770
0.01099586
-0.00643765
-0.01132280
0.00456025
-0.01451716
0.01164039
-0.02055601
-0.03506881
0.01677357
0.00710700
-0.01273526
0.03690995
0.03554270
0.02395498
-0.00479153
0.00308478
-0.01457541
0.01310675
-0.03101149
-0.01352014
-0.00986207
-0.01717509
0.00604464
0.03024816
-0.04369358
0.00397295
-0.01068698
-0.03602993
-0.04903616
0.06838515
-0.03300931
0.02615535
0.00724431
-0.00728931
0.02102442
-0.01029924
0.02278043
0.02414204
-0.01795039
-0.00063683
-0.04085032
-0.02108628
0.03395000
0.03734243
0.01692043
0.01450139
0.01912716
-0.01839970
0.00473777
-0.01333494
-0.00758377
0.02134850
0.01440915
0.01829543
0.01856289
0.02267145
0.00902578
0.01784281
-0.01232582
0.00401330
-0.00960281
-0.04143707
-0.00614352
-0.01991742
0.00515295
-0.03171976
0.01145875
-0.01806440
0.01344289
0.01431419
0.02144390
-0.04116045
-0.01501958
-0.00394691
0.02772534
-0.01023664
0.01352235
0.02013115
-0.02618169
0.01471887
0.01922196
0.03035298
-0.01562090
0.01738382
0.01691303
-0.03847330
-0.02996341
0.00839585
0.01610924
0.00070572
-0.02122176
-0.00062592
0.00363506
0.00225476
-0.00148933
-0.03493152
0.01142058
0.02688148
0.02386136
-0.00697532
0.00184806
-0.02474680
0.02485818
-0.00618604
-0.00123839
0.00644408
0.00679371
0.00029021
-0.01591643
-0.00249464
-0.01279876
-0.01432928
-0.01608842
0.01438995
0.00974902
-0.02083786
-0.00116925
0.02401289
-0.00601361
-0.00645191
0.00978669
0.00991716
0.02925720
0.00998117
0.00615237
0.00391445
-0.01092526
0.02743820
-0.02403600
-0.00572554
0.00902735
0.03479572
-0.01973485
-0.00512191
-0.02761395
0.00873322
-0.00450449
-0.01558555
0.00148222
0.00777712
0.03898578
-0.04241632
0.00003203
0.02383787
0.03246894
-0.03052301
0.01142063
0.00881999
-0.02732056
0.03296256
0.00260413
-0.03412366
-0.04187287
-0.02974228
0.02327035
0.00092814
0.01095164
0.00310031
0.00686041
0.07357538
0.01053488
0.02990362
-0.02968629
-0.03308103
0.00825437
0.02871134
-0.00910596
0.00066619
0.04205016
0.04609653
0.02223783
0.02052597
-0.07804115
-0.00889191
0.00944510
0.00271837
-0.02249706
-0.03246894
-0.01893726
0.01100959
0.01429156
0.01710243
-0.02939134
0.00865777
0.01353375
-0.00571657
-0.06528383
-0.03014519
-0.08757199
-0.01216006
0.03632479
-0.01895635
-0.09285325
-0.04944432
-0.02759612
-0.06954735
0.04871972
0.02992606
-0.00226609
-0.01489213
-0.00292681
-0.01059609
-0.00031099
-0.04260125
-0.04968624
-0.00130416
0.01460407
0.00562460
0.02213199
0.00848312
-0.01428637
-0.00359410
0.01480014
-0.01743726
-0.01856705
-0.01555336
0.01638443
-0.03604982
-0.04288987
0.00513513
0.04951850
-0.01136907
0.01630678
0.00485219
-0.07553682
0.04565575
0.03305938
-0.03118636
-0.02565860
-0.01402274
0.00566027
-0.01939900
-0.01264939
0.04007526
0.02412300
0.02105378
-0.02380762
0.00141913
-0.02014735
-0.00795694
0.03420490
-0.00020227
-0.00998113
-0.02111295
-0.03011794
-0.01292494
-0.02721837
-0.06203696
-0.00373098
0.01319281
0.00692731
-0.03054360
0.02267581
0.02491960
-0.02773673
0.03454496
0.01401345
-0.00392071
0.01713164
-0.03589034
0.05383134
0.03167384
0.06720748
0.01861331
0.02276408
-0.03044448
-0.01940404
0.03303362
0.00138880
-0.03957448
0.00606102
0.00308717
-0.01092544
-0.00383912
0.04637121
0.00614738
-0.02011302
-0.01928604
0.02966548
-0.02247998
0.05960095
0.00481399
0.01122613
-0.00457195
-0.04548424
-0.01568818
0.02031944
0.00038983
-0.00442174
0.05006390
0.00897047
-0.00307205
-0.01264063
-0.00683336
0.01806907
-0.00436168
-0.02003055
0.02014256
-0.01081629
0.01619147
-0.05353032
-0.00403260
0.00290729
0.01757986
0.03634502
0.02007342
0.02029744
-0.01534453
0.00062331
0.04476469
0.00197698
-0.06947678
-0.02777204
-0.00194681
-0.01034682
-0.04873564
0.02518209
-0.02257610
0.03458046
-0.00218076
-0.01841283
-0.01675214
0.00750824
-0.01523634
0.02863751
-0.02308585
-0.01868181
-0.03151735
-0.00430119
0.00870898
-0.00782823
-0.03501706
-0.02682662
0.01328199
0.00461438
0.02454048
-0.01447764
0.02573285
0.01638073
-0.05137341
0.00864780
0.02345758
-0.05572705
-0.02294172
-0.00414708
-0.01043708
0.02172312
-0.05703739
0.01960621
0.03516121
-0.03224471
0.10314125
0.00024015
0.05028239
0.03230666
0.03514273
0.00052898
0.00135595
-0.01495607
0.04028302
0.01848806
-0.01708793
-0.03852697
-0.00182647
0.04259706
-0.00311422
-0.05280293
0.01062304
-0.02621974
-0.00807312
0.01985137
0.00084326
0.02516631
0.01926990
0.01623894
0.01546146
0.01670790
0.00101917
-0.00702091
-0.00044485
0.01602772
-0.02050670
-0.02331000
-0.01380102
0.01337990
0.02626928
-0.02844854
-0.02162398
-0.00412923
0.02580841
-0.01066684
-0.06965937
-0.03712470
-0.01465259
-0.00607478
0.01181522
-0.03446436
0.03023375
-0.02790457
-0.00959753
-0.00077087
-0.02394427
-0.00473962
0.01894174
-0.01977431
0.03790852
-0.05309806
0.00543049
-0.03422702
-0.03396714
0.00675010
-0.04427329
-0.02785431
-0.03368026
-0.02070258
-0.02698502
0.00107659
-0.03923338
0.00357073
-0.00842835
0.01652761
0.00210562
0.01310713
-0.02017588
0.03371020
-0.00177201
-0.01087559
-0.00993014
0.02112821
-0.01287246
-0.03068058
-0.00395010
0.01883842
0.01460624
0.01025635
-0.01577113
0.02258552
-0.01774517
0.02202900
-0.01724309
0.00172086
0.01309410
-0.01017260
-0.01737075
-0.00407170
0.00181264
-0.03150782
0.03838260
0.03159877
0.02605740
-0.03473617
0.00647427
0.02646605
0.07402850
0.01451118
-0.06705226
-0.00657769
0.01148151
0.00699866
0.00372751
0.04203022
0.02803888
-0.02656765
-0.00317649
0.00159509
-0.01762459
0.01692583
0.00157096
-0.04169769
-0.02932043
-0.02823716
0.00801608
-0.00776775
0.01835083
-0.04470765
0.00089983
-0.02847615
0.02330321
0.01458811
0.01243712
0.01657041
0.04024966
-0.01759253
-0.00981805
-0.00085659
0.01664107
0.01867744
0.00280339
-0.02442249
-0.03036196
-0.01220363
-0.02021040
-0.05441226
0.00064058
0.03741394
-0.00206157
-0.02468796
0.01704875
0.02443451
-0.00409218
-0.03377680
0.04623067
0.00943396
-0.03174904
0.05530022
0.00747170
0.00494961
-0.00125456
0.04306654
-0.00695674
0.03611229
-0.00998519
-0.03460413
-0.04366850
-0.01862310
-0.04220041
0.01396216
0.01321306
0.01233921
0.00147487
0.03746898
0.03556868
0.01927561
-0.01509516
0.00719836
0.00972330
-0.01611326
-0.00746999
-0.04181641
0.01500573
-0.02905726
0.00991148
0.02880410
-0.01912853
0.00679835
0.00684050
0.01390238
0.01190298
0.00507452
0.00599784
-0.02644617
-0.00146172
-0.01264027
0.00290406
-0.02631165
-0.01727561
-0.01067749
-0.01023337
0.00224285
-0.03123103
-0.01262669
0.01962978
-0.03384836
0.00218880
-0.03695193
-0.01604968
0.01868924
0.00318683
0.00770392
0.01449927
0.00338295
0.01357470
0.01008060
0.01840853
-0.00976131
0.01111153
-0.01338529
0.01675156
-0.00913913
0.00153077
0.01917637
0.00100598
-0.02463656
0.02613120
-0.01544051
-0.01631937
0.01279193
0.01175239
0.02169059
0.00733762
0.00120794
0.03418540
-0.03719336
-0.03860643
-0.01406015
-0.00423581
0.00247036
0.00804413
0.03521064
-0.00869333
0.01886464
0.00120146
0.01983917
-0.00053999
-0.00485496
-0.02032077
-0.00096677
-0.03309178
0.01639417
0.00067678
-0.00514793
-0.00120474
0.02881061
0.02131707
-0.01581263
0.00902816
-0.04669307
0.04050516
-0.00007422
-0.01906795
-0.00624895
0.01063965
-0.00668816
0.01258564
-0.02628982
0.00919509
-0.02422042
0.00630947
0.01793223
-0.02998215
-0.00528015
-0.02336440
0.00062647
0.01595352
-0.04318686
0.01233670
-0.01705227
0.04169696
0.02112767
0.01550095
0.01713271
0.00411353
0.00339856
-0.01877705
0.01997851
-0.01481126
0.00695566
0.03049448
-0.01415940
0.01739835
0.01882556
-0.05008201
-0.04416369
0.00247154
0.00160654
0.01199888
0.03419787
-0.00322822
-0.00644018
-0.06039207
-0.00581271
0.00747254
0.04728294
-0.01178576
-0.02326829
-0.00217004
-0.00113164
-0.00434831
0.02005362
0.01152664
-0.01009503
0.01034614
-0.03333627
0.01180314
-0.02719358
-0.00679563
0.00390090
0.00992995
-0.00686914
-0.00665881
-0.01347495
-0.00466706
0.01129792
0.05235062
0.01023095
0.01544783
0.00026943
0.01327996
0.01419582
0.01425998
-0.02434091
0.00404439
-0.00016745
0.00088673
-0.05137715
-0.01198303
0.04604377
0.01481265
-0.00837258
0.03350999
-0.01099939
-0.03671162
-0.03638128
-0.00864365
0.01071126
-0.01060093
0.00034743
-0.02198363
-0.01098539
-0.02325169
0.00425471
0.01672286
0.00131672
-0.01049473
-0.01845255
-0.01835026
-0.00277715
0.01102583
0.04936186
-0.02126838
-0.00198529
-0.01890047
0.01589977
0.00214535
0.00232990
-0.02708649
-0.00833579
0.00257981
0.00155702
-0.01213144
-0.00497871
0.01576146
0.00367483
0.01938905
-0.01304550
-0.03421447
0.00240789
-0.00695966
0.01651710
0.01262232
-0.01820271
-0.01853131
0.04265219
-0.00558681
-0.01900910
-0.04098573
-0.03228362
-0.02536007
0.01410013
0.00431399
-0.01360839
-0.03884332
-0.04585170
0.02084581
-0.02556373
-0.01039067
-0.03627174
-0.00999396
-0.00639470
-0.00972891
0.00036490
0.00942395
0.00707922
0.00217914
-0.00593660
0.02313310
-0.02938698
-0.00303437
-0.03775368
0.02471993
0.01088704
-0.00501643
0.02628631
-0.00622646
-0.00932270
-0.00310646
-0.00526331
-0.00688388
-0.01886295
0.05258028
0.00548253
0.01851062
-0.02001871
0.04506056
-0.00350069
0.03086696
0.01253773
0.02267256
0.00217903
0.01871285
0.05297493
-0.00836853
0.00197697
0.00259533
0.02705076
-0.01296296
0.00905741
-0.00049385
0.00786416
-0.01105033
-0.02082569
0.00209364
-0.00394205
-0.00947361
-0.02518354
0.02890461
-0.01626048
0.00599310
-0.02992557
0.01530846
0.04396371
0.01433264
-0.01139897
-0.02251874
0.00528377
-0.00686754
-0.03360990
0.01153850
-0.01603291
-0.00972061
0.10708992
-0.00304980
0.04013065
-0.04142958
-0.09471127
0.04530955
-0.05549125
0.01527693
0.01872092
-0.01455274
-0.03632750
-0.00574092
-0.03578142
0.10314557
-0.00772293
-0.01496192
0.00717739
0.07158199
0.01779117
-0.08513702
-0.00844972
0.12112302
0.11140309
-0.02325104
0.04353789
-0.01051067
0.13257082
0.01652344
0.04493443
-0.01283639
0.04919114
0.01473133
-0.01275638
0.03420044
0.05962517
-0.04031751
0.02873089
-0.00759049
0.11210545
-0.00063022
-0.03143021
-0.01894279
-0.08294559
-0.00452288
0.02278660
-0.03014948
0.01355479
-0.00146979
-0.03973807
-0.01608314
0.00655576
0.01515392
0.00537065
-0.00871040
-0.03064530
-0.01590427
-0.02366506
-0.01332069
-0.01343771
-0.00438296
-0.02660804
-0.04174221
-0.03858003
-0.02581455
-0.00752412
-0.00710255
0.01283295
-0.04410894
-0.01963453
-0.03231706
-0.00563822
-0.00892787
-0.04591011
-0.07246669
0.09267910
0.02941238
-0.00642941
-0.11409908
0.01898808
-0.01074706
-0.02201929
-0.03226052
-0.03552197
-0.06413698
0.00979838
-0.06029166
-0.01314044
-0.00024787
-0.03545479
0.00145469
-0.02386064
-0.00636373
0.01410884
-0.03286760
-0.05556926
-0.02375034
-0.01235834
0.01701795
0.01912384
0.03112363
0.02068089
-0.01312598
-0.00885533
0.06115511
-0.00849255
-0.02420055
-0.01044708
-0.02175105
0.00191362
-0.02252073
0.01454714
0.01374910
-0.00346121
0.00724850
0.00457944
-0.00241509
0.03863258
-0.06156771
-0.00709371
0.00523453
-0.00801202
-0.07975492
0.00055811
0.00152430
-0.04114176
0.03979069
-0.02504717
-0.04267171
-0.02009976
-0.00203423
0.01165154
-0.03016026
0.00968571
0.00174470
-0.01931199
0.00545778
0.01801967
-0.01007263
0.02767244
-0.00662012
0.05249662
-0.02589169
-0.01334628
0.00731751
0.01784765
-0.03669914
0.03944915
0.04074260
0.00677111
-0.04179136
0.00046238
0.03008672
0.01383599
0.03762080
-0.00593719
0.07402215
0.00673848
0.01568025
-0.04428690
0.00307766
-0.04838191
-0.00804172
0.00628992
-0.02437293
0.01154753
0.00385978
0.01715046
0.01479631
0.00328077
-0.02812246
0.01495220
0.03887949
0.00140820
-0.05464672
-0.00939138
0.00874046
-0.01569438
0.02100161
-0.01927663
-0.03245430
0.00382541
0.02269713
0.02934754
-0.01985402
0.03032855
0.00075063
-0.03456900
0.03957930
-0.04433187
-0.01062910
-0.00621580
-0.01447603
0.00372052
-0.01700788
0.01118412
0.00265404
0.02121084
-0.04870866
-0.01860907
-0.02896005
-0.01565568
0.00140897
0.00140237
-0.00299406
-0.00869477
-0.00199412
-0.02035564
0.01830579
-0.01310654
-0.00029978
0.04944511
-0.00212531
-0.03308949
0.02513450
0.03117838
-0.00111739
-0.02400500
-0.03873897
-0.03507185
0.01262779
0.00221180
-0.09898368
0.02637170
-0.01673467
-0.01573274
-0.00382699
-0.00915589
0.04250378
0.02114588
-0.03810949
-0.01987040
0.02393557
-0.01425377
0.02546766
-0.00063236
-0.03642166
-0.06395337
-0.01425127
-0.01495303
0.00626558
0.00492932
0.00584795
-0.02732315
-0.00092427
-0.00185618
0.00377472
0.02237362
0.04449467
-0.01028638
-0.04030748
0.00052998
-0.00044271
0.00341949
0.03329937
-0.04504796
0.01138560
-0.02039331
0.00060200
-0.05456509
-0.03846533
0.03302023
-0.02990218
0.00389290
0.02120235
0.02177610
0.01755772
0.01211172
0.02839973
-0.00289727
0.01941122
0.03439704
0.00661905
0.00991025
-0.00178251
-0.00282762
-0.02176145
-0.04129682
-0.01841637
-0.01357885
-0.00558013
-0.02052151
-0.00513440
-0.02989227
-0.00860193
-0.03138679
0.01926033
-0.00945343
-0.01959775
-0.07568510
-0.02124163
0.01685530
0.01106606
0.00854250
-0.04909501
-0.02030389
-0.00677018
-0.02342921
0.00112428
0.01366351
-0.00017236
-0.02751748
0.09210315
-0.04097739
0.02928568
-0.00820820
0.07680497
0.01310434
-0.03456696
0.00524580
0.01070264
-0.08956568
0.02648601
-0.04258421
0.04240711
-0.00406799
0.00752961
0.05660932
-0.01983617
-0.00535005
-0.00528075
0.03243956
0.00903389
0.03922669
-0.00311099
-0.02852900
0.02435515
0.06362690
0.00826314
0.06681487
0.00784772
0.02318124
0.01570388
0.03806969
0.00451369
0.00754700
0.04389115
-0.02127697
-0.02418667
0.05572023
0.02024010
-0.01469608
-0.00147921
0.05952835
0.01069884
0.00951684
0.00647979
-0.01935152
0.00931151
-0.00139397
0.00944760
-0.02073422
-0.02546855
-0.02125817
-0.02701522
-0.00256263
-0.01355278
0.04344957
0.00396839
-0.01327794
0.03214674
-0.00206093
-0.01369460
-0.00547295
0.07567522
0.01637482
0.04704543
0.01034490
0.03677585
0.02675725
0.00294697
0.00060541
-0.01276411
0.01424502
0.01389031
-0.02514630
0.04279572
0.06277075
0.00612190
-0.04271232
0.00749399
-0.02939896
-0.00403731
-0.00194167
0.00985038
0.01495852
-0.00751458
-0.07537252
0.02344243
0.02696487
-0.00392192
-0.00179454
0.00516463
-0.03139016
0.00980657
0.02703174
-0.03504821
-0.00833345
0.01609119
-0.03343536
0.02015980
-0.06831222
0.03426550
-0.01931068
-0.00852399
0.07171831
-0.03992120
-0.00209311
0.03639137
0.06048921
0.01349454
-0.06465036
-0.13248485
-0.07681838
0.09871214
-0.01870549
-0.00435822
0.02657180
0.03140379
-0.04994370
-0.04775986
-0.03259068
-0.01585924
-0.00842897
0.01473581
0.04104767
0.00157663
0.01810502
-0.04321031
0.03504791
-0.06778717
-0.03247523
-0.03263111
-0.04708249
0.01826494
-0.01392152
0.01256426
0.04413425
-0.01811080
-0.03377594
-0.04195473
0.03338592
0.08991145
0.03617190
-0.01313691
-0.01515059
-0.01945601
0.01756364
0.00021169
0.00190017
0.01306102
0.13482438
0.00287298
-0.00446726
0.01699098
0.00893423
-0.00143335
-0.04339816
0.05293102
0.01005447
-0.01772737
0.01746342
0.00319911
-0.04451242
0.03271984
-0.05273897
0.00378677
-0.02619147
0.03359649
-0.03132291
-0.04469224
0.01693738
-0.05215149
0.06131536
0.02364739
0.00643354
0.04778719
0.00026638
-0.00660376
0.00164180
-0.02697689
-0.00343311
-0.05209383
-0.01456852
0.01415611
-0.02171181
0.00518989
0.05383060
0.02131215
-0.01807239
-0.02492713
-0.03486982
-0.01008223
-0.01604189
-0.04746994
-0.03555425
0.06083309
0.00600882
0.00001841
-0.01380546
0.04049692
-0.02411181
-0.05285565
-0.01228778
0.02382758
0.01564936
0.03591805
0.01623828
-0.02200267
0.00631323
0.00164925
-0.00805475
-0.06570370
-0.00112498
0.01607862
-0.01274884
-0.02453591
-0.02327847
0.02727959
0.01158118
-0.00226639
0.04139535
-0.01670338
0.00039043
-0.00842937
0.00597539
-0.04056962
0.01099785
-0.00524372
0.06045388
-0.00501584
-0.00704667
0.05766210
-0.01579959
0.00082073
0.00756602
0.02735881
0.06086015
-0.00395026
-0.02701118
0.02529951
0.02631922
0.03590034
-0.01814003
-0.02356330
-0.04089195
0.00273580
-0.04411971
-0.02610387
0.04288533
0.01278858
-0.04842713
-0.03914564
-0.01037140
-0.02445705
0.05292665
0.00112486
0.02186639
-0.01840406
-0.01004214
0.00503445
-0.01786186
0.00051601
0.00548491
-0.01825732
-0.00805654
0.02219597
0.02071081
-0.00549780
0.08636143
-0.00526223
0.00625104
0.00610910
-0.03834874
-0.05758004
0.02081710
0.02171228
-0.01687001
0.00009601
-0.00410067
0.00864122
0.02238806
0.00822397
-0.01848017
0.00574458
-0.03906604
-0.06513563
-0.01709989
-0.01578174
-0.01424182
-0.00259657
0.07589951
0.00475515
-0.08667788
-0.00519188
0.05307123
0.02128732
0.02060316
-0.05836651
-0.02420568
0.00142645
-0.02668188
-0.01848697
-0.07412762
0.00592713
-0.05217372
-0.02131360
-0.05203897
0.00066756
0.00890755
0.00048763
-0.04075745
0.04571300
0.00348919
-0.02295156
-0.05415797
-0.01674083
0.03162802
0.01543654
0.03981888
0.01562883
-0.05625487
-0.00618320
0.00942419
0.01054461
0.02967615
-0.04967231
-0.00057084
-0.03774478
0.00311444
0.01646855
0.01453745
0.01583710
0.00170194
0.07785507
0.00003156
-0.02029329
0.00290539
0.01676461
-0.00914337
0.01510539
-0.04636134
-0.06208590
-0.02192097
-0.05644415
0.02245109
-0.00114861
0.00625785
0.01776065
0.01094365
0.03272594
-0.00561599
-0.01213361
-0.03928704
-0.00226021
-0.00476372
0.00847624
0.01956616
0.03198749
0.02282585
-0.02290422
-0.04516012
0.01490234
-0.00880053
-0.04821085
0.02224425
-0.03733682
-0.04212070
0.01351793
-0.04383073
0.04828823
0.02069847
0.04651390
-0.02159418
-0.00834264
0.00636936
-0.03199509
-0.00149884
-0.00278121
0.03661692
-0.02687046
0.03171650
-0.00503066
0.02578963
0.00177950
0.03233644
0.01294510
-0.02349047
0.00185144
-0.00930149
0.00107765
-0.00637247
-0.01606921
-0.00854035
0.03328142
-0.01924566
-0.00448879
-0.04249431
-0.00164480
0.01314076
0.08707743
0.03688794
-0.03577953
0.02770521
-0.01623992
-0.02175413
-0.00798948
0.01229893
-0.00830157
0.02004711
-0.00876677
-0.00396516
0.01802087
-0.00070737
0.00650563
-0.03193917
-0.01755296
-0.02679228
-0.04105836
-0.00057774
0.00713241
0.00091286
0.01543689
-0.00918124
-0.02246289
0.01534870
0.00277745
0.00892334
0.02928806
-0.03450718
-0.02369957
-0.00517619
-0.01627005
-0.01705769
0.03028232
-0.04577114
0.01193100
-0.00704066
-0.01076597
-0.06980387
0.00508566
0.00403620
0.01057224
-0.01177077
0.00602843
-0.01663073
-0.01640095
-0.02723461
0.01186876
-0.02067013
-0.02269660
0.02750511
-0.00953399
-0.00042712
-0.01300399
0.00250469
-0.02033247
-0.01178093
-0.03321700
-0.01168551
-0.01343966
-0.02186804
-0.01699098
-0.00263060
-0.02211686
-0.01840391
0.01679072
0.01611410
0.01432721
-0.02312519
-0.01215011
-0.00294844
-0.02230631
0.03390507
0.00322628
-0.00885402
-0.01708414
-0.01622651
-0.00921575
-0.01232557
0.00051287
-0.00049453
-0.00670004
-0.01218254
0.00104479
0.02518748
-0.00303905
-0.00632717
0.00396767
0.01194226
-0.01437781
-0.02147896
0.00724689
0.00279404
0.02864343
-0.00872380
-0.03462512
-0.02881533
0.03583089
-0.03515125
-0.02862331
-0.02528748
-0.00027431
0.00925183
-0.01946674
0.00459626
-0.00544799
-0.01550932
-0.02157903
-0.01147215
-0.00661960
0.00193018
0.00115299
0.01402819
-0.02184843
-0.01269129
-0.01203085
-0.03670519
0.00909511
0.00747285
0.00192774
-0.01293181
-0.01440362
-0.02203400
-0.01494084
-0.01375301
0.02732418
0.00298960
0.01809840
-0.02420777
-0.02270555
-0.00857995
0.00462405
0.01910777
0.02883147
0.03266480
-0.00820371
0.02361179
0.02366312
0.02200910
0.02689176
-0.02111673
-0.01723175
-0.01070690
0.02623553
0.01811987
0.00717857
-0.02976616
0.00878297
-0.02369215
0.00804773
-0.01117041
0.02594686
-0.00240017
0.03062830
0.01588408
0.01691067
0.03891177
0.02493977
-0.00177426
-0.01973809
0.00477488
-0.00825226
0.01436733
-0.00501244
-0.00913360
0.00569798
0.01265907
0.01267159
-0.02849688
-0.00766786
-0.02309592
0.01825389
0.03046328
0.01781066
-0.00132479
-0.00347980
0.00142936
0.00002396
-0.02328600
-0.03877345
0.01907405
0.00177785
0.01911994
-0.00732510
0.00271717
0.02581871
0.03042652
0.01455551
-0.01150772
-0.01753990
-0.00586985
0.01523759
0.02534752
-0.00030862
-0.01648345
-0.01360831
-0.00613443
0.00532386
-0.02704396
0.00998853
-0.00282417
0.00953179
0.00458384
-0.02241534
-0.00439543
0.00941225
0.03135558
0.02185128
-0.00724032
-0.02030472
-0.00669064
0.00337519
-0.00555711
-0.00619075
-0.00647504
0.01076254
-0.01436446
0.01329547
-0.01350370
-0.00966396
-0.00874325
-0.01474716
-0.00447974
0.00076727
0.02025482
-0.00862837
0.00495128
-0.01046139
-0.02576409
-0.00869554
0.00166761
0.00273190
0.00973568
-0.02140657
-0.01084145
-0.02620114
-0.01053299
0.01644215
0.00448121
-0.00204773
-0.00329820
-0.03466897
-0.02672588
0.00538158
-0.00179194
-0.00483905
0.02055832
0.01672646
0.02637913
-0.01765002
0.01418276
0.01302557
-0.05360969
-0.00929531
-0.00779003
-0.00871639
0.01402295
-0.03334349
-0.00478276
-0.01987869
0.05056477
0.03616218
0.02033264
-0.01098200
-0.04440835
0.00249725
-0.01382754
0.05835562
0.05682602
0.03446534
0.04039085
0.03234633
0.05364234
-0.08635310
-0.02395202
0.02842852
0.03009913
0.00366091
-0.01426968
0.03685574
-0.04702823
0.09370087
0.01424603
-0.01468947
-0.04897881
-0.00758015
-0.00385089
0.06939506
0.05739659
-0.00515202
0.00051492
-0.00368042
0.01239232
-0.00016201
-0.01049342
-0.00232050
0.01309857
-0.01899525
0.01883842
-0.01308302
-0.01729581
-0.01760005
-0.01726033
0.00007203
-0.03899503
-0.01839453
-0.01556992
0.00774542
-0.02676595
-0.01013177
-0.04680849
-0.02468707
-0.00655309
0.03798348
-0.01361024
0.03814457
-0.00323965
-0.01588784
0.01141242
-0.01483335
0.01679903
0.05954514
0.00626248
-0.01998287
-0.02190496
0.01511639
-0.05802767
0.01151521
0.00037344
-0.00346029
-0.00009383
-0.00332307
0.02647624
-0.02891267
0.00810830
0.02916570
-0.00867888
-0.02361589
0.08189608
-0.02554258
0.01535074
-0.01127178
0.01002734
0.01967391
0.01179013
0.03999238
-0.02874419
-0.02470625
-0.01812833
-0.03491623
0.01918975
-0.03782216
-0.00244100
0.01178167
0.00519425
-0.02041684
-0.01618517
0.04247541
0.02878247
-0.01862573
-0.03437560
-0.05814445
-0.01178300
0.03001019
0.03370520
-0.00560930
0.01378366
-0.00008693
0.00582835
-0.00565862
-0.01373711
-0.00997671
-0.03606825
0.01239559
0.01296887
0.01057639
-0.02380888
0.00927611
0.02392853
-0.00451398
0.00922517
-0.02938560
0.01572743
-0.04616658
0.02330419
0.00771878
-0.00831302
-0.00462716
-0.01573990
0.00654342
-0.00984589
-0.00583882
0.00328015
0.00152509
0.00654795
-0.03368125
0.02187806
-0.02086083
-0.01101421
0.00640292
0.01099706
-0.00676827
0.01931780
-0.00506372
0.03206405
0.04407347
-0.00109788
0.00609414
-0.02326614
0.02488189
0.00398250
-0.01705968
0.02386820
-0.01252748
-0.00395013
-0.01207586
0.04533654
0.02465019
0.01954392
-0.03410773
0.00549266
0.02047520
-0.00216727
0.00697142
0.00039945
0.00299316
-0.00371687
0.02544436
-0.01279280
0.01258749
0.01205903
-0.00306174
0.01704008
-0.01373335
0.01696189
0.03718349
-0.00073855
0.03972344
0.02174706
-0.01741872
0.00346293
-0.01005112
-0.01026970
0.01810953
0.01057892
0.02416806
-0.03525930
0.02904491
-0.00143704
-0.01983740
0.00847492
-0.01025580
0.02065910
0.01424358
-0.04583851
-0.02621232
0.05728262
-0.04167482
0.02224668
0.05657248
-0.00549153
0.00549124
-0.05524662
-0.00401824
-0.03178848
-0.01048428
0.01684268
0.02569702
0.01043783
-0.00093035
-0.01342435
-0.02956586
0.00944089
-0.05446413
-0.00690867
-0.00689806
-0.04668863
0.01114515
-0.02764289
-0.00079155
-0.02707268
-0.02482165
-0.01947093
-0.00888932
-0.01864944
-0.02297656
0.00270607
0.00656975
-0.00166471
-0.02729375
-0.00306540
0.01298061
0.00238658
-0.01346803
-0.02927139
0.04357744
0.00674677
0.00805529
-0.00362023
0.01568308
0.01577981
0.02392808
0.02943493
0.02095599
-0.03533852
-0.01034331
0.00961769
-0.00178643
-0.00235713
-0.07067934
-0.01881814
0.00535168
0.04772259
-0.00491527
0.00252566
0.02530248
-0.04231268
-0.01648037
0.00621647
-0.01959976
-0.01651339
-0.02508867
-0.02978311
-0.01147134
0.00698743
-0.00092448
-0.00263069
-0.03130791
-0.02661073
-0.03496207
0.01193992
0.00810283
0.01100610
0.01685605
0.00495838
0.01414782
0.03263758
-0.01897251
-0.04011037
0.02885141
0.00228730
-0.02075841
-0.00891218
-0.05056945
0.02165205
0.01939777
0.01541094
-0.05018314
0.03736628
0.03143216
0.03976066
-0.00570108
-0.01354073
0.05573055
0.00574073
0.03204997
0.01691080
-0.01849996
0.00584783
-0.03897157
-0.00504349
-0.00120922
-0.04432976
-0.03128772
0.03669845
-0.02689245
0.01656080
0.03115482
-0.02260198
-0.00517992
0.03439062
-0.00962898
-0.00814957
0.00433477
-0.02710497
-0.03003281
0.00936356
-0.03207725
0.03394577
0.00473312
-0.02947018
-0.00291626
-0.02268786
0.02409795
0.00731733
-0.04456031
0.01402895
-0.01719363
-0.04339835
-0.01292028
-0.00933661
0.03391496
0.04744082
0.03567562
0.01018908
0.01854830
0.03914375
0.01949451
0.00512790
0.01401355
0.05510416
-0.00921055
0.03979715
-0.05321199
-0.00299518
-0.01251874
-0.01571723
-0.02008928
0.00510894
-0.01877147
0.00245145
0.00379784
-0.01530337
-0.00113988
0.00554915
0.03720513
-0.00362780
-0.00883940
-0.02903043
0.00369709
-0.00759535
0.07181072
-0.03157875
-0.01260683
0.03636065
0.04256588
-0.00158463
-0.00348708
0.02407573
0.01570855
0.02894689
0.02383520
0.02208090
-0.03409414
-0.00103659
-0.01109429
-0.00813011
-0.00542066
0.02428765
0.03135683
0.00739833
-0.02872386
-0.03118819
0.01520826
-0.03514402
0.02755140
0.04114031
-0.03082289
0.01231396
0.02102212
-0.01524010
0.02849051
-0.01110280
0.00648517
0.04043683
-0.05124304
0.04231791
0.01149395
0.04300558
-0.00512977
0.01533895
-0.00329868
0.03303534
-0.02834266
-0.02317649
0.02170234
0.00725085
0.00581835
-0.02942929
-0.01381378
0.05045882
0.00009873
-0.00963125
0.01740279
0.01075712
-0.04407074
-0.05910066
0.04543177
0.01684601
0.01979909
-0.00311463
-0.02840549
-0.01060570
-0.01783809
0.03229658
0.01594847
0.01246473
0.00577916
-0.04152486
-0.07007788
-0.00013037
-0.01165929
0.03993787
-0.01313696
0.01817904
-0.01839764
-0.01185103
-0.01281328
-0.03885456
0.00852631
-0.00723729
-0.00844825
0.01094655
0.00813409
0.01644283
-0.00296685
-0.02641601
-0.00486824
0.02596171
-0.01358409
-0.04506617
-0.01156612
-0.00313333
0.00265019
-0.00098943
0.02584616
-0.00250300
-0.03209759
-0.00073421
0.00670418
-0.02799409
-0.00428753
0.00020845
0.03393823
0.00523458
0.04373512
0.02643508
-0.02386313
0.01990212
-0.01361598
-0.00514507
-0.00161376
0.03207618
0.02664826
-0.01027989
0.01182143
-0.02712409
0.01533368
0.05813231
0.02558230
0.01141570
0.01702280
-0.01735138
-0.02462769
0.05985364
-0.00162591
-0.03984651
0.03308175
-0.01291213
-0.01555373
0.00536922
-0.00118527
-0.00815502
0.00774610
-0.01111378
0.01385106
0.01694555
0.01605399
-0.04071427
0.01291599
0.01550222
-0.03140232
-0.00336346
-0.02172804
0.01352212
-0.02654401
0.02755412
-0.02574798
-0.00529790
0.01280886
-0.02801012
-0.00830497
-0.01134648
-0.02487320
0.01720547
-0.01486191
-0.04589296
-0.00260945
0.03703771
0.01303372
-0.04286494
-0.02212748
-0.02039147
-0.03250476
0.01703605
-0.02904805
-0.00249161
0.01697904
0.01096144
0.01452283
-0.03327750
0.01515993
0.03252847
-0.01089625
-0.02550552
-0.00107109
0.01967369
0.02617449
0.02654406
-0.03291292
-0.00591814
-0.02672359
0.00602078
0.01910149
0.00097144
0.02477282
0.02959000
0.00113255
0.00906591
0.01297382
0.01938165
-0.00505975
-0.04250171
-0.00422333
-0.01531423
-0.00184459
-0.01201374
0.00116681
0.00217923
0.04142651
0.01196104
0.01746380
0.01086039
0.03431997
0.00716717
0.02744933
0.01397009
-0.00448798
-0.00831179
0.01137335
-0.03783609
0.02408929
0.01356031
-0.00725773
-0.00625237
-0.01178942
0.04581491
0.02214660
-0.02377910
0.00044351
-0.01495124
-0.00290810
0.04646827
0.02263696
0.01237537
0.00875052
-0.00789135
-0.00473024
0.00242522
-0.00315447
-0.04702067
-0.00567902
-0.02280806
-0.00291779
-0.04306604
-0.01747961
-0.02197160
-0.02955883
-0.03780477
0.01710530
-0.02475894
-0.05777392
-0.00865750
0.01701485
0.07150754
0.02521082
0.00079482
0.02385285
0.01286532
-0.00315537
0.03148451
-0.01442141
-0.00567156
0.00763547
-0.00918980
0.01702407
0.03485958
0.01144929
0.01166196
-0.03038805
0.08564964
-0.02451964
-0.01047717
-0.01833966
0.01453583
-0.06084217
0.02467641
-0.00226394
-0.00088181
0.00517507
0.00027398
-0.03423447
-0.00576686
-0.01871857
0.04422332
-0.02564151
-0.00432901
0.00603242
-0.00001107
-0.04016218
-0.04651998
0.00107826
-0.01886832
0.01100590
0.00143355
-0.00644158
0.01483401
0.01277601
0.04020074
0.00796118
-0.05198627
0.00530483
-0.01841490
-0.03211598
0.03129178
-0.00927147
0.03579725
0.04213921
-0.00075735
-0.03524529
0.01658691
-0.03328658
0.03084443
-0.06794456
0.04035934
-0.01325367
0.00002487
0.03816951
0.00655124
-0.00505377
-0.01115442
0.01435927
-0.02037532
-0.00559637
-0.01360928
0.01928025
0.06405633
0.05197821
0.00430018
0.04897752
-0.03711367
-0.00921753
-0.01087870
-0.02625694
0.00300740
0.00575328
-0.01746345
0.01951546
-0.01686587
-0.04649422
0.01053263
0.02884873
0.01089872
-0.04648027
-0.04650795
-0.02113000
0.00584751
0.05883095
-0.01685000
-0.00787088
-0.06327879
-0.04226569
-0.01452261
-0.00220485
-0.01793963
0.02390707
-0.01216737
0.05758731
0.02870427
0.00071097
0.03151071
-0.01396800
0.01877139
0.01824826
0.02604882
-0.01914377
-0.00777809
0.02710566
0.06428484
-0.03261333
0.02277686
-0.00302091
-0.01389259
-0.01266187
-0.02175580
0.00602426
0.01518206
0.01106857
0.01465200
0.04377426
0.03242572
-0.00461252
0.06242316
0.01649821
-0.00770055
-0.01942113
-0.01090550
-0.03586702
0.02253001
0.04607241
-0.02723380
-0.01073341
-0.02738252
0.01058692
0.00230876
0.01424799
-0.00850704
-0.04933392
-0.00008613
0.00474152
0.00909222
-0.01524564
0.01009637
0.02106806
0.02987006
0.02264053
-0.07098588
0.00624169
0.03543420
-0.02554471
-0.07074006
-0.03342085
0.03589215
0.06872762
0.05197757
-0.01087927
0.01880958
-0.01908435
0.01766992
-0.02990942
-0.01951369
-0.00916292
0.02302023
0.00709864
-0.02109906
-0.06390862
0.04244373
0.01541035
0.00450343
-0.01069154
-0.00479912
0.03227751
-0.02374273
0.00492347
0.00725974
0.01957130
0.01121135
-0.03491621
-0.00114391
0.04906336
-0.02932098
0.01782352
0.02197598
0.09086963
0.03515103
-0.01204325
0.03083117
-0.00723018
0.02050994
-0.01462792
0.01646817
0.01005959
0.08235602
-0.00783927
0.03673285
-0.00280853
0.03052738
-0.01733980
-0.01163921
0.00246893
-0.02365609
-0.03101867
0.01838606
0.00879144
-0.02970940
-0.03835362
-0.01933423
-0.00126656
0.02525159
-0.02072691
-0.04712555
-0.01531909
0.03670017
0.00747197
-0.02049707
-0.00270094
0.02062885
0.00671196
-0.03413389
0.01859118
-0.00564740
-0.02523264
-0.04495937
-0.02736069
-0.04338585
0.03217015
0.01440710
-0.02038867
-0.01746884
0.02278399
-0.03458212
-0.05539202
0.00152802
0.04000093
0.03485953
0.00924087
0.00157178
-0.02500166
-0.01427107
-0.02248565
-0.05741598
0.00380150
0.00676907
-0.02648917
-0.05600469
-0.00912452
-0.00072573
-0.01890930
-0.02346932
0.00528119
-0.01816561
-0.02405916
-0.03555695
0.00225383
-0.02103180
-0.00832280
0.03445596
-0.00074067
-0.00406704
0.01411012
-0.02900006
0.00042988
-0.04691919
0.03800710
0.02833706
-0.01392930
0.02085770
0.04312521
0.00320330
-0.02843997
-0.00592633
-0.01934336
-0.01491758
-0.02268372
0.05270915
0.04706319
0.00616325
0.00453868
-0.03962233
-0.02002175
-0.01671437
0.10172895
0.02825918
-0.05352672
0.01308080
-0.02526080
-0.01588521
0.01071164
-0.02224718
0.06724060
-0.01449236
-0.02438508
-0.04128642
0.03368283
0.02486716
0.02280693
0.02887528
-0.01839248
-0.01887248
0.00825891
0.04044702
0.01295858
0.00183962
-0.00271229
-0.00088360
-0.02364787
0.01859209
0.01207518
0.00736163
-0.03309677
-0.02884608
-0.05702704
-0.02513606
-0.02214980
0.03311732
0.03679736
-0.02564599
-0.01219723
0.01998565
-0.01736805
-0.06573457
-0.01079295
0.01632682
-0.01978312
-0.03617125
0.00093024
-0.00283182
0.00542981
0.00182046
-0.01299353
-0.02048813
0.00362857
0.05685789
0.01466441
-0.00842824
-0.02214819
0.00260186
-0.05342073
0.01985189
-0.00296077
-0.00314215
-0.02598695
-0.02452755
-0.07818329
-0.02469880
0.01796118
0.01013372
0.03794222
-0.00063875
-0.01012784
-0.00986444
-0.04539075
0.00623616
-0.01431709
-0.01318868
0.01311309
-0.00424881
0.00006272
0.02919499
-0.00539687
-0.01544616
0.02209033
0.00166610
-0.00455638
0.01282448
0.00000740
0.03303349
0.03057227
-0.00796020
0.00740946
0.01998915
0.01106324
0.01024714
0.01789046
0.00815229
0.01163575
0.01402844
0.00154156
-0.01351666
0.06374318
0.00747459
0.01082788
-0.01249706
-0.00590294
0.01652527
-0.03770123
-0.00637641
0.03347068
0.00090882
-0.01162163
0.01871370
-0.01629869
0.02100113
-0.00353519
-0.00404742
-0.03897281
0.00202203
-0.00397917
0.01454778
-0.02118186
-0.00292803
0.01433679
-0.04042177
-0.01384090
-0.04456189
-0.04992551
-0.00148414
-0.01811388
-0.01042603
0.01151492
-0.01012187
0.00057050
0.02094631
0.00485091
-0.02507217
0.00540536
0.01954280
0.02023614
-0.01585701
0.01671546
0.00436420
-0.01505192
-0.02440678
-0.02784188
0.00209951
-0.02702294
0.02855390
0.00930679
-0.03501423
0.00028628
-0.03210292
-0.01335794
-0.02026419
0.00499792
-0.01677957
-0.00251063
0.00375843
0.01997049
0.05234566
-0.00225882
-0.01932115
0.02276132
-0.02095787
-0.02366384
0.00874239
0.01789290
0.01235612
-0.03379114
0.02579616
-0.05802888
-0.06822925
0.03190008
-0.07724157
0.03301247
0.01554043
-0.02990704
-0.01428223
0.03845770
0.06210355
-0.01272936
-0.01402688
0.00274022
0.01114647
0.06859741
-0.02516226
0.00311450
-0.04473830
0.08779688
0.08562428
-0.02726131
0.01032252
-0.05694667
0.04315053
0.02258877
0.01375204
-0.01587283
0.02996287
0.02343035
-0.04882418
-0.00941325
0.03720616
-0.03405484
-0.01705075
-0.03123566
-0.00835306
0.00304825
0.05683628
-0.01505632
-0.05254586
-0.02749163
-0.03091776
-0.01609390
0.02916094
-0.00540059
0.00953348
-0.01234155
-0.03201653
0.01678176
-0.01576165
-0.04105787
-0.05099480
0.02734620
-0.03519815
-0.05046128
0.00915217
-0.01265244
-0.00196227
-0.00869609
-0.00610689
-0.06642964
-0.04802542
-0.00039528
-0.02094788
0.01677937
0.01568656
-0.01199606
0.03009788
-0.00481525
0.07261895
-0.03373398
-0.00502223
0.02641037
0.03856323
-0.07067028
-0.02272213
-0.00224783
-0.05605206
-0.02447432
-0.01205484
-0.01550219
-0.00645314
0.01562321
-0.05536206
-0.01539931
0.00777809
0.02240970
0.00183180
-0.02265267
-0.00057982
-0.01022780
-0.01346858
-0.05832386
-0.00698640
0.02107984
-0.05187176
0.00937117
0.02050000
0.01381179
-0.00738060
0.02428052
-0.02122424
-0.00527506
0.00793568
-0.00664053
0.00921385
0.00228757
0.02644836
0.01568822
-0.01950857
0.02376324
-0.00405784
-0.00131346
-0.02380929
-0.03588451
0.00455202
-0.00744002
-0.00743921
0.03517883
0.00961874
-0.06493606
-0.02174265
0.02256564
-0.01355320
0.05204463
-0.01389083
0.02465989
-0.01534459
0.00505811
-0.00843496
-0.01532838
-0.00637121
-0.00790384
0.03264240
-0.00103021
0.00517196
-0.00814312
-0.00100644
0.01502066
-0.00081173
-0.00090873
0.01505530
0.01238796
0.03620224
-0.02521182
0.00525381
0.00278536
-0.01428861
0.00147761
0.01440598
0.03188666
-0.00274254
0.01955213
0.01060608
-0.03035549
0.01941790
-0.01303509
0.01610604
-0.00746288
0.04011843
0.02789534
-0.02995277
-0.00595832
-0.01145556
-0.02438420
-0.00835901
0.00797975
-0.01384795
0.01282005
0.01742959
0.01956158
-0.00604839
-0.00526542
0.03265045
0.02156589
0.00474877
0.01875803
-0.08684152
0.03675891
-0.00398229
-0.00799620
0.01265636
0.02131897
0.00497534
-0.01100265
-0.00460406
0.00877275
-0.01155747
-0.02137334
0.01757551
-0.00251526
-0.00937239
-0.03057462
-0.00218115
-0.04198816
-0.01677748
0.00220814
0.06148028
-0.01617841
-0.01666022
-0.02300074
0.06401095
-0.05515840
0.03553041
0.00275594
0.02052612
0.00235991
-0.01025538
0.00928048
-0.02973193
-0.00974183
0.03857111
-0.05088423
-0.00108945
-0.05363621
0.01939807
-0.02271152
0.04182259
-0.04298088
-0.02725509
-0.00801424
-0.03087061
0.00420681
-0.02878814
-0.00082024
-0.00945228
0.00666550
0.01951145
-0.02005955
0.00226901
-0.00687356
0.00742898
0.06560344
-0.01485668
0.02011566
0.04318482
0.03076868
0.02432570
-0.01751415
-0.00110289
0.05740397
-0.04576966
0.01274793
0.00274332
0.02288646
0.00309181
0.01965867
-0.00106666
-0.03365282
-0.00139240
0.01738632
0.01579772
-0.04256963
0.00117167
0.01240719
-0.04778734
0.00022288
0.00984468
-0.00153514
-0.00157472
-0.01683645
0.01370065
-0.00753265
-0.02116056
-0.01782230
0.02482122
-0.03824208
0.02014891
0.00540231
0.01422501
0.02677558
0.02725152
0.00161556
-0.00227485
0.01760150
0.01737669
0.03920274
0.03052273
0.00335602
-0.00510193
-0.01522125
-0.00326458
-0.03423071
-0.00592542
-0.00081958
-0.00017656
0.02093660
-0.00796506
-0.00215138
0.00312621
-0.03914895
0.02041041
-0.02542104
-0.00191830
0.01330951
-0.05914078
-0.02681166
-0.03465126
-0.01514337
-0.01160800
-0.02419573
0.04487699
0.00662070
-0.01114505
0.03226399
-0.01844999
-0.05772327
-0.04480655
-0.01946705
0.00182086
-0.00509705
-0.02316768
-0.04521593
0.00554802
0.01690433
0.02917008
-0.04371345
-0.02666130
-0.01113841
0.00702493
0.05819860
-0.03738423
-0.02465935
0.01321804
-0.01810194
0.01843499
0.00631779
0.03705772
0.04428660
-0.02216082
-0.03226896
0.01692958
0.02135780
0.07001168
-0.00950217
0.00900657
0.03254275
-0.02124871
0.00103397
0.03698710
0.00699934
-0.00184318
0.03066368
-0.05644140
0.01112675
0.04810505
0.02916134
-0.00838161
0.03545816
0.00155735
0.00876135
0.03567915
0.02554978
0.00421543
0.01790659
0.01422861
0.00884777
0.00710592
0.02002660
0.03767981
0.00535186
-0.01525752
-0.00796483
-0.01634251
0.03736542
-0.01476827
-0.00088467
0.00826634
0.05727136
-0.02191688
0.02839757
-0.01428838
0.02262485
-0.04318373
0.00187076
-0.00442554
-0.01187037
-0.00901173
-0.00025048
0.02286025
-0.01756273
0.05037504
0.01637087
-0.03378552
0.02357994
-0.00189741
0.06952597
-0.06559461
-0.04544978
0.02069141
0.06058316
0.05999348
0.00278781
0.00139997
-0.02254722
0.01301954
-0.02861978
0.03425547
-0.01286368
0.01786380
0.00330362
0.00738746
0.00164422
0.01262762
-0.03616323
-0.01132662
0.00148340
-0.00288557
-0.00190679
-0.07850132
-0.04834640
0.02306532
-0.01050851
-0.02222247
-0.00418032
0.00176024
-0.00232873
0.02886083
-0.01740070
-0.05484233
-0.00488974
-0.04577783
0.00863975
0.01847839
-0.05213514
-0.01481790
0.02282874
-0.01946874
-0.02255847
-0.03280101
0.04179508
-0.04460355
-0.06942113
0.06967837
-0.02457624
-0.06477794
-0.03470717
-0.02860074
0.00988630
0.03507639
-0.05475112
0.00826664
0.01291084
0.00367073
-0.00165785
-0.00392731
0.07182237
-0.02518181
-0.03355186
-0.04483606
0.00142031
-0.03645597
-0.04802794
-0.04679651
0.00179192
0.01098947
-0.02532644
-0.01604912
-0.01699896
0.07096824
-0.02823350
-0.05610899
0.01700847
-0.00106653
0.02363478
-0.02977353
-0.05314599
0.00535125
-0.08945426
-0.03972440
0.00538737
0.03952233
-0.01219477
0.05349396
-0.01168117
0.02020144
-0.02896960
-0.01669349
-0.01980525
-0.00154201
0.03581727
0.06772602
-0.00859458
0.00887429
0.02007721
-0.05227008
0.00064291
-0.01553109
-0.06992558
0.00194627
0.03206850
-0.00256411
0.00190146
-0.01420669
-0.00857816
-0.04871386
-0.00892262
0.03669522
-0.05668859
-0.01854067
-0.01301219
0.04712323
-0.00794240
-0.02064858
-0.04165159
-0.02162803
-0.05239949
-0.00631756
-0.01125605
-0.01738962
-0.00097152
-0.01469524
-0.00748529
-0.01299678
0.00001334
-0.01832961
-0.00185570
0.02279201
-0.00640904
0.02366197
-0.03085931
-0.01252466
0.06291635
-0.00625283
0.00240078
0.01651843
0.02262334
-0.03725103
0.02790778
-0.01261899
-0.02621362
0.05236811
-0.00256093
0.03166180
0.04460440
0.01160646
-0.01536839
0.01591185
0.00586133
-0.02838689
-0.00589756
-0.00536013
0.00364078
0.01501754
0.02416994
-0.01428468
-0.00049632
-0.01812831
0.01818555
0.00106000
0.00450852
0.00088564
-0.03133346
-0.00404647
0.06105524
-0.00490375
0.02361605
-0.00018813
0.03757114
-0.00462632
0.01089386
-0.00576907
-0.06261329
-0.00516355
-0.03973965
-0.06436834
-0.00686013
-0.00399930
0.04147025
0.09256887
0.07464654
-0.00729449
-0.01539129
-0.02269660
0.02792448
0.03825087
0.02272822
0.02263576
0.00904814
-0.02020389
0.02132048
-0.04599119
-0.04452473
0.00161066
-0.01413532
-0.03634266
-0.05036398
0.00566036
-0.01067257
0.04992957
0.02333966
-0.00408325
-0.00210399
0.02873527
-0.04624046
0.03161616
0.00770376
-0.02890094
-0.04057057
-0.04744796
-0.00988779
-0.02423785
0.08850363
0.01173068
-0.07066674
-0.03139068
0.04360553
-0.00548417
-0.04489537
0.00652142
-0.05593117
0.00439451
-0.01892233
0.01529252
-0.03995588
-0.00117624
0.01662000
-0.03175539
-0.02909099
-0.02433662
0.01010695
0.03412867
-0.01221860
-0.01196107
0.03836882
-0.00790943
-0.02673723
-0.04744607
0.01257326
0.04348880
-0.03480900
0.04527615
-0.01771518
0.01164577
0.01365540
-0.02161532
-0.02014605
-0.00210126
0.01301504
0.00327915
0.01263228
0.00552800
-0.00236210
0.00923068
0.02897196
0.00245269
0.06124558
0.04236068
-0.01066295
-0.00011343
-0.01865464
-0.03992230
0.00792455
-0.07857552
0.03531502
0.05653985
-0.07058529
0.02341542
0.01134916
0.01385414
0.08933511
0.02358157
-0.00071913
-0.02607511
0.01761675
-0.02284415
0.03238586
-0.00442181
0.02871499
0.03927892
-0.00305228
-0.00230036
0.00265148
0.00228228
-0.01626442
-0.01300599
0.00360945
-0.01123520
0.01172485
0.01455400
-0.00932092
-0.00679023
0.04299493
0.00813665
0.01366912
0.01313090
0.01229331
-0.01733597
-0.00937280
-0.00288970
-0.05185413
0.00728506
0.00529299
0.00670077
0.02349289
-0.00650304
-0.04898258
-0.00435886
0.02371476
-0.01398947
-0.00546429
-0.00123403
-0.00628337
0.01615132
-0.02615788
-0.02079361
0.01693274
0.04158786
-0.02056499
-0.02520512
-0.02895375
-0.03534748
0.00684862
0.00806059
-0.00694603
-0.01514779
0.00953838
0.00289134
0.01723572
-0.01231124
0.00938202
0.02382220
0.00209838
0.03554889
0.05579735
0.03017059
0.06264786
0.00369520
-0.01542397
0.02984648
-0.00530145
-0.00406134
-0.02038971
0.01851240
0.02883515
0.03775205
0.03414199
0.01619221
0.00983162
0.00035587
0.04672278
-0.00684901
0.00846921
-0.00054316
0.04476575
-0.00648404
-0.01834945
-0.02443995
0.00743731
-0.01727235
0.00445092
-0.01251070
0.05617299
-0.00218710
0.03096540
0.01068143
-0.01437446
-0.00023654
0.01106224
-0.02523540
0.01286475
-0.01835479
-0.01483471
0.01878666
0.03489140
-0.01141415
0.00085989
-0.02741372
0.00403531
-0.01352587
0.01353047
0.00294945
-0.02784265
-0.00099494
-0.00237400
0.00064387
-0.01076854
-0.00133228
0.01916484
-0.05793725
0.01644709
0.02712767
0.02835510
-0.01417001
-0.02573754
-0.01815066
-0.01530055
0.04729475
0.02188930
-0.02789046
0.06333424
-0.03757164
-0.00373582
0.00214385
0.02588803
0.00812388
-0.00790717
-0.00917985
-0.01168016
0.00992579
-0.04191736
-0.01624397
0.01871410
0.01884216
0.00250912
-0.05060840
0.00887792
-0.03281540
-0.00732489
0.02798013
-0.06322332
-0.01728533
-0.00452630
-0.04576787
0.02129878
-0.00305004
-0.01754605
0.01126966
-0.00351449
-0.07509860
0.02114907
-0.02712687
-0.00299826
-0.00190415
0.02424062
0.02622858
0.00272673
0.00258673
-0.01998741
-0.02509832
0.00776056
0.02217071
-0.00671454
0.01835175
-0.02888900
-0.00579987
-0.02689571
0.00410556
-0.03209444
-0.02935257
0.02009233
0.03220480
-0.00155561
0.00113468
-0.01540077
-0.01218720
0.04906636
0.02534325
0.01187138
0.01359446
0.06213561
0.04376008
-0.00576962
0.02903140
0.02358199
-0.02226082
-0.02332084
0.00528343
0.02916981
-0.00058108
-0.01001408
0.00619575
0.05312549
-0.05245443
0.00932981
-0.04189655
-0.03139099
0.00296245
0.01745411
0.00923959
0.07659899
0.01970817
-0.01895019
0.02556046
-0.01319919
-0.01203703
0.01826259
-0.07238206
0.04100612
0.00500254
-0.03022212
0.00223572
0.03359855
-0.00059944
0.01720463
-0.02997359
-0.01985366
0.01619259
-0.04162059
0.00831605
0.08192288
-0.02346493
-0.00046653
0.01286707
0.02292213
-0.02093411
-0.00368435
0.01375496
0.01836330
-0.00168926
-0.01676426
0.02991500
0.05103675
-0.01114577
-0.02490976
0.02396099
-0.00420211
0.04478563
0.03347727
-0.00462734
-0.02038084
0.01981941
-0.01053913
0.00596303
0.00603031
-0.02506136
0.01498878
0.01119061
0.00998635
-0.01967013
0.00923601
0.03705540
0.04338511
0.02321241
0.02136584
-0.02177277
0.00120312
-0.01309791
-0.01316655
0.01559094
0.03627212
0.00331397
0.02029446
-0.01486694
0.01675202
0.02301335
0.00682049
-0.00312082
-0.02706552
-0.00779152
0.03990338
-0.05845812
-0.01104511
0.01971450
0.03328849
-0.03078540
-0.00213221
0.01996894
-0.04412002
0.01667657
-0.01452304
0.01869227
0.01656579
-0.01170149
0.02711145
0.02018166
-0.00636428
-0.02893551
0.01258106
-0.01089375
-0.02763530
0.04532428
-0.03381891
0.01485127
0.02979945
-0.02098484
-0.02083779
0.01995054
-0.04506026
0.01021636
-0.02961296
-0.03464704
0.02619870
-0.00497226
-0.00791023
-0.01094246
-0.00277951
-0.02622847
-0.05465670
-0.02559755
-0.00720287
-0.00497487
0.03130298
-0.04163853
-0.03134410
-0.00893550
0.00203334
-0.02555248
0.00341680
-0.00733435
-0.04926299
-0.05636812
-0.04627170
-0.01958114
0.01234727
0.01969723
0.00427427
-0.00982674
-0.02653036
-0.01834660
-0.03410597
-0.01515236
-0.00237977
-0.02037615
0.02852835
-0.04004079
0.03393796
0.02577262
0.03413014
0.00743713
-0.01478195
-0.01127239
0.03864753
0.02827849
0.03130305
-0.00313812
-0.00488185
-0.01920856
-0.05196837
-0.03124786
-0.00020522
0.01940919
0.01623450
0.06057308
-0.00314476
-0.01519736
-0.01549812
-0.01346107
0.00371927
0.00759605
-0.00024908
0.02323419
0.00069928
-0.00074820
0.07626806
-0.05068170
0.00438606
-0.00910883
0.03831251
-0.04831215
0.05079107
-0.00834475
0.03266292
0.00941274
-0.02050079
0.00856026
0.04256944
0.03162794
0.00428408
0.00502663
0.00716198
0.00075878
0.00450225
0.00752269
0.04156301
-0.00643469
0.00071248
0.02225640
0.02106180
0.00506714
0.06682216
-0.00860798
-0.00546060
-0.05006908
-0.01539956
-0.00694831
-0.00651190
-0.02625065
0.02765941
-0.04207934
-0.00395473
-0.04001583
0.00080182
-0.01104565
-0.02130344
0.00651168
0.03954253
0.00741242
-0.00174612
0.00580571
0.03107806
0.01828720
0.04611688
0.00816824
0.01974251
-0.02464139
-0.01868389
-0.05076160
0.00039704
-0.00265800
0.03176606
-0.00004989
0.00037011
0.03372987
-0.00862135
-0.00576935
0.02448991
0.06057152
0.00778773
-0.00606989
-0.00447531
-0.00261264
0.00634023
0.01038473
0.02601436
0.04186089
0.00931354
-0.00183411
0.01224895
-0.00369915
-0.02997568
0.01249895
0.01158336
-0.00511087
-0.01430322
-0.04062802
-0.04440217
-0.01538365
0.00878839
0.02611388
0.02399953
-0.04558444
-0.02733868
-0.01078258
-0.02617706
-0.01424602
0.03541810
-0.04207409
-0.01954450
-0.00414700
-0.01744476
0.01682551
0.00244143
-0.02827989
0.05387565
0.02675028
-0.00228025
0.01938985
0.09835009
0.00046191
0.02844782
-0.04772296
-0.02058797
0.04375883
0.05930264
0.01634586
-0.01747137
-0.00383094
-0.01670213
-0.00116422
-0.05053046
-0.01642369
0.03672164
0.00523504
-0.02760170
0.03110489
-0.01060686
-0.00247009
-0.01530668
0.00576284
-0.06832575
-0.02152612
-0.02331038
0.00243273
0.01366479
0.01404087
-0.00831864
-0.02613802
0.05040788
0.00190540
-0.00092050
0.01697273
0.00158910
-0.01750885
-0.01394511
0.01081609
-0.01705980
-0.07256430
-0.03815894
0.00746617
0.01826110
-0.04025881
0.01263639
-0.04039312
-0.05566842
0.00534720
0.00896788
0.03384154
-0.02372193
0.00472020
0.00425255
-0.04431092
-0.01164503
0.00890550
-0.02275035
0.01275796
0.00716143
-0.00116421
0.06254879
-0.02560836
0.00085646
-0.01812724
-0.01305064
-0.04250960
-0.01030876
0.01275922
-0.01091065
0.02080362
-0.04407989
-0.02929340
0.00098188
0.05438922
-0.02656769
0.00960345
0.06633520
-0.00059576
0.02583627
-0.03717998
0.00264613
0.01169540
-0.02132104
-0.03854062
0.02470281
-0.02319445
-0.03578634
-0.02212176
0.00406719
-0.01309887
-0.00944539
0.00191934
0.01350374
-0.01562678
0.00577221
-0.02274845
-0.04994124
0.06348161
0.01390800
0.00176417
0.05749615
0.03513933
0.02926471
0.04449582
-0.02788963
-0.03276361
-0.05057955
-0.01567937
-0.01281271
-0.00036503
-0.01899671
-0.00153595
0.00310401
0.00146007
-0.00020644
-0.01366916
-0.02210145
-0.00883045
-0.00244659
0.00974731
-0.00364659
-0.03354214
-0.00892537
-0.01916711
0.00886747
0.00594007
0.01948749
-0.02418745
-0.02064089
-0.04501273
0.03066608
0.01341642
-0.00087654
-0.01886010
-0.00681402
-0.01253651
0.06162497
-0.05349781
0.01610884
0.00159042
-0.01160262
-0.00183357
0.00132970
-0.00908291
0.02796376
0.02170182
0.01668913
0.01757516
0.00663078
0.00317892
0.01973842
-0.02917427
-0.02259826
-0.01293547
0.01056962
0.00582340
0.02831042
0.00499123
0.01067888
-0.02154017
-0.01372277
-0.00455425
-0.04569488
0.01148052
0.01407751
-0.01903322
0.00436877
0.01074936
0.01386688
0.00711411
0.02271070
0.01364549
-0.00710403
0.05287171
0.00859022
0.04915815
-0.01645116
0.02887866
0.01061278
-0.01530791
-0.02341449
0.01097995
-0.02062238
-0.01555975
0.00634367
-0.03207050
-0.02089396
0.01345134
0.02002702
0.03400465
0.02962529
0.00705130
-0.01319891
0.02526867
0.02075225
0.05633519
-0.01500051
0.00970371
-0.01775931
-0.00123191
0.03831663
-0.02663463
0.01168760
0.03710892
-0.00863621
-0.06900089
-0.02103209
0.00897082
-0.00134200
-0.00964494
-0.01438915
-0.00718767
-0.02118764
-0.04088961
0.05902838
0.00135003
-0.00106417
-0.02008203
-0.02152211
-0.05732344
-0.01092317
-0.00504193
-0.01734655
-0.00640665
-0.00850279
0.06924529
-0.00558127
0.04793755
-0.00842963
-0.06802291
-0.01997052
0.03085706
0.09792520
-0.00908304
-0.00683401
0.01816896
-0.02617641
0.04219685
-0.06094879
-0.02833248
0.00872867
0.00868258
-0.00316739
0.01214500
-0.04240743
-0.02844473
0.04316086
0.01930054
-0.00202140
-0.00712505
0.03100887
0.00016808
0.01596118
-0.02422518
0.00312775
-0.03328242
-0.01849898
-0.02084288
-0.04298984
0.01268333
0.01985523
-0.04214299
-0.00414999
0.03197270
-0.03753755
-0.01143645
-0.02287441
0.00049149
-0.01164088
0.04700282
-0.01666635
-0.01960812
-0.01460202
-0.02556143
-0.05317176
0.01852492
0.02651507
-0.02813635
0.03593924
0.00893343
-0.01706035
-0.00071173
0.01920890
-0.06339423
-0.03161742
-0.02573456
-0.00119675
-0.00947062
0.03402650
-0.01419404
0.08510757
0.04134739
0.05071377
0.02933783
-0.02852084
-0.00713093
-0.01574689
-0.01129881
-0.01679487
0.02918254
0.01428904
-0.02312078
0.00877272
0.03370425
-0.02425077
0.00668175
0.02118455
0.00343819
0.02706264
0.00027750
-0.00655403
0.01831111
-0.02455566
-0.03651080
0.00457768
0.01487300
-0.01151650
-0.01919480
-0.02167323
0.02687905
-0.05608786
-0.05097257
-0.00616274
-0.03621043
-0.01066376
-0.01027635
-0.05214880
-0.03288455
0.04767212
-0.03568910
-0.05659197
-0.03102833
0.00451690
-0.01682972
-0.07538005
0.05487566
0.00582761
0.03253364
-0.02591965
-0.02131410
-0.01594514
-0.02503205
0.02158902
0.00191483
-0.06284478
0.04067338
0.00427208
-0.00824765
-0.01533812
-0.01294172
0.01956411
-0.00201690
-0.02372802
-0.00821778
-0.05096104
0.04140406
0.03421077
0.01413160
-0.06363115
-0.00543504
-0.02220612
-0.01134833
-0.01329984
0.00315758
0.01027255
0.08589310
0.00340576
0.01915666
0.01623642
-0.00913820
0.00476464
-0.02635486
-0.00897079
-0.00890546
-0.04072966
0.02284958
-0.01739465
-0.02472530
0.00550310
-0.03164294
0.00790919
-0.02563466
0.04809887
-0.02185359
0.00241019
0.00858043
0.01807042
0.01359686
0.01854182
-0.00810484
0.02799507
0.01191921
-0.01463606
0.02343806
-0.01842917
0.02853770
0.01514608
-0.05612674
0.00998273
0.00228308
-0.00745850
-0.04231496
-0.01475397
-0.02969369
0.00342809
-0.03546288
0.01209975
0.00519782
0.00019646
-0.00468745
-0.03248304
-0.02736524
0.00678463
0.00700727
-0.02026797
0.02534799
0.00170231
-0.00330501
0.00394251
-0.00074682
-0.04580018
0.01281275
0.00699056
-0.01264978
-0.02434309
0.00040655
0.00187405
-0.04967843
0.00010918
-0.01369394
-0.01989288
0.01105168
-0.01738456
-0.02627845
-0.05341796
0.01688077
0.00758363
-0.01223868
0.00244188
-0.05455339
-0.02346119
0.00536438
0.02908649
0.02512167
-0.02788108
-0.02490771
-0.03001494
-0.01530241
-0.00746606
0.04006562
0.00226082
-0.01258030
-0.02191762
-0.01518547
-0.04880763
0.00117622
0.01251522
-0.03232237
-0.00495914
0.00045819
0.05289241
-0.04130070
-0.02594194
0.01052103
-0.00342037
-0.00667536
-0.01929266
0.00000661
-0.00240077
0.01500930
0.01464525
0.02159199
-0.03884953
-0.05067912
-0.00157641
-0.04385979
-0.03458444
-0.02943808
-0.00188357
0.01125686
0.01879046
-0.00891250
-0.01603907
-0.02872438
0.04632811
-0.01143954
-0.00639648
0.02892171
0.02265110
0.01917904
-0.00603369
-0.02247581
0.02135377
0.01955103
-0.01314670
0.03199498
-0.01598585
0.00907481
0.06349349
0.01258711
0.00348138
-0.02447559
-0.02618833
0.02199056
-0.01171278
-0.02135742
0.02518951
-0.00281596
-0.01418460
-0.03695142
0.01678160
-0.06007166
-0.04355800
-0.06822239
-0.01276032
-0.04786488
-0.05753049
0.00730391
0.04964555
0.06622043
0.08823523
0.00065072
-0.04635654
-0.05354935
-0.05875054
-0.04857319
0.07631054
-0.03892036
0.03486228
-0.01395418
0.00082757
0.02572510
0.04294530
0.03265047
-0.00365005
0.03566649
0.00864678
-0.01463428
0.03755733
0.00879482
-0.00015405
-0.03986563
0.00554765
0.00386770
0.00565772
0.02142360
0.01107804
-0.01912960
0.00265033
-0.03170779
0.04031083
0.00528976
-0.01910119
-0.05107836
0.05138909
0.04661342
0.02030748
0.04976195
-0.02826520
0.06219093
0.01569583
0.03638690
0.02087496
0.01262036
-0.03990997
0.00819928
-0.05020547
0.00781822
-0.03426217
0.02976107
-0.01412420
0.01660504
0.01308544
-0.01035505
0.02357050
-0.00436051
0.03356420
0.00847654
-0.01378799
0.04878873
-0.05132286
-0.00660251
0.01250680
-0.00105804
0.02673142
0.03212955
0.01114863
-0.03919726
0.00887436
0.01296541
0.01194821
0.01631621
-0.00730655
-0.02543031
-0.00511758
-0.02554310
0.02132724
0.02093566
0.00780847
0.00573272
0.01694910
0.01366691
0.00179282
-0.02524727
0.00388135
0.00723320
0.00847309
0.02995283
-0.01876067
-0.01787778
0.01377518
-0.00060067
-0.00978087
0.00728797
0.01762976
0.00516543
-0.01454106
-0.00040754
-0.02918469
-0.01543394
-0.00575343
0.00741073
0.01028068
0.00956755
-0.00013604
-0.00937051
0.00121067
0.04445800
0.01562505
0.02995044
0.00772867
0.00561158
-0.02499080
0.01583375
-0.01949094
0.00027431
0.00928586
0.00260811
0.00329376
0.02682752
-0.00399782
0.02443207
0.00169135
0.02374141
0.01970632
0.02262949
-0.01355001
-0.00026663
0.02841061
-0.01361793
-0.00580093
0.01297729
-0.01557161
-0.00071968
0.01844201
0.01247682
0.00125737
0.01228332
0.04097448
-0.00550930
0.01944863
0.02750808
-0.01034711
-0.00259766
-0.01226766
-0.01029138
0.00970594
0.01309179
0.01636217
0.03500262
-0.00830495
0.02180735
-0.00430045
-0.00987514
0.00700647
-0.00086906
0.00284253
0.00289915
0.04463127
0.01136099
-0.00193045
0.03688572
0.01614297
0.00905497
0.00570395
-0.01624529
-0.01524120
-0.02718185
-0.02900176
-0.00509324
0.01106055
-0.00731783
0.00555394
-0.02066510
-0.00872603
0.02233856
0.04700295
0.00781711
0.00237240
-0.03952712
-0.00971288
-0.03246736
-0.03434463
-0.02013138
-0.01506347
-0.01536094
0.01774853
0.00202478
-0.06052990
0.01104216
-0.07227912
-0.00906445
-0.03367892
-0.02670579
0.05681378
-0.01391462
-0.03378648
0.02346626
0.00313635
-0.03537270
0.00988146
0.00069345
0.00753412
-0.02537253
0.00346776
-0.00889042
-0.00369236
0.00704499
-0.00204426
-0.00514490
0.01329850
0.04046825
-0.00860152
0.03392067
0.00106469
0.06537725
-0.01201856
0.01041872
0.03586156
0.01651695
0.00009849
-0.01125907
-0.01625468
0.03447144
0.00527236
0.01658957
-0.02264422
-0.02859265
0.00750372
0.00919830
0.00230981
-0.02079531
0.00034876
-0.00007746
-0.00366789
0.00615538
-0.00128221
0.01350529
-0.01360912
-0.00665622
0.01284181
0.00574974
0.02474212
0.04705517
0.01812977
-0.02827044
0.01193602
-0.01290917
0.00276795
-0.00204014
-0.01009318
-0.00306509
-0.00365365
-0.03011708
-0.00578625
-0.01719614
-0.00899132
-0.03899138
-0.00282506
-0.00275575
0.03561290
-0.02309676
-0.00310537
0.06412807
-0.01727284
-0.03897230
0.05752855
-0.00237643
-0.03190390
0.01926660
-0.00144165
0.02299783
-0.02769649
0.05466547
-0.01765925
0.02070957
-0.05820853
-0.02871384
-0.02117134
-0.00562627
0.00992836
0.01920104
-0.04106553
-0.00725132
-0.03937440
0.01480480
-0.03586872
0.00466850
-0.00772272
-0.05511706
-0.00973892
-0.02519793
-0.00306753
0.03443065
-0.00181225
0.00084342
-0.01544725
-0.04993868
0.04262681
0.01402627
-0.00922694
0.03236569
0.00780349
-0.03304945
0.02987554
0.00882708
0.02266846
-0.01254214
-0.03770190
0.00510628
0.01860251
-0.01857887
-0.00680248
0.00233910
0.02416815
-0.02099109
-0.02212339
0.02533357
-0.03419176
0.03916970
-0.05198783
0.03213876
0.01197895
-0.01044050
0.00585140
-0.02269985
-0.01011538
-0.01779701
-0.03712645
0.02357101
0.00046802
-0.02913645
-0.05036681
-0.06216874
0.03044884
0.00611300
0.00845659
0.00555252
-0.03379526
0.03873127
-0.00065764
0.00512352
-0.03475571
0.00207222
-0.00933914
-0.03146397
-0.04281718
-0.01395209
0.00357699
-0.02091249
-0.00341419
-0.00522732
-0.01804573
-0.00818897
0.01671177
-0.04366600
0.02947129
-0.00443202
0.00055278
0.00541172
0.03580235
-0.00518385
0.06879518
0.00134513
-0.01242825
0.00954497
-0.00749154
0.03594429
0.00721120
0.01406018
-0.01746391
-0.01106421
-0.00145681
-0.00883303
0.01399145
0.01643858
-0.00588522
-0.00992738
-0.01244021
-0.00483484
-0.04842267
0.03882232
-0.04584384
0.00524056
0.00007621
-0.05247033
-0.00893151
-0.01363691
-0.02377711
0.03059205
0.01715023
-0.01810242
-0.00468106
-0.02488648
-0.00322231
0.00963827
0.00375616
0.03487821
-0.01229979
0.01133643
0.04064465
-0.00007749
0.01639314
0.01396870
-0.00958279
0.03900723
0.00753382
-0.00784873
0.00198691
0.00496674
0.02521919
0.01069189
-0.04670993
-0.00539966
0.00779703
-0.01635057
-0.04263644
0.00158111
0.06636533
-0.00129326
0.01939328
-0.01542600
-0.00817510
0.01405079
-0.01722040
0.01472474
0.00623510
0.01499638
-0.00586802
0.01332529
-0.01493188
-0.00630188
-0.01470542
0.03050414
-0.01761198
0.02617560
0.00468442
-0.03558213
-0.04635873
-0.01551055
0.01770927
0.00315137
-0.00974739
0.01280525
-0.01090990
-0.04398747
0.02055929
0.01674781
0.00279760
-0.00175048
0.02260298
-0.02667577
-0.00359665
-0.00666895
-0.01387253
-0.05295486
0.00188612
0.00334175
-0.00292730
0.03753121
0.03193532
0.00240854
0.02026662
0.04620294
-0.05235052
0.01901694
-0.05778043
0.00242648
-0.01613707
0.03122356
0.01956899
-0.02867344
0.02499678
0.04343591
-0.01945956
-0.04239923
0.00119517
-0.02590175
0.00440055
0.03102199
-0.01041201
-0.00837961
-0.01869635
-0.05117285
0.03065634
-0.04699535
0.02503638
0.00642487
-0.00888674
-0.00421042
0.00267663
-0.01119748
0.00745859
0.01469863
0.02021988
-0.01095084
-0.00973284
0.01423154
0.00065223
-0.00111856
-0.00186837
0.00164591
0.02807172
-0.02525650
-0.00250061
-0.01872862
0.01536743
0.00760423
-0.01857314
0.00162076
-0.02029135
0.04475356
0.03421726
0.00122852
-0.02499043
-0.02872357
0.02300932
-0.05318296
0.00052043
-0.00537019
0.00464888
0.01739543
-0.00793165
-0.01672697
-0.00259426
-0.02653041
-0.01099982
0.02060727
-0.00477246
0.02821676
-0.02095164
-0.02899996
-0.00459118
0.01945092
-0.00333939
0.00084822
-0.01887944
-0.03089264
0.01727190
-0.00866658
-0.00389160
0.00939321
-0.04470255
-0.00156683
-0.01772059
0.00946447
0.00927416
-0.00919287
0.00797194
0.00647420
-0.02317950
-0.01944100
0.01808954
-0.00747073
-0.01369893
0.00447433
-0.01572032
0.00139331
0.01726459
-0.00750957
-0.01192976
-0.02351919
0.01019809
-0.02093511
-0.05113333
0.04639504
-0.00645304
-0.04067051
0.05390931
0.02878321
-0.00763720
-0.00568805
0.03118726
0.02910913
0.02791090
0.00822023
0.00814845
0.00157744
-0.01576304
0.02924402
0.01514287
0.03380018
-0.04326250
0.00354661
-0.04478962
0.03028454
-0.02497411
-0.04259181
0.02965089
-0.01326594
0.03255621
-0.03673275
-0.01551649
0.00963602
-0.05209440
0.00078665
-0.03064051
-0.03795965
-0.04195934
-0.02802954
0.05967579
0.03348216
0.00820955
-0.03547805
-0.01486561
-0.02625520
-0.01826286
0.02273386
-0.01832205
-0.00276054
-0.00096808
0.02693569
-0.05571431
-0.02779640
-0.02029291
0.02187173
-0.01521311
-0.00294338
-0.04726608
0.03165816
-0.02868834
-0.01532577
-0.01999158
-0.00884134
0.04751490
-0.02484997
0.00576391
0.02613053
-0.07363911
-0.02840963
-0.05043835
0.00185257
0.00641164
-0.01309056
-0.01538740
-0.00234300
-0.01365102
0.01152990
-0.00128249
0.01807477
-0.04872643
0.00152224
0.02299008
-0.03305550
-0.01799484
0.00216527
0.01179502
0.01124434
-0.00106007
-0.05063229
-0.00926206
-0.01520708
0.02149831
-0.01218942
-0.03092252
0.01931827
-0.00066799
0.00456338
-0.01056051
-0.01135528
-0.06567759
-0.06080522
-0.00854542
0.01217944
0.00090635
-0.01081623
0.02609030
-0.01454012
0.00941747
-0.04180352
-0.05739227
0.00884536
-0.00448586
-0.01497361
-0.07975454
-0.02441250
-0.00049376
0.01796918
0.01789262
-0.01473574
0.00237457
-0.03379692
0.00942264
-0.00836210
-0.04996739
0.04970696
-0.02381662
-0.03863001
-0.03513885
-0.01423419
-0.01299089
0.09761793
-0.00989088
-0.04187897
0.02326970
-0.01908828
0.00071881
-0.00710112
0.00348105
0.00445031
0.03108858
0.02676237
-0.01326022
-0.00254133
-0.03585853
-0.02647759
0.01257123
0.01004716
0.03533329
-0.00821449
0.11206465
-0.01916251
-0.02118943
-0.00538340
-0.02272078
-0.01742191
-0.01842310
0.02336894
0.01625985
-0.05259069
0.00499765
0.00032756
0.01123149
0.00930268
-0.02719497
-0.03672121
-0.00297894
-0.06489057
-0.02657376
-0.05222411
-0.00163559
0.02263759
0.07729340
-0.01057976
-0.02366736
0.00238612
0.07233334
0.00515521
-0.05444419
0.00061037
-0.04058357
-0.00826263
0.04248554
-0.01430178
-0.04026993
-0.02873125
-0.00208083
0.02770009
0.00288276
0.01152966
-0.06197333
-0.02937430
-0.02511667
-0.01731529
0.02130885
0.04408760
-0.00231722
-0.02929453
-0.00431762
0.05090493
-0.06667039
-0.01909152
-0.02297311
0.02332783
-0.07052692
-0.01279919
0.00091774
-0.01221490
-0.06747394
-0.00116522
0.04452094
-0.01829480
0.01571151
-0.10877983
-0.03634809
-0.02382382
0.02659851
-0.00885290
0.00321995
0.00754946
-0.01610540
0.00579353
0.07853794
0.05276441
-0.00800426
0.00552890
-0.02866534
-0.00341962
-0.00072036
0.00415221
0.00280681
-0.02610106
-0.04198711
0.00926160
-0.02205485
0.00486535
0.03722682
-0.01022423
0.05392569
-0.02259097
-0.00011352
0.00304335
-0.04283050
-0.05294247
0.05752878
0.12689313
0.05611466
-0.04044276
0.03105698
-0.01881206
-0.01519921
-0.06320357
-0.01076516
-0.01642122
0.00796082
0.02488784
0.02113925
-0.04133941
0.06917179
0.05745018
0.02980768
-0.03110335
-0.02575319
-0.00625393
0.01761024
0.04051934
0.03415564
0.02514813
-0.02671603
-0.04343921
0.01598427
-0.04800671
-0.04134351
-0.02028059
-0.06104874
-0.03883149
-0.01755112
-0.01573947
-0.01129649
-0.04249967
-0.02727778
-0.02635524
0.01117672
-0.05005579
0.03149661
-0.01683848
-0.02387829
-0.03487954
0.00801983
-0.06840467
-0.01437672
0.02428230
0.01761403
-0.02825560
0.05351378
-0.00421899
-0.01683524
-0.00388518
0.00117992
-0.06488675
0.04000286
-0.03766876
-0.09121617
0.01414292
-0.08259726
-0.03419955
-0.06648678
-0.03885881
-0.05939949
0.05517602
-0.15416546
-0.03852820
0.01207829
0.09876551
-0.03800420
-0.00653141
-0.05420823
-0.10762122
-0.00783300
0.00487826
-0.00246201
-0.05148152
-0.00828576
0.04571412
0.08234315
-0.07464225
0.07338676
-0.02338600
-0.01851790
-0.01284636
0.01823846
-0.06343142
-0.01790118
-0.01608740
-0.01896652
-0.04813260
0.01947481
-0.02140328
0.00199351
-0.03345232
0.08634202
0.05562817
0.05015012
0.01429427
0.03690082
-0.01634945
-0.03842237
-0.00493749
0.00710531
-0.02945417
0.01119628
-0.03198822
-0.04280883
0.03264377
-0.02971594
0.01180136
-0.03716765
0.01575883
0.05492092
0.04473942
0.01125191
0.05422016
0.02908076
0.05651041
0.11958271
-0.02976693
-0.02229046
-0.03047428
0.04651095
-0.04273522
-0.12818262
0.03011219
-0.00595948
-0.05564995
-0.00982343
0.02772258
-0.01507801
-0.02293394
0.06591901
-0.03490518
0.02032943
0.00459861
-0.00292392
-0.01067896
0.01138129
0.01337673
-0.01480467
0.00226376
0.01703899
-0.03615484
-0.00615060
0.02385312
0.02055264
-0.04133229
-0.02059012
0.00575363
-0.02931105
0.00401702
-0.00468548
0.01848557
-0.07013473
0.01224185
-0.00295452
-0.01307328
-0.01464259
-0.01726254
0.00910188
-0.01986272
-0.01041143
-0.01253008
0.02377243
-0.03358161
-0.02549824
0.05905054
0.00204366
0.00909099
0.02596625
-0.01172350
0.01955284
-0.00370907
0.00929084
-0.05142308
-0.05723093
-0.02199015
-0.01318762
0.00984774
-0.05111187
-0.00479817
-0.02864232
0.00572971
0.03102215
-0.01930812
-0.01040157
0.01460511
0.01446656
-0.03158644
-0.02856007
0.00718074
0.00087860
-0.00602948
-0.01064398
-0.01791387
0.02892933
-0.00225159
-0.00437975
0.00646008
-0.04848488
-0.03683983
0.02256783
-0.05177177
0.00256609
-0.02219734
0.05894184
-0.09185535
-0.02385916
-0.01938855
-0.00351613
-0.01983381
0.00482632
0.00942039
-0.01726841
-0.07755660
-0.03832800
0.04450758
-0.01840290
0.01342428
-0.05835973
0.07079175
-0.04223510
0.05464645
0.02757869
-0.02377092
-0.03111946
-0.04478598
-0.01162425
-0.01708118
-0.09487069
-0.01912699
-0.04862104
-0.05494172
-0.03263629
-0.07822222
-0.01240074
-0.05467338
-0.00713743
0.05962392
0.03483227
-0.01728316
-0.08676744
-0.00601143
0.00228103
-0.02455666
-0.08989013
0.03130397
-0.04691108
-0.03328886
-0.07625609
0.08175917
-0.12375624
-0.01480261
0.07934210
0.02147628
0.01460981
0.07972339
-0.00300560
0.06960155
-0.03957550
-0.01054066
0.04391594
-0.03068676
-0.06471826
-0.02534156
0.03458641
0.01425628
-0.01395707
0.16829251
-0.00079201
-0.02050109
-0.04422052
-0.04426021
-0.04179645
-0.04904363
0.00214683
0.02909043
0.07821330
0.00952552
-0.04500477
0.01423197
0.09725889
0.02440621
0.03481061
-0.05629927
0.02814031
0.01686950
0.00530991
-0.02977543
-0.02792016
-0.02383486
-0.02562339
-0.08214595
-0.05330352
-0.01825365
0.02351296
-0.01265948
-0.13024737
0.02521348
-0.04098174
0.01327916
0.03150830
0.03151053
-0.01419566
0.00348623
0.05338983
0.09970831
0.00909081
0.02225359
0.06542370
-0.06382965
-0.01817023
0.01434371
0.03810940
-0.05547670
-0.00555133
0.00557108
0.05249622
-0.03503030
0.05821352
0.00350653
0.00223389
0.02453630
0.03363121
0.01056776
-0.02897425
0.00380058
-0.00895574
0.00454552
-0.02294788
-0.06010889
0.03779893
-0.00000551
-0.02380537
-0.01196546
-0.00444740
0.02388677
-0.00960319
-0.01623592
-0.04943028
0.01492056
-0.01232714
0.01081800
-0.00767930
-0.07641003
-0.03876232
-0.02130480
-0.06109987
-0.01943530
0.04517541
0.02104727
0.02258024
0.07641271
-0.00168595
-0.03391509
-0.00725039
-0.03539015
0.02069531
-0.01658246
-0.00709331
0.00359628
0.01284171
0.03908847
0.00087318
0.05312912
0.01615803
-0.09278931
0.01808678
-0.00689121
-0.03811470
-0.06130450
-0.02375229
0.00818160
-0.01537122
0.05212792
-0.04200751
-0.04267320
0.06131174
0.00138856
-0.03141471
-0.01608309
-0.03258144
-0.01068266
0.03261755
-0.03261985
0.05234115
-0.00246680
0.01092451
0.01346812
0.02638925
-0.00533980
-0.05410769
0.04080799
-0.03554509
-0.01996225
-0.01630504
-0.02535175
-0.01166035
0.01737258
-0.03030105
-0.05152364
-0.02656983
-0.01197436
-0.04775206
-0.00824352
0.02866372
-0.00004844
0.01188422
0.01002799
-0.03699423
-0.01736465
-0.01416077
-0.00605395
0.02036077
-0.04143609
-0.04025248
-0.00607157
0.00828747
0.04328674
0.03922363
-0.01532027
-0.02097564
-0.01724160
0.01196471
-0.00151391
0.00503669
-0.01438170
-0.01841907
-0.05117048
-0.03067009
0.01275095
-0.05266571
0.05385257
0.01904710
-0.01401684
-0.01110973
-0.01648250
0.01218849
-0.00063042
0.03049112
-0.03855412
0.00139755
-0.04317106
-0.06671960
-0.00651427
-0.00288078
0.04814733
0.14699888
-0.00502190
-0.03699474
-0.00023770
0.03929409
-0.03248949
-0.02138405
-0.00255293
-0.07433949
-0.00303208
0.03150732
0.02160130
-0.00257211
0.01190341
-0.01563431
0.04764222
-0.03455870
0.02368484
-0.01156334
0.01243930
0.00746318
0.00848483
-0.02287669
-0.02182712
-0.03106786
0.01437420
-0.00122702
-0.02005197
0.03180489
0.01171423
-0.04251761
-0.02162404
-0.04114978
-0.03758541
-0.06024378
0.03000517
0.00054678
0.03015609
0.03939854
-0.01604733
-0.00927565
0.00751556
0.02772485
0.00945086
-0.00089108
-0.00887002
-0.00581500
-0.07176875
-0.02037883
0.01094208
-0.01188184
-0.04719698
-0.05254374
-0.06382579
-0.12361008
-0.09370176
-0.01676221
-0.04037954
0.04136699
-0.03027093
0.00129482
-0.04325871
-0.01826705
-0.02682222
-0.01368942
-0.04867467
0.02246202
-0.03015832
0.01762511
-0.00821734
0.06551789
-0.01129506
-0.01344020
-0.03039544
0.03201880
-0.03591876
-0.00318004
-0.00400551
-0.03807703
-0.01807481
-0.03065682
-0.00603111
-0.00910960
0.00863809
-0.00493595
-0.01275104
-0.03930507
-0.04432548
-0.07376616
0.00214448
-0.00763979
-0.02198339
-0.10465111
-0.06569479
-0.01993773
0.03593660
-0.02083652
-0.02923557
0.01801086
0.04914655
-0.02268981
-0.03644748
-0.02456734
-0.04984360
-0.02974172
-0.04103864
-0.02522964
-0.03517710
-0.02255086
0.01673480
0.03408609
-0.09382380
0.06481892
-0.00668005
-0.03019376
-0.02094186
0.03119495
0.02249533
-0.01679686
0.02361197
-0.01966991
-0.02374975
0.00256048
-0.02533748
-0.01753425
-0.00772815
0.09379518
0.00197696
0.09797850
0.01703333
-0.02761931
-0.03088021
-0.01497855
-0.04156462
-0.02820258
-0.00078347
-0.01430705
-0.02843648
-0.00627382
0.01920386
-0.03120447
-0.00689786
-0.04444416
-0.00771589
0.03343894
-0.02566114
-0.01843336
-0.02738750
0.05155412
0.04445532
0.11495181
0.02672464
-0.01566385
-0.01353324
0.08010337
-0.00183672
-0.09004340
-0.05140868
0.03731250
0.00844069
-0.01503587
0.00009549
-0.00336528
0.07261139
-0.03292685
-0.07336245
0.04270766
0.03643809
0.04538107
-0.01305266
-0.01454415
-0.03026981
-0.03011587
-0.09677909
-0.01952213
0.08502103
-0.00491722
0.00871257
0.04667287
0.03813955
-0.03173937
-0.04220219
-0.00260941
-0.00481421
0.08571741
-0.02214539
-0.05841376
-0.06818867
-0.00860878
0.08070728
0.01590571
0.11762266
0.14006026
0.02553575
-0.03731013
0.01348550
-0.05515688
-0.04353999
0.02286678
-0.02003836
-0.02747631
-0.01188626
0.05582403
-0.05204909
-0.06582440
-0.07788434
0.06767719
0.07470775
-0.01233715
0.19634360
-0.08469150
0.00792846
0.00591061
-0.01469455
-0.06341638
-0.01449926
-0.03365851
0.00820647
-0.05394722
0.01660803
0.01378310
0.04080567
-0.05062471
-0.10116253
-0.04197979
0.03068786
-0.05927181
0.00742694
-0.01419837
0.10179541
0.02081397
0.00101028
-0.01469170
-0.08592597
-0.03234492
-0.04526993
-0.04955032
0.00241988
-0.06351577
-0.00799075
0.02442595
0.00523985
-0.05035567
-0.00637066
-0.05770944
-0.13030075
-0.03777647
0.01106150
0.00514248
0.07178531
0.00057052
-0.00282287
0.04686887
0.03180254
-0.03407902
-0.03705605
-0.02722078
0.02692902
-0.00567116
-0.02303496
0.01449719
0.00544275
0.05352416
0.00510172
0.07518794
-0.00859819
0.01178251
-0.01450440
-0.04355282
0.00292731
-0.04014303
0.00077273
-0.02435448
0.00708118
0.01031244
-0.04274247
0.01134495
-0.00053362
-0.03913830
-0.02920397
0.04539669
0.00764736
0.02722875
-0.00415490
-0.10914280
-0.00969872
0.00970769
0.01071289
0.09701395
-0.03070248
-0.04397288
-0.05681230
-0.00242007
-0.06662339
-0.01236669
0.05161819
-0.00781920
-0.01531453
-0.01896496
-0.01622198
-0.04823435
0.01135681
-0.03861874
-0.03484104
-0.04453179
-0.01455216
-0.00604791
0.04362916
0.04695505
-0.02204053
-0.02168624
-0.03748878
-0.03755033
-0.00897772
-0.01798264
0.00489565
0.05738791
-0.00611953
-0.01153014
-0.00499556
0.00337777
-0.06343699
-0.02298672
0.03875596
0.01027609
0.05544865
-0.00066380
0.01355099
-0.05599872
-0.02960507
0.01281455
0.00996211
-0.02736060
0.04819911
-0.01972767
-0.08556215
-0.03707646
0.00756943
-0.05702041
-0.04828322
-0.02239847
0.04192144
-0.03416510
-0.06828599
-0.03312835
-0.00463112
0.00460939
0.03638871
0.02020836
-0.03446024
-0.01485738
0.04192682
0.00813063
-0.03179997
-0.01225965
0.03400553
-0.02049553
-0.00040122
-0.02876800
-0.01909774
0.01463863
0.00846940
-0.01796794
-0.00703293
-0.01830628
0.03487816
-0.01831464
0.03209492
0.00183923
-0.00140773
-0.00153618
-0.00413638
-0.01164146
0.00210764
-0.01912754
-0.03662653
0.01120785
0.01773122
0.02242054
0.04138714
-0.02162564
-0.04596083
-0.03073182
0.04563336
-0.02623329
-0.02555984
0.01274309
0.02502818
-0.01652360
0.01208385
-0.02723278
-0.05266203
0.00278992
-0.00965759
0.01494395
-0.00038849
0.00563489
-0.06790720
-0.00147511
-0.04127301
0.07957885
-0.02492436
0.00893050
0.03439226
-0.00526989
-0.01924142
0.00456105
-0.02487909
0.00597700
-0.00488633
-0.02165790
0.02600547
-0.02251652
-0.00747709
0.04462043
0.05622111
0.00189797
0.00074853
0.02700359
-0.02141307
0.00977501
-0.03438368
-0.01186835
-0.00832517
0.00994566
-0.00301258
0.03646025
-0.00229258
0.00903809
-0.01185265
-0.02688775
-0.00388903
0.05436283
0.00154782
0.02573080
-0.00158009
0.04858289
0.02184270
0.00608073
0.04945241
0.00321258
-0.02367128
-0.02215058
-0.03146482
-0.02933697
0.01043873
-0.02772407
-0.02271202
-0.02769290
0.00622401
-0.02007503
-0.01083718
0.00551733
-0.01475810
0.01051472
0.02067304
0.01045372
0.01949172
-0.00757097
0.03024068
0.01889050
0.00850129
0.00377411
-0.03091609
-0.03196944
-0.00765911
0.00946450
-0.00134072
-0.00201075
0.01256768
0.01700438
-0.01234689
-0.00910673
0.01558124
-0.01742876
-0.02997587
-0.02303397
0.05112506
-0.02885145
0.04223772
0.00912878
-0.02611656
0.02066506
0.07627950
0.03065820
-0.02907999
0.02105692
-0.04673507
-0.02247987
-0.05482085
-0.02132085
0.02339526
-0.01150339
-0.01375933
0.02346970
0.03279554
0.04035842
-0.02320068
-0.07184871
-0.02261906
-0.02041086
0.03076776
0.01316301
0.02024457
-0.02583146
-0.01140822
-0.01558291
0.03409426
-0.02712080
0.03129003
0.03222245
0.04391473
0.06555719
-0.02510396
-0.02128277
0.00867617
0.01051514
0.00594517
-0.00645787
0.01409712
-0.01167686
-0.03149987
0.00572995
-0.01279854
0.01656619
0.02583940
0.00875556
0.01027005
0.04500317
-0.02244936
0.02878856
-0.01386296
-0.01628473
-0.00344357
0.07705090
-0.02357826
0.00946435
-0.02440049
0.00809428
-0.00917599
-0.06388392
0.02380897
-0.00709752
0.02643912
-0.02818448
0.00284644
0.00457413
0.01752915
-0.05131180
-0.00800265
0.04659517
0.01417702
0.05157112
0.01095834
-0.02802628
0.02346571
0.01191808
-0.00683852
-0.00858585
0.04606760
0.00363529
-0.00922437
0.05300032
-0.03258355
0.04450531
0.01614261
-0.02462140
0.01184759
0.01321337
-0.00660165
0.02442559
0.00489766
0.07202043
0.02985566
-0.00417058
-0.07262333
0.09253667
-0.01603321
-0.00677588
-0.07275109
-0.00335905
0.00770885
0.02694424
0.03269514
-0.02998453
-0.02635629
-0.00433333
-0.00709122
-0.01259074
-0.01370990
-0.05158827
0.02115589
-0.04736906
0.04782892
-0.03180016
-0.01973546
-0.03938029
-0.01227358
-0.04459384
0.01641070
0.00686681
-0.01474328
-0.03878829
-0.02466117
0.01122250
0.05628333
-0.04442820
-0.01446197
-0.04123681
-0.01370685
0.01857920
0.05924524
0.00762589
-0.02703374
0.04637707
0.02282051
-0.01709985
0.00245988
0.02374044
-0.02515802
-0.05219669
0.00481015
-0.01684982
-0.06975990
-0.02036554
-0.03060510
-0.00794849
-0.00693653
-0.02924073
0.02099057
-0.06441776
-0.03600318
-0.03978166
-0.03547504
-0.13031349
0.03253790
0.08702479
0.01332053
0.00235062
-0.01093718
-0.00257351
-0.02919516
0.04098961
0.00980891
-0.02886553
0.00669414
-0.00515520
-0.01821205
0.00659265
0.02188147
0.00203577
0.01911859
-0.01887030
-0.02174287
-0.05972708
0.00196585
0.00073439
-0.01088533
0.00903933
0.02688777
-0.00251659
0.01778136
-0.00849137
-0.02933429
0.03681753
0.03889582
0.01531135
0.00187068
-0.03979859
-0.02375182
0.00834742
0.04609028
-0.01963643
-0.01048948
-0.00477481
-0.03257530
-0.00506829
-0.01494968
0.01686571
0.00682527
-0.03247593
0.02133221
-0.02472378
0.02270976
0.00225465
0.00487817
0.00097707
-0.01827177
-0.00361131
0.01521797
0.00380669
-0.01215561
0.04951933
0.00625800
-0.00246836
-0.05947125
-0.03336082
-0.00770066
-0.01233004
0.03732874
0.03131860
-0.02696954
0.01523880
-0.04350054
-0.00306393
0.01236288
0.02879712
0.06527563
0.03629049
0.04705839
-0.00375244
0.00393903
-0.00503432
0.00417710
-0.01968711
-0.02518282
0.00848063
0.02376880
-0.06017120
-0.00716594
-0.02466175
0.03275258
-0.04415813
-0.01241012
-0.00687617
-0.01023201
0.00749862
-0.01317567
-0.02115267
-0.00001717
-0.00120535
-0.02069348
0.02676320
0.00014847
-0.03918450
-0.01186898
-0.00796556
0.01573687
0.06385400
0.05302388
0.05652069
0.03081700
-0.00770030
-0.00444552
0.05140882
-0.03053885
0.02267428
-0.00219412
-0.04032353
-0.02081502
-0.03521243
0.00406900
-0.02266786
-0.02548950
0.02669144
0.05253253
0.01240862
-0.00470607
-0.00566361
-0.01995151
-0.00329311
0.00978561
0.03081796
0.04683710
0.01627215
-0.03212899
0.01218822
0.00279373
0.01409772
-0.01278038
-0.02306723
-0.00136735
-0.05416058
-0.01863656
0.00308790
0.01716848
0.01916954
-0.02160476
-0.00131982
-0.01152584
0.03476223
-0.02908639
0.02819580
0.01654383
-0.02132897
-0.08035729
0.01037279
0.01911196
0.07416550
-0.00299949
0.00938870
-0.04758326
0.04681896
0.00423278
-0.02174936
-0.04125614
0.00715352
-0.00406214
0.01339423
-0.06539528
0.09422324
-0.00449974
-0.01296965
-0.00927882
-0.02327091
-0.00440655
0.00567304
-0.03484908
0.06336823
-0.02740497
-0.00108904
0.00261490
0.00747322
-0.02935047
-0.03225939
-0.01853625
0.00734393
0.00605696
-0.10331868
-0.02140596
-0.00015460
-0.03722631
-0.04701472
0.02151002
0.00301371
0.07010350
0.00208206
-0.00506553
0.00322818
0.00746640
0.01380009
-0.00570248
0.00473517
-0.03143361
0.00666812
0.04455969
-0.00549182
0.02133161
-0.00436625
0.01385328
0.02601967
0.01367159
-0.00271554
-0.00223681
-0.00455950
-0.03087240
-0.03999539
0.00723166
-0.01511412
-0.02969016
-0.00908877
0.01113955
0.02059401
0.00612481
0.03578111
0.00630658
0.03617014
0.01186058
-0.00156436
-0.02993424
-0.04323341
0.00847595
-0.00757439
0.04205775
0.08715786
-0.00589443
0.00380149
-0.00958341
-0.00145160
0.00073962
-0.00641333
0.01000026
-0.03905129
-0.02166788
0.00699789
0.00512177
0.02201614
0.01563980
-0.03224805
-0.00269181
-0.00679163
0.01037498
0.01766621
0.02318769
0.01850339
-0.01494752
-0.01297010
-0.01122800
0.00354769
0.00017708
-0.01877369
-0.02184590
0.00121327
-0.00710723
-0.03450518
-0.03102705
-0.01791482
0.03476965
-0.01112534
0.01350260
0.01554656
0.04552457
0.04166619
-0.00290645
0.03203619
0.02954144
-0.01895515
0.00574869
-0.00889417
0.00652448
-0.00959332
0.01274809
0.00136711
0.04314637
-0.02629515
-0.04903975
-0.05348197
-0.04062559
-0.05207707
-0.01255476
-0.00228070
0.02309116
0.02617913
0.03651001
0.02983004
0.02314178
-0.02938893
-0.00433520
0.00446358
0.03596105
0.04280946
0.00815234
0.00134176
-0.03516452
0.00419973
0.02118524
-0.00999568
0.01200452
0.00621378
0.01923064
0.02297529
0.00049166
-0.00542859
-0.09089296
-0.00674889
0.00357589
0.00852015
-0.03705395
-0.00498705
-0.02382162
-0.01663949
-0.01557715
-0.03187285
-0.02437980
-0.00181723
0.02201749
-0.02651115
-0.01297805
-0.00890762
0.02723329
-0.02013442
0.01505865
-0.00560252
0.02350214
-0.01503967
0.03045435
-0.01406067
-0.01861777
0.00994098
-0.03287055
-0.02246897
-0.02435655
-0.01080902
-0.00987730
0.01911542
-0.03926015
0.08423434
-0.01675314
-0.00161421
-0.00326135
0.02017401
0.02644846
0.01976076
0.02999249
0.01782840
-0.04024790
-0.01461576
-0.02284023
-0.04289816
0.00101448
0.02444974
0.00680211
0.06236465
0.00246277
0.03498809
-0.01858483
0.00351016
-0.01642896
-0.01903222
0.00218378
-0.05709949
0.02482605
0.02260959
-0.01086712
0.03930748
-0.01312846
0.03506732
-0.00799035
-0.01467011
-0.02067808
-0.00510031
-0.02612595
-0.00234535
-0.02217925
0.02536817
0.04148757
0.04693315
0.04457710
0.05882843
-0.00383578
0.01193204
0.01795243
-0.01967840
0.01651768
0.03365858
0.01706503
0.02936619
-0.00982229
0.01262955
-0.00111485
0.05319744
-0.00702572
0.04341083
-0.00301964
0.00992172
-0.02995946
-0.02239285
-0.04202697
-0.03915082
-0.01037252
-0.01047174
-0.00727608
0.01796667
-0.00688227
0.00114259
-0.02231321
-0.02069177
-0.03065552
0.00273442
0.03535067
0.00426830
-0.02378209
-0.08651121
0.02845473
0.02073262
0.06159586
0.06463127
0.02367928
0.00162253
-0.03615839
0.01945635
0.00674928
0.00620658
0.03392960
0.04566340
-0.03253281
0.01241628
-0.04322778
-0.01842982
0.06133114
-0.01899347
-0.02390873
0.01979876
0.00882210
0.00311826
-0.01296623
0.02588272
0.02689235
-0.00779983
-0.02138180
-0.01396129
-0.02744823
-0.01981968
-0.01981273
-0.00030017
-0.00654060
0.00480292
-0.05097095
0.00779261
0.02015566
-0.02633689
-0.02347270
0.04827264
0.02363422
-0.01468119
-0.00759950
-0.00929156
-0.02972690
-0.03299489
0.01221632
-0.01704453
-0.02639152
0.00495998
0.02579745
-0.01888560
0.03269668
-0.05505763
-0.05606089
0.00838074
-0.00760577
0.01948828
0.05652908
0.00284219
0.01450101
0.06712799
0.04904829
-0.00310884
0.00987289
-0.04183912
0.02576711
0.01031891
0.02354686
0.00020053
0.05009559
0.00398114
0.00327047
0.08857851
-0.02393571
-0.01722594
-0.01322200
-0.01027074
-0.01936900
0.00663778
-0.06709634
0.01168255
-0.00982780
-0.00232585
-0.00479169
-0.01380841
0.00521908
-0.04670748
-0.00534273
-0.04096865
-0.01205632
-0.00745741
0.01725578
0.01485760
-0.00424495
-0.02714166
-0.00320917
0.01329476
0.00934377
-0.01392304
-0.01219610
-0.00581042
-0.03586657
-0.01781874
0.00246399
-0.00078184
-0.03413687
0.01043998
-0.01264401
0.02968209
-0.03194064
-0.03031458
0.03449189
0.01492846
-0.02870086
0.02250998
0.00820954
-0.02040437
0.02403418
0.05846486
-0.00906878
0.01042165
-0.03615167
0.00090166
-0.00604255
0.00907262
0.03618322
0.00623508
-0.02091696
0.04212028
0.01804878
0.03839711
0.01342354
0.00279144
0.00440589
-0.02741590
0.00643357
-0.01992917
0.00054212
-0.05056163
-0.04216621
-0.03169005
0.02235221
-0.00403395
0.01896873
0.02167087
-0.05254129
0.00933172
0.04875801
0.02607468
0.01579027
0.07038456
-0.00457352
-0.03581300
-0.04212660
-0.00826093
-0.00875336
0.02957419
0.00635690
-0.00892186
0.11441150
-0.00862830
-0.01007777
-0.02164734
-0.09994429
0.00450063
0.01860554
0.06595537
0.07352078
-0.06783002
-0.05449951
-0.05890330
-0.01761919
-0.04967536
-0.02676214
-0.01707474
-0.02059386
0.05346189
0.11945564
-0.07807846
-0.02882512
0.02742697
0.01482637
-0.03089126
-0.04527057
-0.01685239
0.11579994
-0.00165813
-0.04933516
-0.08157624
0.03844498
0.00104477
-0.03896520
-0.01460138
-0.01449428
0.02891121
0.05881037
0.02188475
0.01201929
-0.03794662
-0.04296303
0.02644850
-0.03557320
0.05073324
-0.02126020
-0.05987415
0.06723733
-0.01248041
-0.01522819
-0.02965995
-0.00632114
0.02295463
-0.03922521
-0.02810421
-0.01142724
0.04137091
0.00788746
-0.02566677
-0.05434289
0.00841015
-0.00283707
0.08421054
0.02529046
-0.05782773
0.00790573
-0.05232306
-0.00796500
-0.10915358
0.02101789
0.02140415
-0.02596838
0.01031965
0.00145621
-0.04637038
-0.00424216
-0.00337856
0.05278388
-0.11193168
-0.04277479
-0.02576004
0.02113169
-0.00738824
-0.02837722
-0.07903610
0.01096341
-0.03427875
0.06084630
0.04346144
-0.00279330
-0.06035079
-0.06129637
-0.07558119
0.00401472
0.02803215
-0.01122176
-0.00749371
0.00693495
-0.05608820
-0.04409360
-0.00921012
0.05070264
-0.01548681
-0.02629516
-0.00204371
-0.00633597
-0.02633030
-0.02095994
-0.03133555
-0.00042410
0.05777027
0.04119940
0.00830183
-0.00428945
0.00978183
-0.03505930
0.01144506
0.01678670
-0.04418602
-0.01342695
0.01898215
-0.01841755
-0.00017524
-0.02051177
-0.02740790
-0.01090887
-0.01339770
0.01690415
0.02393269
-0.01070536
-0.01613156
-0.00096825
-0.04833896
-0.00767110
-0.01866280
0.00283030
0.01370962
0.00228594
0.00001342
0.05711665
-0.02141868
0.03203963
-0.09277330
-0.00750706
-0.01585895
0.02171312
-0.01000089
0.02905780
-0.00407427
-0.01760791
-0.04300273
-0.04333742
0.04731693
0.01830319
0.02696302
-0.00401935
0.07662468
-0.03512783
-0.01514824
-0.02234420
0.00034454
-0.02615889
0.00815206
-0.00419973
0.05243830
0.01081127
0.02440930
-0.00595674
0.00087810
-0.02166740
-0.03541638
0.02340795
0.00753367
0.00171562
0.04064842
-0.02407273
0.06056827
-0.00100111
0.01733416
-0.00366680
-0.03070674
-0.02228620
-0.03671804
0.00937715
-0.06170685
-0.00192183
0.02709603
0.00530538
-0.00395728
-0.03717805
0.04192558
-0.02980023
0.00162376
0.02047374
0.04485355
-0.00461584
-0.01063830
-0.03074400
-0.00613843
0.05774619
-0.01588694
-0.00975495
0.04380034
-0.00573013
-0.00504894
-0.00006326
-0.00646637
-0.02921347
0.01551606
-0.01784983
-0.00793297
0.00370508
-0.01787756
-0.00143586
0.00297569
-0.01251502
0.00378233
0.01472838
0.04114410
-0.00073978
0.02807380
0.00775247
-0.01610407
0.01527376
-0.04518453
0.00693907
-0.01456160
0.00780583
0.00391731
-0.01576369
-0.01873102
-0.01820554
-0.01649765
-0.00558181
0.01201765
-0.01302941
-0.07020555
-0.06079858
0.00004180
-0.05634548
-0.01368371
-0.00368346
-0.01716918
-0.02018977
0.00321121
0.09469510
-0.01964188
0.05086954
-0.01396006
-0.02589336
-0.02609525
-0.03657632
-0.02498209
0.00783849
0.00698787
0.02036701
0.01713870
-0.03618236
-0.00234992
-0.04535691
-0.03813016
0.04429691
-0.03035938
-0.01663177
0.00811267
0.00963695
-0.00526013
-0.00546160
0.01070184
-0.01139375
0.00288211
-0.00170534
0.01135120
0.03231752
-0.02966516
-0.00658314
0.01367527
0.02054506
-0.02364939
-0.00248664
-0.04154839
-0.05422696
-0.05406760
-0.00305282
0.00805515
0.04920309
0.05755633
-0.03040356
-0.00642503
-0.04526008
-0.00044483
0.00219235
-0.01674686
0.01550487
-0.04747152
-0.03217121
-0.01015229
0.00499752
0.00394041
0.02185852
0.00189951
0.00130380
0.02957917
-0.00311859
-0.00548444
-0.03751371
0.06412528
0.01146238
0.00228105
-0.00828606
-0.00582521
-0.05841907
-0.02399636
0.00163946
-0.01515383
0.00529423
0.01454378
0.00098026
-0.05856665
-0.08034244
-0.01448560
0.04708962
-0.02734075
0.07622544
0.05710057
0.00446337
-0.03811360
0.05098673
0.01894683
0.01047979
0.01983635
0.02257300
-0.00967486
0.00138395
-0.03566180
-0.01901069
0.01267506
0.05115123
-0.03658637
0.05877287
-0.05307441
-0.03135564
-0.08152954
-0.01818122
0.00387930
0.00583550
0.03577995
-0.03697950
0.00818911
-0.01266272
-0.00989031
0.04077452
-0.03474285
0.01499843
-0.02913138
-0.00163944
-0.02863600
0.07744285
0.02455399
0.05545337
0.00369259
0.00569394
-0.03671004
0.00800831
0.00673816
0.01217914
0.02852028
-0.04787702
0.02585504
0.03868387
-0.01758955
0.00242724
-0.02715173
-0.03138040
0.04444685
0.01116286
0.01036272
0.07697756
0.02947209
-0.02668032
-0.02407173
-0.03827071
-0.00318153
0.01522215
0.02923422
-0.04907241
-0.02034785
0.00288489
0.04719032
0.02433426
-0.03541075
0.00640231
0.03531538
-0.03430484
-0.00987547
0.02059833
-0.03110518
-0.01047501
-0.01490299
-0.03513955
-0.02913893
0.01539253
0.06769512
-0.02064242
0.01947287
0.02097137
-0.05440744
-0.02934806
0.01471942
0.01950785
0.00667042
-0.05377433
-0.09983274
-0.02940407
-0.02557210
0.06118628
0.03798162
0.03101571
-0.01239127
-0.07040589
-0.13608289
-0.02900163
-0.05776785
0.02825439
-0.02909403
0.04315577
-0.01497271
-0.00097774
-0.02604829
0.03157237
-0.03132678
-0.03876261
-0.05160872
-0.04627598
0.03159999
0.04479281
0.13045274
0.01408450
-0.06050872
-0.02123459
-0.05262787
-0.02202848
0.08097699
0.03677456
0.07473287
-0.05046191
0.00709181
-0.01785780
-0.03978480
-0.00742547
0.05762188
0.19493107
0.07437187
-0.00327538
0.03662659
-0.01250386
-0.00877556
-0.10422050
-0.00161211
-0.01218303
0.03587839
0.04179810
0.03194797
0.02395092
0.09644300
-0.05444330
0.01234822
0.02979797
0.05581302
0.00965132
-0.01798433
0.04259035
0.06814844
0.10162788
0.00489530
0.02553764
0.01391220
-0.01941156
-0.09490009
-0.01398919
-0.08760881
-0.03131376
0.02839089
0.00055432
0.03218497
-0.04706214
0.02361509
0.00506068
-0.01764404
-0.03493991
-0.01629710
0.02777456
0.06025442
-0.02128052
0.02890634
0.01703357
0.03138629
0.01997346
-0.01107884
-0.00894358
0.02865493
0.02734039
-0.03227470
0.01236535
0.03101622
-0.00770212
-0.00430858
-0.08739895
-0.00185406
-0.00324908
0.00622479
0.00589915
-0.07083159
0.01544126
-0.00508574
0.02104410
-0.01976550
-0.00027960
0.00718377
-0.02134313
0.00335299
-0.00594640
-0.01181062
-0.01274251
-0.02532968
-0.00597390
-0.04121590
-0.02554014
0.01987994
0.04478570
-0.02454206
0.02518602
0.00484589
-0.05495103
-0.01837020
-0.00376470
0.06767008
0.03829207
-0.00528577
-0.05259926
0.00108862
-0.04771074
0.00144182
-0.06128236
0.04166159
-0.01139678
0.01173109
-0.00317312
0.03339612
0.03671055
-0.01058301
0.01738629
-0.00708321
0.01808195
-0.04335840
0.05252206
-0.04297411
-0.00294735
0.01117429
-0.05496215
-0.01638148
-0.02758764
0.01624228
-0.00112250
0.00392360
-0.01798177
-0.04646252
-0.00579862
0.00160865
0.02213553
0.00433352
0.01638171
0.00393564
-0.01067203
0.04200426
0.01912293
0.01376953
-0.00009892
-0.01446930
-0.00572137
-0.00304570
0.03566029
0.01326067
0.03047753
0.01496160
-0.03856691
-0.00053439
-0.04539531
-0.02497486
0.04371187
0.03404837
-0.01512502
-0.07163961
-0.02371174
0.01090212
-0.01331999
-0.01577527
0.03664264
-0.04440873
0.01049636
-0.01335919
-0.00126973
-0.04655431
0.02414726
0.02478589
0.02089359
-0.00451603
0.03002069
-0.02094781
0.04258214
0.00336056
-0.04414884
0.06275485
-0.02041082
-0.01991188
-0.03147513
-0.02639589
-0.00088335
0.02454004
-0.03167511
-0.04650982
-0.00931864
0.00927503
-0.00237631
0.01194514
-0.00132641
0.07084657
0.03643323
0.03720345
0.05932246
-0.05552614
-0.01081717
-0.01742102
0.00544328
0.07199246
0.00164129
0.01949963
0.01839956
0.01130121
-0.00287240
-0.03188720
-0.01617536
-0.03257989
-0.02819649
-0.03559814
-0.04142400
0.02341827
0.00363379
0.01946019
-0.03210258
0.01878725
0.00608710
-0.05028979
0.01542266
0.01283483
-0.00911677
0.08605940
-0.01060820
0.02422774
-0.06272744
-0.05815888
0.00817382
0.01190209
0.00457585
-0.05723857
0.02775173
-0.09423049
-0.06665055
0.05815277
-0.02672061
0.02229810
-0.03421947
0.04161011
-0.00305347
0.02748877
-0.02040246
-0.01628524
-0.01547790
-0.01202719
-0.00560674
-0.00412628
0.01331369
-0.02299145
0.00368765
0.03808255
-0.00188574
-0.01414665
0.00089510
0.00983676
-0.02219402
-0.00304541
0.01023369
-0.02457334
-0.01196912
0.00344362
-0.00552231
-0.02548407
0.00538196
0.00388132
-0.01921087
0.05848150
0.02727784
0.02058070
-0.01099627
0.02486747
-0.00615376
-0.01497941
0.02611032
0.04844414
0.00124875
-0.00273361
-0.00433359
0.08288179
0.00445882
0.00028288
-0.00359747
-0.04323461
-0.03498640
-0.01267167
-0.01879479
0.00456983
0.01790574
-0.02571970
0.01032312
-0.04740386
0.05776772
0.01423856
-0.00162698
0.00486443
-0.01992777
-0.03841450
-0.02359736
-0.03920349
-0.00091133
-0.01914489
-0.00183825
0.01544334
0.01814072
-0.03918888
-0.05522294
-0.01477502
-0.02222233
-0.01395499
0.00180811
-0.00486683
0.01491031
0.04598407
-0.00798465
-0.00276768
0.00044844
-0.00164440
-0.00529376
-0.03817819
-0.01100770
-0.03019596
-0.01706158
-0.02649837
-0.01880317
0.01667540
-0.02687629
-0.04631041
-0.06218372
-0.02064450
-0.03224560
-0.01739313
-0.02532261
-0.00849252
0.02583294
0.01431904
-0.01547023
-0.01725946
0.03461758
0.01689193
0.07966544
-0.00897293
0.02267431
-0.03312470
0.00866577
-0.02555007
-0.00793725
-0.00162782
-0.01286845
-0.02444609
-0.02023744
-0.01287424
0.01220029
-0.02216898
-0.04509802
0.00390300
0.00317973
-0.02697479
-0.01391362
0.02693289
-0.03683656
-0.03309073
-0.03494949
-0.02643489
-0.02183296
-0.01274345
0.00512209
0.00239717
-0.03481139
0.00333422
0.00472972
-0.04056583
-0.01119307
-0.02154852
-0.02241087
-0.05076207
-0.00650000
-0.00654673
-0.00121438
0.02258221
0.01304663
-0.03364220
0.00019107
-0.04822323
0.00749537
-0.01831139
0.01466278
0.02155835
-0.03933586
-0.00302703
-0.03885410
0.05027538
0.01156014
0.01019587
0.01194236
0.01345342
-0.02956017
-0.02934973
-0.03773173
-0.00688779
0.00901283
0.01550444
0.02872469
0.04723647
0.00944657
0.00938978
0.00062285
0.03341361
-0.02123532
-0.02276635
-0.00125058
-0.00730489
-0.00272641
0.02349313
0.00027900
0.02187080
-0.02060318
0.01675690
0.00537659
0.01995033
-0.02900083
-0.04192886
0.01395048
0.00952041
0.03646068
0.04614212
-0.00237028
-0.01233980
0.02206852
-0.05186721
0.01174591
0.00266054
0.00324551
0.02462287
-0.01266472
0.01413492
-0.00186704
0.00993794
-0.03759060
0.01978251
-0.00663019
0.03021388
0.00189653
0.00484036
0.00866922
0.00086822
-0.00875991
-0.02376421
-0.00389932
-0.00492701
0.01822425
-0.00895899
0.01661842
0.01446444
0.00736843
-0.00929263
-0.01153664
0.02557698
0.01448757
-0.00083575
0.03493073
-0.01798207
-0.00582829
-0.02613306
-0.01638050
-0.00825100
-0.02636095
0.01706450
0.00315427
0.02301469
-0.00812598
-0.03256695
-0.02837413
-0.01138789
0.06142952
-0.00049788
0.00338095
-0.03190995
-0.03275090
-0.00259542
0.00834962
0.01439700
-0.00592002
-0.02358609
0.00085464
0.00297883
0.01975283
-0.01390442
0.00097246
0.00547548
0.02525876
0.00170006
-0.00539836
0.01205632
0.01027975
-0.00531530
0.03226940
-0.00054525
-0.00863938
0.00883233
0.02254134
-0.00582258
-0.01341187
-0.03481520
-0.01743443
0.00404174
0.02314234
-0.03738362
-0.03282380
0.01666792
-0.01521505
-0.00013662
0.00395851
-0.00290413
-0.03061322
-0.00313571
0.03973795
-0.03496761
0.00021701
-0.00849569
-0.02560677
0.00502840
-0.01370495
-0.02480169
0.03458912
-0.00849229
-0.01791336
-0.02911731
0.04025706
-0.01101350
-0.00361799
-0.00831691
0.01599522
-0.02115695
0.02716993
0.00430337
0.02406590
0.04909918
0.03200683
0.04526402
0.00026858
0.00618656
-0.03374321
0.03231941
0.03403295
-0.03339737
-0.01809591
0.04425987
-0.02495492
0.01081773
-0.04669553
-0.01359297
0.02482386
0.00992571
-0.04272849
0.02928563
-0.00083328
0.04901841
-0.00452340
-0.02762305
0.01298881
-0.02299961
-0.02077509
0.04330890
-0.01060792
0.00594805
0.00004695
-0.01301946
-0.03975351
-0.02326751
0.01790253
0.02596028
-0.01308508
-0.01871869
-0.04740101
-0.02082050
-0.00184842
-0.02726041
-0.04322765
-0.00753187
-0.01641891
0.03883872
0.02592654
0.04732170
0.00084934
-0.02290300
-0.02037940
-0.02691976
-0.03405137
0.01260478
-0.00493982
0.02408210
-0.01511534
0.00749099
-0.03369138
0.00158784
-0.02777025
0.02926242
0.01018707
-0.00161130
0.03692633
0.00124561
0.03173891
-0.00992122
-0.06397846
-0.03249633
0.04903523
-0.03679622
0.02369642
0.01004353
-0.01350707
-0.00223184
-0.00161111
-0.02217208
-0.04998956
-0.01160595
0.01323116
-0.01660588
0.00679248
-0.02933700
0.00127835
0.01382730
0.05760319
-0.02134642
-0.02082946
0.01158731
-0.00847852
-0.00906395
-0.03075981
-0.06016989
-0.00888397
0.01651267
-0.02400117
0.00388052
0.00621495
-0.03072838
-0.00434072
0.01172792
0.00199512
-0.01694951
-0.05307753
0.00392901
0.04390447
-0.03758511
0.02004263
0.00371517
-0.01204809
-0.01129103
-0.00225878
-0.00016651
0.02122609
-0.05228949
-0.01320305
0.00154287
-0.00055346
-0.02361874
-0.03202774
0.02360039
0.00217020
-0.03865154
-0.00620313
0.00189329
0.05006059
-0.04083921
-0.02975813
-0.02354704
-0.01889983
0.01350659
0.02352201
0.02828835
-0.01026610
-0.01650733
0.02372014
0.00170059
-0.02013171
-0.04764668
-0.01339632
0.00861881
-0.01177819
-0.01402072
0.02184275
0.00333616
0.03454440
0.00453441
0.02464665
0.02099645
-0.00089535
-0.01111463
0.01256931
0.03637883
0.01846565
0.05467408
0.02500097
-0.01283061
-0.01573062
0.03723283
0.00138744
0.00458527
0.01170173
-0.03637704
-0.02059277
0.01732479
0.01583363
0.00478697
-0.00536568
0.02689206
-0.02083302
-0.03055222
-0.03543145
-0.03841261
-0.00809546
0.00239543
0.03751088
0.01348599
-0.00405092
0.00273694
-0.00045756
0.03055314
-0.00879408
-0.00790579
-0.08737530
0.02548891
-0.02194470
0.05143696
-0.05670536
0.00669727
0.00047508
-0.06802417
0.02441304
0.00202528
-0.04573040
0.01238967
0.02304545
0.03986964
0.00227654
-0.03858880
0.00742390
0.03286934
0.06091162
-0.01603448
0.02309807
-0.05401687
-0.01253414
0.02763027
-0.00727482
0.02335047
-0.03881143
0.00790922
-0.02534690
0.08480054
0.04416435
-0.03382483
-0.03239294
-0.05215336
0.00625746
0.00082499
-0.01506202
0.02418010
-0.02399949
-0.01957255
0.00004513
-0.00199938
0.00810314
0.01397694
-0.00986160
-0.01517267
-0.02041202
0.00664641
-0.02624538
0.00126638
0.06281258
-0.05258668
-0.06214966
-0.01038653
0.01063032
0.04181980
-0.02746666
-0.06172354
-0.02741787
-0.01293238
0.00124210
-0.05347940
-0.00803007
0.07876271
-0.03322690
-0.04055526
0.01775402
-0.06656428
0.01142618
-0.04544443
0.10603021
0.01048789
0.02090619
-0.01569900
-0.00256550
-0.03437763
-0.06344271
0.03784003
-0.05825835
-0.05223772
-0.00623870
0.03427482
-0.02190806
-0.01533370
0.01561272
-0.04906585
-0.05062709
0.05891744
-0.05304571
-0.01390985
-0.00882810
-0.02174994
-0.00148735
0.05164030
-0.03018888
-0.03558565
-0.02068304
0.05485699
-0.00872595
0.01223906
-0.02950374
0.06774177
0.00972719
-0.01948467
-0.02194235
-0.03577711
-0.02584410
0.00997038
-0.02311371
-0.00886345
0.02871768
-0.06419645
0.02402366
-0.03294983
-0.04150044
0.02043906
0.01518939
-0.00789441
0.02473695
-0.01356242
-0.00847051
0.08592147
-0.02079157
-0.02165957
-0.01745087
-0.07997134
0.01898113
0.09291144
-0.04157871
0.01701385
-0.03642753
0.04006271
-0.00620702
-0.01463416
-0.01076572
-0.02319066
-0.01610798
-0.01347262
-0.05740965
-0.02681464
0.02267995
0.05593851
0.03703805
0.01559560
-0.00741664
-0.00933725
0.00009528
0.03928393
0.04603953
-0.06480575
-0.02222986
-0.06362589
0.02536337
0.03758599
-0.01059158
-0.00031533
-0.03665468
-0.02421598
-0.03376286
-0.00315605
-0.00966609
0.04926325
0.03501709
0.04572386
0.03813846
-0.00573283
-0.08154909
-0.03712393
-0.00410552
0.05114510
-0.05231540
0.00578558
-0.03118568
-0.03153933
-0.03737574
-0.01287176
-0.00609593
0.00551581
0.05409272
0.05610583
-0.08452590
-0.01504560
-0.04587180
-0.07442370
-0.03613089
-0.02648737
0.03815834
0.06609301
0.04924337
-0.01360021
-0.10952289
-0.05269962
0.00916597
0.04407354
0.03791299
-0.02121554
-0.02477304
0.04508005
-0.04238244
-0.02407435
0.02615026
0.03845477
-0.00281775
-0.01150623
0.01916473
0.00175140
0.00339642
-0.00241564
-0.02370427
0.00173258
0.04790008
-0.02750277
-0.00092661
-0.03180525
0.01092565
0.01610787
0.00169395
0.01330932
0.01506098
-0.02035258
-0.00619594
0.01942736
0.05597556
-0.03770566
-0.03770190
-0.01132335
0.02424185
0.01834159
0.00532896
-0.01314587
0.00390782
-0.02199488
0.01549566
0.01952789
0.03038232
0.00029286
-0.03426122
-0.06187721
-0.00229568
-0.03973950
0.06801426
-0.02089860
-0.01626853
-0.01738261
0.00386951
-0.01535976
-0.05005380
0.04606285
-0.02558812
0.00368346
0.01554852
-0.00118266
0.02349080
0.00899998
-0.00557772
0.01450563
0.03036642
-0.02095135
-0.02821175
-0.03052277
0.01648739
-0.02172212
0.04160137
-0.01020470
0.00506262
-0.02832217
-0.00771661
0.02030930
0.00626459
0.00614626
0.00920581
0.00104540
0.01767791
0.02652472
0.00424902
-0.03703791
-0.03380987
-0.01049110
0.00887209
0.03665928
0.06434356
0.02504351
-0.05588633
0.01564647
-0.00444912
0.02467241
0.04119994
0.01539904
-0.02293164
-0.00214362
0.00651475
-0.02490335
0.02207657
-0.02056051
-0.01322436
0.01082933
-0.02049153
-0.02450444
-0.00388550
0.00231460
-0.01901191
0.01914413
-0.03924085
-0.02517462
-0.02714822
0.00670789
-0.04984511
0.00902086
0.01500640
-0.02724764
-0.00159400
0.02353663
0.01346349
0.00906595
-0.02423084
-0.01596053
-0.00180167
0.02718088
0.00755582
-0.04337901
-0.02071012
-0.05077918
0.01957268
0.00181432
-0.03978723
0.00068389
0.06701164
-0.01723392
-0.04819791
-0.03970329
-0.02846528
-0.04603320
0.01003100
-0.04738822
-0.01424915
-0.02048622
0.06481600
0.02720318
-0.00564819
0.05125561
-0.04365574
-0.01115499
-0.01056735
0.01310433
-0.00940171
0.04437154
0.02226673
-0.00467252
0.03391817
0.00832667
0.01150311
-0.01486710
0.01954291
0.05515284
0.05827767
0.00125964
0.00289905
0.02660770
0.01390030
-0.01545690
-0.03172884
0.00431609
-0.02897282
0.01100793
-0.00845112
-0.01215909
0.01826710
0.04114426
-0.01482810
0.02694237
-0.02731613
0.02580110
-0.02409990
-0.01579517
0.00351069
0.02757091
0.04094577
0.04337074
-0.03067262
0.01329204
-0.00387447
0.00202772
-0.05045829
-0.01036580
-0.04593569
-0.05606620
-0.07740042
-0.05812762
-0.00787312
-0.01843326
-0.00281471
0.01819143
-0.07802022
-0.02058845
-0.01283044
-0.00116941
-0.03170470
-0.00115893
-0.02427354
-0.00907441
-0.01163875
0.02782477
-0.00578276
-0.02286896
-0.00409818
-0.04759162
-0.04360982
-0.00251062
-0.01803776
-0.03154130
-0.04049695
-0.01934945
0.01988749
-0.01203811
-0.05060391
0.04321977
0.01450859
-0.03386241
-0.00872716
-0.03707559
-0.01219214
0.00437869
0.05618591
-0.00822484
0.01758053
0.02615634
-0.03210527
-0.01019919
0.07857858
0.02171536
-0.02590239
-0.04991186
0.00568870
0.03393232
0.02242090
-0.00114877
0.01721816
-0.02564267
-0.04684123
-0.07978222
0.02068822
-0.00492613
0.00442689
0.03716905
0.00343425
-0.01046661
0.02060669
-0.02299231
-0.04915587
-0.00344921
0.07286286
-0.04187309
0.00963308
-0.02269556
-0.00264721
-0.03647104
0.04569489
0.00718935
-0.04434381
0.00506489
-0.00629905
-0.01672347
0.01089185
-0.00630990
0.06970030
0.04057937
-0.00623708
-0.01252738
0.00811866
0.01717810
0.00438070
-0.00080798
0.03624640
0.04589552
-0.02562435
0.00235907
0.01052943
-0.02139756
-0.05031534
0.01345721
-0.01220962
0.04866631
-0.00068097
0.04071370
0.04356051
0.06709710
0.07162302
0.00420815
-0.02982638
0.00685962
-0.01585566
-0.01440413
0.01579755
0.02190112
0.01329316
0.01690115
-0.03768528
-0.04455932
-0.05249971
0.00984029
0.00603418
-0.01703244
0.01160658
0.02303939
0.00741144
0.00408549
0.01604749
-0.01544465
-0.00739549
-0.02529925
0.02238359
-0.06493353
-0.02476788
0.01179100
-0.00860212
0.02961947
0.01139468
0.03205097
-0.01061338
-0.02466897
0.02129373
0.01355030
-0.00423377
-0.02693740
-0.00925322
0.00779420
0.03695321
0.02483668
-0.02187933
0.00461512
0.00643104
0.05128800
0.00961994
-0.01722994
-0.02090715
0.01944529
0.01848462
0.02699785
0.01351537
-0.00314102
-0.00122826
-0.01100794
-0.00646767
0.01147535
-0.01442160
-0.02614922
0.02102742
0.05745773
-0.03776708
-0.03171990
-0.03952295
0.00425101
-0.00635033
-0.00146935
-0.00355373
0.06525410
-0.01123369
-0.04100698
-0.00453965
0.00733568
-0.02035641
0.01766926
0.01830719
0.03634059
-0.02409578
-0.03065038
-0.04102725
-0.00548322
-0.09339423
-0.04497474
0.03233586
-0.00959796
0.07268235
0.04153137
0.00461460
-0.03057716
-0.00070642
0.01525689
-0.03286560
0.00803090
-0.10511205
0.00305764
-0.03383573
-0.05548969
0.00531728
-0.06133839
-0.01295461
0.01847345
0.00762158
-0.05104291
0.01170003
0.01854318
-0.02550299
0.02473011
0.04816030
-0.00887338
-0.04764618
0.03807788
0.03982346
-0.03269224
-0.01385148
-0.01580509
0.02051359
0.02231807
0.01500070
0.01497660
-0.00511492
0.00742978
-0.05171860
-0.02438376
0.07267057
0.01286198
0.02963400
0.05082030
0.05577460
-0.00062962
0.03586989
0.06390893
-0.05348752
-0.02876618
-0.00148676
-0.00435608
0.02685100
0.02489118
-0.01277355
-0.01943440
0.00525824
-0.00899820
-0.02082930
-0.03399929
-0.03003867
0.01320134
0.00476571
0.00100871
-0.05261865
0.02074214
-0.00817755
0.04218875
0.03849519
0.00699303
-0.00015091
-0.02321553
0.01565817
-0.03366330
0.00364831
0.00952376
0.03967608
0.00532226
0.05053131
-0.05728229
0.00624245
0.02904231
0.03624448
-0.04227408
-0.06063543
-0.02543355
0.03495164
-0.05603291
0.05335132
0.03544034
-0.01160304
0.12582886
0.04998252
0.07378264
0.00707726
-0.01422623
0.01772951
-0.03455745
-0.04773574
-0.03805628
-0.04409435
0.05064421
0.02077060
-0.00463199
-0.05460559
-0.04856458
0.01905852
-0.00029410
-0.01537387
-0.00093760
-0.03667576
0.06206584
0.00292434
0.03460959
0.00736719
0.03415386
0.00285307
-0.04559702
-0.00447348
-0.02616494
-0.03285529
-0.02275273
0.01026120
0.02068636
0.00446224
-0.03073186
0.01633442
0.02105878
0.00354834
0.03331947
-0.01136645
-0.03055661
-0.01939538
-0.02430512
-0.00742044
-0.01374400
0.02985697
0.11843912
-0.04538510
0.03158078
-0.04598005
0.05610348
-0.01146600
0.01970547
0.05140490
-0.02601810
-0.00535428
-0.00345067
0.02563622
-0.02334267
-0.00875684
-0.01393622
-0.03960513
-0.04965091
0.05112372
0.00927220
0.02141728
-0.03632845
-0.00501007
-0.05049125
-0.04950428
-0.01053436
0.03702110
-0.00748665
-0.02009800
-0.00585330
0.02501439
-0.02887277
-0.04886562
-0.01854304
0.02387536
-0.02733339
0.00546479
-0.02938988
0.04048665
0.02272932
0.01358338
-0.00026623
-0.00879123
-0.00432542
-0.01382616
-0.01883711
0.00819710
-0.04043839
-0.04930587
-0.03952996
-0.00774873
-0.01479714
-0.03616360
-0.03601971
0.00495856
-0.06674111
-0.08017346
0.01078007
0.00981037
0.02568398
-0.00409947
-0.03386357
0.01923187
-0.01803104
-0.02302612
0.00210794
0.00364573
0.04198956
-0.02544351
-0.00494717
0.02717110
-0.02032542
-0.00273701
0.05319898
0.01567566
-0.03031565
0.03758945
0.01810369
0.02461858
0.01410391
-0.01793621
-0.01564849
0.00505424
0.00487491
0.02596956
0.02150783
0.00933236
-0.01671725
-0.00474704
-0.00082178
-0.02888642
0.02075428
0.02259710
0.00275665
-0.01759923
0.01476005
-0.00404076
-0.00044879
0.00841387
0.00488728
-0.01868520
0.02577875
0.02148286
-0.01388682
0.06473570
0.02114716
0.00629470
-0.05012748
0.06891069
-0.00906079
0.02767016
-0.02388710
0.00702907
-0.00169960
-0.06293383
-0.00654611
-0.02457177
0.00529391
-0.00273462
-0.00938108
-0.02012629
0.03220186
0.00107590
-0.02147393
0.00133316
0.00120054
0.01397702
0.00833600
0.01643313
0.01414383
-0.01589969
0.00734746
-0.00334413
-0.01162459
-0.02659920
-0.00510852
0.00273748
-0.02722063
0.02568392
-0.01239686
-0.01694122
-0.00319194
-0.04565214
-0.02815134
-0.00177919
-0.02325480
-0.02020816
-0.02406321
0.00498260
0.02976131
0.09815518
0.02137733
-0.00880492
-0.00635265
-0.01081331
-0.05347838
0.04105561
0.00945646
0.09150933
-0.03033757
-0.04714277
-0.05436591
-0.05784357
0.05055544
0.01446032
0.04888453
0.03315706
-0.00562291
-0.04184699
-0.00879548
0.06958484
-0.06775585
0.00033711
-0.00708421
-0.01671057
-0.00026452
0.01912626
-0.05113124
0.02102208
0.05348098
-0.00322737
-0.01377294
-0.03622435
0.06431387
0.01361548
0.00003896
-0.05662150
-0.03668937
-0.00335743
0.00310512
-0.00973321
-0.01821764
0.01722626
0.01653563
-0.01923824
0.00254338
-0.05583047
-0.01317569
0.00247801
-0.02201437
0.00568896
-0.01140633
-0.05043814
-0.03500042
0.04089016
-0.00100560
-0.01756246
-0.01684344
-0.03703522
0.01551396
-0.02503435
-0.01357715
-0.04684909
0.05742075
-0.00379319
-0.00880381
-0.01691668
-0.01148747
-0.05731994
0.01587507
0.02301063
-0.09753675
-0.03886103
0.00273137
-0.01734559
-0.02021065
0.05169522
0.03001969
0.01744027
0.01094891
0.09038820
-0.01650500
-0.04401324
-0.00601689
0.02046437
-0.03692871
-0.05544623
-0.03717431
-0.01702429
0.00935671
-0.05010257
0.03364237
0.00979195
-0.04786371
-0.05195975
-0.01206111
0.01132007
-0.01382488
-0.00022400
-0.05106652
0.00070929
0.08901982
0.03990603
-0.04394040
-0.00258790
-0.01891438
0.01625897
0.00379335
0.00473288
0.04422132
0.02399128
0.00927413
-0.01565641
-0.00544269
-0.00355479
-0.01729799
-0.01342186
-0.00976642
-0.03081465
0.01085586
0.01666886
0.02090915
-0.04046106
0.00272040
-0.00548374
-0.02391479
0.00771932
0.00290802
-0.02027206
-0.02201498
-0.01265071
-0.02679426
-0.00912741
0.02153587
-0.01496076
0.01275500
-0.01231649
0.00749628
-0.03120057
-0.02512996
-0.01655677
-0.00794039
0.03221061
-0.01970647
0.01794697
-0.01783564
-0.03879227
0.01581997
-0.01246960
-0.01194834
-0.01500845
0.00183129
0.00720022
0.05555023
0.04194986
0.05774343
0.00169594
0.00412467
-0.01336671
-0.00433342
0.03434861
0.01885001
0.01099807
0.02915288
0.00011721
-0.01620002
0.03564987
-0.02340582
-0.01179625
0.01787511
0.03879462
0.06179669
-0.01596499
-0.01304777
-0.00443672
-0.03866986
-0.02837120
-0.01670553
-0.00731505
0.01825332
0.01980055
0.01308397
0.02442780
0.02288896
0.01311582
0.02203505
0.02082986
0.02489717
-0.01755912
0.04916336
0.01540306
0.03955050
-0.00633407
0.02486739
0.03881297
0.02035822
0.00304899
0.04676228
-0.02657352
-0.05387006
0.02783169
0.02232149
0.00763119
-0.02759082
-0.02561015
-0.04596939
-0.02964830
0.01566966
0.02891839
0.00040152
0.03184909
-0.02659360
0.00844267
-0.01619778
0.01162324
0.03136088
-0.01087929
-0.04173072
0.03007263
0.00788853
0.01225108
-0.01868404
-0.01900431
-0.01244809
-0.00543888
0.01783259
-0.00796104
0.00070204
-0.06374680
-0.01230789
-0.00306896
-0.06833000
-0.03277530
0.01211399
-0.02039109
0.00930418
0.00893958
0.01272123
-0.03160278
-0.05182686
0.00386326
-0.00459689
0.05201863
0.07987511
-0.03753673
0.01333868
0.04006122
-0.01513343
0.03351887
-0.04706979
0.00299740
0.03567760
-0.03421942
0.01916834
-0.00319853
-0.00848017
-0.00747747
0.01188194
0.02115899
-0.02890764
0.01241458
0.04169641
0.00582227
-0.01832953
0.00416617
0.02031182
-0.03432318
0.00938011
0.02494081
0.01498322
0.02458876
-0.00170068
0.01938817
0.00786272
0.00900827
-0.02984734
0.00880759
0.00110409
-0.02820993
0.00199440
0.03621360
0.05500102
0.02643177
0.00437723
-0.03612958
-0.06693018
0.00720342
0.02214018
0.01128430
0.00192097
0.00519320
-0.02393498
-0.00688917
-0.00409190
0.02461604
-0.00694414
-0.02756029
0.03785885
-0.00685508
0.01364774
-0.07708389
0.02034722
-0.00303837
-0.05942290
0.01124913
0.02495242
-0.03118943
0.00141825
0.00521903
0.01843300
0.04407580
-0.04303382
-0.01868191
0.03281904
0.03251371
0.02741309
0.00187047
-0.05624561
-0.02776265
0.00982044
-0.01144137
-0.00225714
-0.03375794
-0.03547982
0.02796149
-0.02675090
-0.00997180
-0.07774348
-0.02593879
-0.01809095
-0.00698520
0.03618455
0.00278364
0.00827771
-0.00504761
-0.01252730
0.02527255
-0.00273452
0.04165563
0.05283976
-0.02331801
-0.03689539
-0.00050135
-0.02672831
0.05977276
-0.01840501
-0.04231128
0.01452280
-0.04475966
-0.00796513
-0.01028452
0.04076726
-0.00606396
0.01651448
-0.05355527
0.00206649
-0.02537427
0.00297054
-0.03229597
0.11919841
0.01387314
-0.01343076
0.06326200
0.04069147
0.00398767
-0.05813404
0.09614579
0.00841774
0.06511868
-0.01184018
0.04760701
-0.07652979
-0.07339903
0.00749931
-0.01927565
-0.02205701
-0.00438901
-0.00385984
-0.00733946
0.01742885
-0.02724033
-0.05276074
-0.01227956
0.04275054
-0.00614858
-0.01728589
-0.00880612
-0.01487850
-0.02095880
0.00207951
-0.01489568
-0.05029703
0.01271349
0.00012283
-0.03239679
-0.01391199
0.00350797
0.04529528
-0.03674341
-0.03393281
-0.01625170
0.04691653
-0.02659189
0.02087933
0.03177418
-0.04754985
-0.01764076
0.01692112
0.14002536
-0.07518219
-0.02353263
-0.05965164
-0.05127471
0.01931632
-0.02067495
0.06652098
-0.00099533
-0.01549096
0.00696337
-0.01960646
-0.02531402
-0.04409112
0.01416214
-0.08219916
-0.04432785
0.04522084
0.05536000
-0.03620847
-0.00150948
-0.01577736
-0.01409039
-0.00141216
-0.01831813
-0.02345295
-0.00119443
0.00577897
0.01681140
0.04249098
-0.03015645
-0.02963021
-0.01761596
-0.02192539
-0.02367895
0.07623424
0.10584410
-0.04795638
-0.02183800
-0.09004167
-0.02533214
-0.04193145
0.05680179
0.01890425
0.01527372
-0.07550259
-0.02127336
-0.04059707
-0.00743325
0.09531907
0.03534111
0.06547577
-0.05737790
-0.04291744
0.00835739
-0.02359977
-0.01801532
0.04516353
-0.00707846
-0.01361024
0.02506138
0.05789232
0.03243508
-0.02928432
-0.01134385
-0.07081351
-0.02302022
0.00982241
-0.03957241
-0.03544030
-0.03163697
-0.03776434
-0.00915977
0.04085854
0.03085846
0.02795757
0.04684173
0.00969864
-0.01451013
-0.10587957
-0.03299821
-0.03746992
-0.01688265
0.02414538
0.09561084
0.00022026
0.04958235
0.03460893
-0.03626581
0.00844462
-0.01327624
-0.05739271
0.00239283
0.02796966
0.01055963
-0.02219775
-0.05181469
-0.00189328
-0.10735433
0.00227887
0.04134270
-0.02670052
-0.01422365
-0.01496443
0.01388844
-0.02336548
-0.00167132
-0.01898062
-0.02911216
-0.05770236
-0.00035918
-0.04593475
-0.00500110
0.00135907
-0.00048380
-0.01834784
-0.02562786
-0.00001715
-0.03653055
-0.01078184
-0.02033612
-0.00942033
0.02554893
-0.01527847
-0.03579976
0.05553006
0.03806569
-0.00167412
0.00319920
0.02842994
-0.03706153
0.03435431
-0.01566149
-0.02472627
0.04065726
-0.02259270
0.02793817
0.03882110
0.02011296
0.00035327
-0.01386045
0.00958127
-0.05201671
-0.00344090
-0.03377118
0.00863559
0.00084381
0.02041333
-0.00160428
-0.01330252
-0.03592991
0.03896314
0.01230767
0.00275104
-0.00005117
-0.02495996
-0.01493637
0.02521677
-0.00499674
0.05029136
-0.03575789
0.05270331
-0.05669255
-0.00191614
-0.00267284
-0.06370268
-0.02358964
-0.02722157
-0.04905647
-0.00119537
-0.03745962
-0.00124551
0.10880150
0.03555274
-0.01051147
-0.02904803
0.01346090
0.00935261
-0.01582235
-0.04478118
0.05741761
0.04756294
-0.06611009
0.01220496
-0.00890465
0.01950960
0.02179362
0.00987324
-0.00143559
0.02017909
0.01864511
0.01591319
0.08502872
0.01410707
0.01769721
-0.02000086
0.04891608
-0.03123900
0.00099664
0.02442084
-0.01607067
0.04118581
0.05851632
-0.02596314
-0.00612614
-0.02171205
0.07116394
-0.07949592
-0.01591848
0.04893984
0.01008323
0.05600157
-0.02144785
-0.03411496
-0.05133874
-0.01153180
-0.00190745
0.00147861
0.05608541
-0.05875637
-0.00052626
-0.05886806
0.00821164
-0.01015475
-0.03952581
0.02842163
0.02532507
-0.08181020
-0.02465704
-0.05333779
-0.04288964
0.03925223
0.01123463
0.02017057
0.04496266
0.02998914
0.05610199
0.01059916
-0.02824611
0.00578147
0.01110301
0.01371286
0.04879551
-0.03686536
-0.00001346
-0.00332763
0.00378768
0.02967783
-0.03153296
0.04100084
-0.01790865
-0.02342347
0.00032290
0.03569548
-0.01119228
0.00919793
-0.00200582
0.04283521
-0.06650335
-0.06411703
0.00822852
-0.08099164
0.00352302
-0.00500945
0.12623896
-0.02278039
-0.04860517
0.03062251
-0.04462231
0.03840625
0.03570676
0.09097289
0.04201811
-0.02660816
0.05347588
0.03250848
0.02352489
-0.00073179
0.01776695
-0.00956070
0.00387368
-0.00200584
0.00809865
-0.00399009
-0.00923551
-0.00427206
-0.02167243
-0.00170152
0.02375336
0.01093867
-0.04369821
0.00342942
0.01238483
-0.04927220
0.01785969
-0.00418798
-0.02288414
-0.02549480
-0.03528657
-0.04252777
0.00449032
0.00109091
0.02376314
-0.00514844
-0.00821924
-0.03980252
0.01233965
-0.05729049
-0.02669846
0.00738794
0.03543825
-0.02522605
-0.01830898
-0.05046438
-0.03817908
0.02113596
0.02112544
0.00011638
-0.02151661
-0.00675601
-0.00721686
0.01223443
-0.03534039
0.13699581
-0.01538521
0.00148540
-0.00322018
0.05322563
0.02963776
0.03933353
0.01277141
-0.00862826
-0.01577426
0.00788720
0.00081349
-0.01595845
-0.00243758
0.04485594
0.04646039
0.10733126
0.01461644
0.02784620
-0.02190762
0.04010744
-0.02910073
-0.00638364
-0.00105821
0.03312925
0.01622005
-0.05468403
-0.02571212
0.02178547
-0.03230045
0.00799981
0.00854052
0.06865583
0.01264902
0.00667740
-0.00227844
0.01431732
0.01273890
0.00399858
-0.02723285
-0.00286166
-0.00516059
0.02634341
0.02782197
0.00686254
0.03221469
-0.01727330
0.00410234
0.02089288
0.01955081
-0.02480849
0.00960970
0.01246339
0.00633738
0.00324298
0.00274882
-0.00387706
0.03292806
-0.01199769
-0.01649239
0.01542202
0.08737913
0.02920542
-0.01841834
0.01158534
0.01760924
-0.01678980
0.05291497
0.02398348
0.00713803
-0.04821600
0.02811433
0.00276979
-0.01477875
-0.03414543
0.03872042
-0.03115319
-0.00352632
0.01803623
-0.00792183
-0.04912861
0.00931576
0.00351196
0.01707651
0.01511027
0.00192021
0.01311249
-0.05179373
-0.02364666
0.04156755
-0.06528640
0.02429263
-0.01426765
0.04448372
0.04837339
-0.03485670
0.06344798
-0.00819549
-0.01821381
-0.05877800
-0.02731068
-0.01015180
-0.02313679
0.01459668
0.03208202
-0.03187694
0.01238883
0.01928142
-0.03909766
-0.01297611
0.03699479
0.02184192
0.04131443
-0.02232302
0.00394939
-0.00669971
-0.03220208
-0.04057597
-0.04409671
-0.01108773
0.00573765
0.02178606
0.01362108
-0.01053408
-0.02122884
0.00108495
0.08280117
0.00424526
0.00662405
-0.01564090
-0.02470940
-0.00946687
-0.02376361
0.05431874
0.02163396
-0.03256197
0.00722208
0.01553142
-0.01648256
0.00269845
-0.04272918
-0.00522101
-0.00968333
-0.00827487
-0.02334528
0.01776204
-0.01793329
-0.00042812
0.00894580
0.03234556
0.09218479
0.00996166
-0.00309567
0.01389521
-0.00630845
0.01580045
-0.02463750
-0.10571525
-0.01613222
-0.00593504
0.01116259
0.00559874
-0.00860171
-0.02837878
-0.01554422
-0.00119851
-0.00874961
-0.03473534
-0.01986017
0.03981055
-0.00283808
-0.03967435
-0.03700534
0.02603757
0.00009552
-0.01546564
0.07009091
-0.01526041
-0.00889561
-0.04606795
-0.01895193
-0.01623806
0.03063737
0.05398322
-0.01527420
0.02106578
-0.01674340
-0.02255790
-0.00680808
-0.01344038
-0.01729113
0.01161205
0.01417930
-0.02207265
0.02239845
0.03683722
0.02549325
-0.01941851
0.01234838
-0.03024480
-0.00361694
-0.00740771
0.00596420
0.02091352
0.03577721
-0.02308982
0.01585001
0.01465489
0.00840439
0.02941609
0.05228174
-0.00242890
0.03702752
0.03319211
0.03206363
0.01439673
-0.04281567
0.01066260
-0.02839624
0.01790816
0.01605693
0.01413786
-0.01235691
-0.03673225
-0.02145163
-0.00220975
-0.02106822
-0.01739721
0.02375186
0.05411266
-0.02193356
-0.01542421
-0.02766930
-0.02873023
-0.00057462
0.06788122
-0.00248996
0.00809142
-0.02015592
0.00833851
0.00035718
0.06423512
-0.03625898
0.02047217
0.03504606
-0.00471590
0.00164110
0.00003275
-0.04951458
-0.00930134
-0.01950360
0.01097783
0.00808414
0.02379312
-0.01189700
-0.08834647
0.02411098
0.00772995
-0.03478735
0.00816179
-0.00505647
-0.00999666
-0.03636393
-0.01793131
-0.02522882
-0.00447270
-0.02058133
0.01392428
0.00228556
0.00995940
0.01171842
-0.06863175
-0.06146582
-0.02004050
0.01892660
-0.00989386
-0.00957039
0.00711499
-0.03109750
-0.03407000
-0.05839834
-0.00244594
-0.01479423
-0.01198030
-0.00993739
-0.00184467
0.02503562
0.01220123
0.11128505
0.03906519
-0.03896560
0.01256872
0.00707342
0.02540540
0.02696712
0.02776010
0.00154037
-0.06702283
-0.04110539
-0.02356208
-0.03907894
-0.00988189
0.08777606
0.08490916
0.08482239
-0.01771967
0.00612163
-0.03575649
0.02174860
-0.01726286
-0.01346010
0.00124750
0.01343647
0.00341104
0.04240050
-0.01940614
0.04955051
-0.02018992
0.03251036
-0.00589284
0.03998152
-0.03378924
-0.00775622
-0.04227690
-0.05123815
0.02005380
0.03029118
0.05936584
-0.00636948
0.04997440
0.07819017
0.00927835
-0.04964115
0.04676604
0.01794636
0.00092796
0.00684238
0.01542545
0.02360661
0.01969074
-0.00669194
0.00350731
0.03855841
0.00200527
-0.00201639
-0.03023301
-0.02071207
-0.02053083
0.00014891
-0.13240843
-0.04203507
0.02140956
-0.00017199
0.02432156
-0.02794920
0.00509060
0.00349536
-0.00665581
0.02343395
0.00138946
0.01261616
-0.03266924
0.04529053
0.00493312
-0.00487189
-0.09873445
-0.02592080
-0.05455217
0.06566743
0.00631831
-0.01853251
-0.02390095
-0.00921467
-0.02683677
0.03992720
-0.00416016
0.07770404
0.04074779
-0.03521323
0.00378075
-0.01335838
0.02149756
-0.00679515
0.02451268
0.00260712
0.01456093
0.05813900
0.03520182
0.01645571
0.01080305
-0.01821202
-0.01075844
-0.00738357
-0.01680680
-0.00644963
-0.04952279
0.03155498
0.00069588
0.01409606
0.01502770
0.01517395
-0.07866524
-0.00162040
0.07289530
0.01762766
0.02436581
0.05534159
-0.01905754
0.01049040
0.00220590
-0.02123239
0.01317620
-0.01483348
0.04863372
0.04416338
0.00932428
-0.00185140
0.05164712
0.09482207
-0.00563285
0.08911759
-0.03762134
-0.04808724
0.02987398
0.00131961
0.00698274
-0.05256511
0.02478134
-0.00934587
-0.00749124
-0.03998603
-0.01626960
0.01180397
0.02644683
0.03486576
0.02751804
-0.00020145
-0.01212375
0.00701031
0.03299918
0.03962003
-0.00174220
0.03060909
-0.02249536
-0.04689320
-0.01714616
-0.01355071
-0.01121080
-0.00828124
0.01399960
-0.01138125
0.01007380
-0.00997664
-0.01743839
0.02510660
0.01142828
0.00524667
-0.05173492
0.01991313
0.02123215
-0.01818008
-0.01346328
0.01529660
-0.00077806
-0.00361871
-0.01465950
-0.00962107
-0.02489537
-0.02681384
-0.01271787
-0.00879693
0.01164972
-0.03096002
0.01024377
-0.00535044
-0.01688261
0.03160322
-0.01989990
-0.00352328
-0.01746587
-0.02146851
-0.02969818
0.01556957
0.00103585
0.10033964
0.00498877
-0.00127377
-0.02443870
-0.04202095
0.00825563
-0.03469257
0.02386680
-0.00829785
-0.00896984
0.00194741
-0.01844387
0.01720725
-0.04425311
-0.02122188
0.03944993
-0.00766190
-0.00360834
0.00799246
-0.00339060
0.00018361
-0.01005093
-0.02213361
-0.00245280
-0.02695487
-0.00426272
-0.00795602
-0.00158095
0.01670525
0.01090189
-0.05705365
-0.01927478
0.00204954
-0.07412062
-0.05982805
0.00876987
0.03578681
0.04891357
-0.01776523
0.01043602
0.00868775
-0.00590060
-0.02525929
0.01656417
0.03494566
0.00744208
-0.01323813
0.01596231
-0.00319945
0.01619307
-0.00171199
-0.00411505
-0.00854453
0.01034022
-0.00221525
0.02021404
-0.02657713
-0.03161541
-0.00094022
-0.01481572
0.03803463
-0.02314285
-0.02560037
-0.01848145
0.00214986
-0.01500043
-0.00998985
-0.04442361
-0.00142897
-0.00470422
0.00397714
-0.02744341
0.03454852
-0.02146144
0.01002074
-0.00586341
-0.00571784
0.01316680
-0.00596793
-0.03241109
0.04221176
0.03408537
-0.01687058
-0.00008429
0.05873117
-0.00914383
0.00030434
0.00447289
-0.01215781
0.01306352
0.00154077
0.02885072
0.06893400
-0.05817622
-0.00135747
0.01517864
0.00687703
0.01975374
-0.01888184
-0.03596257
0.01142450
-0.01823531
-0.02279486
-0.01242566
-0.01971999
0.02002384
0.00063788
0.03476153
0.00452353
-0.00161172
0.04594424
0.00775671
0.00230418
-0.02040430
-0.03579783
-0.00187411
0.00995600
0.01636319
0.02556435
0.03233569
-0.02589694
0.00093415
0.01875336
-0.01094584
0.03673113
-0.02233260
-0.06702296
0.00635438
0.01145397
0.03653413
-0.01305010
0.02077785
-0.00006662
0.00016781
-0.04549875
-0.03195089
0.00148529
-0.02975087
-0.03015395
0.01097460
-0.04406894
-0.04153904
-0.01276606
-0.06811721
0.00670186
-0.02989432
0.00496733
0.01705454
0.01911820
-0.01411872
-0.00206746
-0.02490909
-0.10151345
-0.01764883
-0.02280499
0.06272815
-0.01276323
-0.03083712
-0.01257519
0.04356970
-0.03503878
-0.02280498
0.01453804
-0.00951504
-0.02342898
-0.01654846
-0.01592047
-0.02820764
0.00664605
-0.03764402
-0.03484349
0.02405997
-0.09875853
-0.02303153
-0.04719477
0.07939164
-0.01347259
-0.01902925
-0.03139533
-0.08574998
0.02514403
0.02220007
0.03333342
-0.00513910
-0.03447748
-0.04799446
0.01676744
-0.11859173
0.06801543
-0.10844944
-0.07665768
0.00080694
-0.05504347
-0.03306430
0.02398184
-0.00598633
-0.04089541
-0.01467122
-0.00088197
-0.03771337
-0.07367456
-0.00715273
0.08055380
0.15661654
-0.01035178
-0.03309686
0.02235207
-0.04213602
-0.09375513
-0.00679428
0.04642410
0.00541443
0.00443361
-0.02053869
-0.04884428
0.00905488
-0.00942157
0.00234337
-0.04625289
0.03237016
0.04967970
-0.01182439
0.00411484
0.05513997
0.17610696
0.21154214
0.12453205
-0.01453180
-0.04331041
-0.07538626
-0.10582390
-0.05964945
-0.09130043
0.01174376
-0.06631170
-0.00846660
0.01004357
0.10689574
-0.02917323
-0.01898462
-0.00892517
0.00080357
0.03724416
-0.01442754
-0.02208627
-0.02431823
-0.02670235
0.02211674
0.01541602
0.03121104
-0.02572501
-0.09343490
-0.00115344
0.04195143
-0.05971831
-0.04574421
-0.01282306
-0.02755814
-0.08208285
-0.02719442
-0.03428990
-0.02108770
0.00493069
-0.00430388
-0.02891420
-0.04059968
0.01798027
-0.01699909
-0.08606242
0.01508502
0.00310942
-0.02864928
-0.02833617
0.00381121
-0.04108449
0.02798690
0.03995452
0.00395232
-0.09439912
0.00976694
-0.02068992
0.00013513
-0.06638496
-0.00616839
0.02751044
-0.04088836
-0.00689430
-0.02520410
-0.00473873
0.04358398
0.01616111
0.02933231
-0.00654103
-0.06349752
-0.06485630
-0.01834859
0.00216081
-0.02414367
0.02002713
0.08073311
0.07772193
-0.00525856
-0.00797796
-0.05373260
0.01362013
-0.02785674
-0.00536517
0.00530792
0.02484562
0.00407075
-0.03528190
-0.01794712
0.02785578
-0.00865311
0.00084819
-0.00836782
-0.00073451
-0.04074910
-0.00888979
-0.02873331
0.00435093
0.00083234
0.03524573
-0.00417973
-0.00723145
0.03086567
-0.01129167
0.01935582
-0.04667228
0.00670025
-0.03369357
-0.01644865
-0.00344691
0.00205814
-0.02104802
-0.03051118
0.02716421
0.00884798
0.07650997
-0.02573202
0.01057129
-0.00686405
0.01528648
-0.01253244
-0.01800198
-0.03104885
-0.00388585
-0.00232500
0.00611059
0.01335321
-0.01350176
-0.02452282
-0.00635816
0.00310368
-0.02037407
-0.01299072
-0.02402468
0.01971701
-0.01344614
-0.03679822
-0.02728879
-0.03537951
-0.03293931
0.00394390
-0.04064123
-0.03404538
0.01591872
0.00280903
-0.05101794
-0.03504635
-0.02096839
-0.01505559
-0.01491513
-0.03624478
-0.00809291
-0.01585315
0.01306270
0.04140856
-0.02706559
-0.05946775
-0.00046639
-0.04456067
-0.01451675
0.02378081
-0.03525666
-0.02914350
-0.00849009
0.01910644
-0.00395810
-0.03406654
0.00826370
-0.00704194
-0.01382080
-0.00597220
0.08832017
0.05627530
-0.01093279
0.00435447
0.03748401
-0.04793173
-0.02360618
-0.00480185
0.01225895
0.02153088
-0.03278754
0.01611021
-0.02225448
-0.00016051
0.00284792
0.03444973
-0.02322581
-0.05579486
0.00325880
0.02571239
-0.05215690
-0.01360737
0.00680190
0.05079970
0.09412619
-0.03147646
-0.01516014
-0.01133229
-0.02294766
0.03298650
-0.02203743
-0.12413774
-0.00536304
-0.04434023
-0.05540420
-0.05911642
-0.03112546
-0.01800213
-0.12890257
-0.09069039
-0.03071463
-0.02575711
0.00049331
0.01338001
0.02983499
0.09206783
-0.00753182
-0.02373799
0.02683207
0.03119320
0.02645693
-0.04065513
-0.04979253
-0.03453024
-0.01246284
-0.01919681
-0.06714240
-0.08945650
0.01324623
-0.01331042
-0.04746334
-0.01796853
-0.00140500
-0.03922544
-0.05873373
0.01182851
0.05421572
-0.05628401
0.00694898
0.02817959
0.00437259
0.02812853
0.04861212
0.03630787
0.00375906
0.05645078
-0.01828996
-0.05646128
-0.00722229
0.03513866
-0.00957764
0.03588839
-0.00367229
-0.06644838
-0.03757715
0.01683345
0.02176862
-0.07154913
0.01036346
-0.03414957
0.03213629
0.05447936
-0.00781926
-0.05229110
0.03388049
0.00927818
-0.06071408
0.00488876
-0.05050937
0.01529469
-0.02339708
0.09244679
-0.01101252
-0.03689376
0.02290451
0.00909414
-0.01649547
0.00735273
0.08062515
0.06453862
0.02594213
0.00943909
-0.02017484
0.05268969
-0.05614329
0.00170989
0.05834720
0.05308655
0.08658643
0.00573007
-0.02019342
0.00075574
0.04710667
-0.01459500
-0.01510736
-0.07857338
0.04442545
0.00861989
-0.00457604
-0.00791049
0.00757864
0.04284647
-0.01306763
0.01787966
-0.01159493
0.02442530
0.02583013
-0.00224446
-0.01262061
0.01986915
-0.00379216
0.02867877
-0.01043633
-0.01473282
-0.01044557
-0.01531750
-0.00892309
0.02075959
-0.00190065
0.00458107
0.00898283
-0.00746875
-0.02256273
0.01796882
0.00824870
-0.00030851
-0.01581993
0.01617614
-0.02822809
-0.01922468
0.00350948
0.00421429
0.00517950
0.01688333
0.00099401
-0.03573265
0.00742590
0.04298342
0.01023988
0.05914135
0.01231218
0.00834826
-0.01725529
0.04928229
0.01648173
0.02600737
-0.00219420
0.00838753
-0.02714636
0.01785281
0.02039564
0.01867966
0.03627135
0.01568508
-0.00348712
-0.01584636
-0.00746633
0.00195306
-0.00088349
-0.00851778
0.00131172
0.01089965
-0.01625966
-0.00484630
-0.02130639
0.01003963
-0.00752420
0.00022069
0.05312113
0.00144536
0.01334180
0.02460608
0.00251491
0.02033052
-0.00845121
-0.00790855
0.03077664
0.03532328
-0.00572199
0.01416023
-0.01960011
0.03719506
-0.00606354
-0.00072905
0.02450947
-0.00146580
-0.01666193
-0.00777214
0.04062428
0.04392541
-0.03008585
0.02319708
0.02817177
-0.02591725
-0.01937732
-0.00671076
-0.03838864
-0.05048984
-0.00201519
0.00689655
0.03192945
-0.02298529
0.01077067
-0.02008523
-0.01259042
0.01192135
0.00888170
-0.02748451
0.01285825
-0.03641234
0.00705872
-0.04794955
-0.01087698
0.01527934
0.00623386
-0.03113734
-0.00226153
-0.02052212
-0.02666364
-0.03770236
-0.06456659
-0.00683033
-0.02635280
-0.06048315
-0.03253571
-0.03166322
-0.04170940
0.05861777
-0.11073009
-0.04550049
0.02319743
0.08496371
-0.02143263
-0.00662834
-0.02259873
-0.09865917
0.02683920
0.01671179
0.03097507
-0.00887378
-0.00010627
0.02709111
0.03895302
-0.03841375
0.11185558
0.02242431
-0.02066398
0.00736385
-0.05010615
0.00451146
-0.00361006
0.03629046
-0.03723902
-0.03367896
-0.00360105
0.00523227
-0.01641057
-0.01103874
0.07767287
0.03489609
0.10737009
-0.01788041
-0.01537274
-0.04453826
-0.05257222
0.01884300
-0.00584207
0.00682999
0.00406672
-0.00777063
-0.03368007
0.01029565
-0.00694552
0.02036710
-0.03243820
0.00229923
0.05666184
0.02279346
0.04799474
0.01748578
0.02393988
-0.01839147
0.08707646
-0.02315863
-0.03169193
-0.03465984
0.02792276
-0.07740047
-0.09428372
-0.06257637
-0.09831689
-0.04262982
-0.01026471
0.01367817
-0.01819270
-0.02289344
-0.02714945
-0.01965654
-0.05415855
0.00567301
-0.05352711
-0.00407657
0.00202681
-0.01151490
-0.01423708
-0.04349260
-0.04103413
0.06670938
-0.06038511
-0.00684650
0.01342256
-0.02079742
-0.05211059
0.00832197
-0.03090299
-0.01002674
-0.02205254
0.00477337
0.05803366
0.04399981
-0.03673827
-0.02613426
-0.02800941
0.03301058
0.01758236
-0.04191724
-0.00775629
0.02132195
-0.02057618
0.04277704
-0.00595560
0.04637226
-0.01753489
-0.01392524
0.01387652
-0.03613958
-0.03396691
0.00333658
0.01397874
0.04854094
-0.02144397
-0.03025302
-0.00975369
-0.00694135
-0.01617162
-0.02916896
0.03464535
0.03994727
0.04454457
0.02749579
-0.01031790
0.00034572
-0.03676143
0.00276824
0.05476820
0.00211793
-0.04411925
0.01400256
0.07516423
0.03421893
-0.01567760
-0.06188012
-0.01294101
-0.05801777
0.02008105
0.00152382
0.09187116
-0.00564374
0.03640069
-0.00615833
0.02105923
-0.05398872
-0.02880142
0.02432543
0.04596861
0.01278807
0.00684808
0.01818175
0.09478010
0.02850248
0.01692390
0.00632365
0.10652238
-0.07325405
0.13300209
-0.12601630
-0.00079401
-0.02914123
-0.05326748
-0.02067286
-0.01342429
-0.00655988
0.03573565
-0.05683648
-0.04472068
-0.00035542
-0.02029308
-0.03587362
0.00717764
-0.00095960
-0.01886375
0.01410898
-0.02065747
-0.02767342
-0.00720528
-0.03800896
0.00126347
-0.02634792
-0.02569864
-0.02049452
-0.04993739
-0.08396938
-0.10990601
-0.01554887
0.01821938
-0.02937989
-0.00072462
-0.04238073
-0.05174114
0.04738302
-0.00020728
-0.06224233
0.00783444
0.02346053
-0.01952230
-0.02088673
-0.03911960
-0.00053441
-0.01748723
0.00323275
-0.01178044
-0.05910081
-0.00638545
0.01612758
0.03502036
0.06799013
0.04660710
0.01039456
-0.02818252
0.02106401
-0.06388786
-0.00305851
-0.00745237
0.02086876
0.04047753
-0.06491971
-0.00780702
-0.00427000
-0.03342097
-0.01583242
0.06746560
-0.00940733
-0.01600358
0.03205712
0.06901985
-0.08971343
-0.03616452
-0.05093795
0.01722265
-0.03535792
0.03389243
0.02383563
0.16980521
0.01808263
0.01412724
-0.00554121
-0.00635294
-0.00363084
-0.00515357
0.01536288
0.05028367
-0.00283607
0.03880987
0.01416929
0.11329024
0.05028013
0.00700951
-0.01994040
0.07298712
-0.09482176
0.02544205
0.01406165
0.02751468
-0.02131826
-0.00153668
-0.05207242
0.03549278
-0.05505171
-0.02892038
-0.00554130
0.06002581
0.01333237
0.07731743
0.01934421
-0.00854434
0.06042225
-0.06461491
-0.02426572
-0.02782362
0.04657774
0.00303958
-0.01809889
0.01765955
0.00683336
-0.01795756
0.00510693
0.04003217
-0.02969451
0.00064360
0.02904860
-0.01710879
-0.01953105
-0.03952178
-0.03901377
0.00948270
-0.01922557
0.06912723
-0.00980206
-0.02238934
-0.04127189
0.01453604
-0.01582317
-0.00023790
0.06452850
-0.00092050
-0.00211578
-0.01259494
0.02511653
-0.00049184
0.05038399
-0.04230325
-0.03878052
-0.01207898
-0.01612661
0.00842654
-0.01272875
0.01233291
-0.00630741
-0.02332703
-0.01104328
-0.02380749
0.00661281
-0.00658863
-0.01850667
0.05222868
-0.00531240
0.02031210
-0.01136868
-0.01894988
-0.01206141
-0.01292436
0.04898258
-0.00029166
0.01763676
0.02345549
0.02882013
-0.02417622
-0.03077243
-0.00672463
0.00298606
-0.04518083
0.01757498
-0.01482209
-0.02277060
-0.00397536
0.00447589
-0.01029882
-0.04114682
0.00959889
0.02742012
0.00094462
-0.00731911
-0.03274551
-0.01481930
0.02048764
0.02273308
-0.00364304
-0.01412024
-0.01662257
0.03634582
0.01015496
-0.03475679
0.00492697
0.01467246
-0.01197667
-0.00678979
-0.01326817
-0.00729577
0.04087734
-0.00576402
-0.00050280
-0.02533720
-0.02110298
-0.01807712
-0.02928831
0.00717642
0.00840388
-0.02455574
-0.00962419
0.00873663
0.00466830
0.04132399
-0.01154624
-0.01709163
0.01117773
-0.00277584
0.02221875
0.00072677
0.01885791
0.02115708
-0.00288234
-0.01049200
-0.03502500
0.00669396
-0.01543223
-0.01622056
-0.00212292
-0.04804689
0.02946388
-0.02033694
0.03764683
-0.01647617
-0.00290753
0.00663235
0.01737620
-0.02299355
-0.01693533
0.00785735
-0.01798795
-0.01597231
0.00990587
0.05752312
0.06380972
-0.00431316
-0.01755684
-0.04085894
-0.02129511
0.05461839
-0.01245081
0.01470229
0.00874083
0.03555857
0.01264010
-0.00980113
-0.02383511
0.00594811
-0.00949590
0.00574400
-0.04268775
0.01110212
0.01849790
-0.03564207
0.00212005
-0.03287682
0.03427626
-0.02704099
-0.00244371
-0.01474650
-0.01277926
0.02766612
-0.01939069
0.02228475
0.05237542
0.00647368
0.01799915
-0.01760496
-0.00196385
0.01698274
0.03120250
0.01301475
-0.02496667
-0.01062864
0.00160455
-0.00412429
0.00683181
0.00154882
-0.02013823
-0.02997628
-0.02832692
0.00445160
0.00502190
0.02796749
-0.00087196
-0.01549845
-0.00818707
0.01756039
-0.02407439
-0.01165806
0.00107840
0.04402886
-0.01806613
-0.01456620
-0.01887198
-0.02075870
0.01554929
0.00964118
0.00736099
0.01578454
-0.00227401
0.03418612
-0.00840829
0.01958846
-0.00337569
-0.03233875
-0.01071191
-0.01202516
-0.00495578
0.00920934
-0.00375244
-0.02287383
0.00756609
0.00123362
0.01998099
0.04433744
0.00216811
-0.00962367
0.00184685
-0.00593631
0.00050523
0.01488038
0.01173760
-0.00060381
0.01216045
-0.01699306
0.05668431
0.01399143
-0.01550526
-0.02465654
-0.04420220
-0.02200763
0.01792486
0.03014054
0.00188102
0.00006996
0.02351070
-0.01056549
0.01253395
0.02963171
0.00754787
0.00332750
-0.00286880
-0.02148565
0.04653165
-0.01389823
-0.01311950
-0.03020303
-0.01140545
0.02952906
-0.01940759
-0.03296179
-0.02093345
-0.02101555
0.01326421
0.02055833
-0.00452092
0.00474149
-0.00860465
-0.02027728
0.01173081
0.00730013
-0.02192202
0.02096180
0.02803412
-0.00854722
0.03566396
-0.02895278
-0.03545044
-0.03018765
-0.01030793
0.02525157
-0.02690105
0.05016836
0.00009582
0.00441362
-0.05139852
0.00117314
-0.05253368
0.01807698
-0.00319545
0.00412707
-0.05615506
-0.00907383
-0.00828992
0.00638454
0.00847036
0.02521858
0.00104639
0.03602146
0.01263531
0.03529163
-0.01530953
-0.00562757
-0.02419144
-0.02270668
-0.00351901
0.03594619
0.03435040
-0.00415153
-0.02799027
-0.00342421
-0.01477351
0.00241072
-0.00047007
-0.07124130
-0.03592254
0.01248575
0.01758741
0.01644132
0.00921073
-0.03523586
0.02719038
0.00555307
0.04575420
0.02241148
0.01788783
-0.02420370
0.01869982
0.00766715
-0.00155012
0.04168839
-0.01587120
-0.01890191
-0.02150843
-0.00091924
0.04508925
-0.01716037
0.01043572
-0.01964057
0.03399862
-0.02920888
0.01943898
0.00459620
-0.02573223
-0.07850768
-0.00759728
0.10355189
-0.00682978
-0.03965079
0.01476363
-0.00585200
-0.01047338
-0.02677226
0.00629306
-0.02264551
-0.00746880
0.03903287
0.02424361
0.05836151
0.07922846
0.00232044
0.01057617
-0.01559142
-0.02559548
-0.00561351
0.05053800
0.01073633
0.04004630
0.01140912
-0.01550224
-0.00554749
-0.02110548
-0.00990391
0.01110535
-0.02399154
-0.01425416
0.00450901
-0.03135015
-0.01946176
-0.01697722
-0.00809177
-0.01050582
0.06306990
-0.01590471
0.02597445
0.01917587
-0.02123109
-0.01566406
-0.00417306
0.00021790
-0.01202295
0.03936283
-0.02639920
0.01830573
0.00087891
0.03574733
0.01790806
0.00521962
0.01187955
0.01764758
-0.04272731
0.02462035
0.02791425
0.00011923
0.00084759
-0.03249347
-0.02797899
0.00542452
0.00767574
-0.00973183
0.02988861
-0.06982566
0.00434440
-0.02644482
0.01218849
-0.02038087
-0.01630340
-0.01888360
-0.04256542
-0.00556823
0.00949825
-0.00834853
0.02534572
0.00862122
0.03296449
0.02645008
-0.01850447
-0.00300339
0.02171745
0.00382546
-0.03620035
-0.03916723
-0.01885691
-0.01553557
-0.03798516
0.00594569
0.02591818
0.04904755
-0.01741803
0.01691853
-0.01024182
-0.02833628
0.00395847
-0.00586025
-0.00544468
0.02913634
0.06160369
0.01542579
0.01152048
0.00547361
-0.02108556
-0.02211537
-0.00947690
-0.05632384
-0.05222973
-0.05133232
0.02058220
-0.00077980
0.02063102
0.01366304
0.02987071
0.00887181
-0.02293755
0.01567298
-0.02776373
-0.02934609
-0.00034588
0.01071785
-0.00993881
0.01753878
0.02839793
-0.01117644
-0.02368864
-0.01697425
0.01138065
-0.02410218
-0.00949871
-0.02525548
0.00898388
0.00186933
0.00418163
0.04103584
-0.01538924
-0.03537059
-0.02951769
0.01063027
0.03353772
-0.01234759
0.05540356
-0.02046053
-0.00646798
-0.01296467
0.02719344
0.00555334
0.00406706
0.02087145
0.03450242
0.01918259
0.04553534
0.03572837
0.06706814
-0.01943443
-0.01260416
-0.00620307
-0.03982355
-0.00381082
-0.02601482
0.01873830
0.00827897
-0.01119544
-0.00056908
0.01210168
-0.01604556
-0.00605287
0.05435552
0.01686439
0.05508866
0.02248186
-0.09081057
0.00296086
-0.01270105
0.01938633
-0.03480075
-0.03074890
-0.02202982
-0.00752095
0.00072931
0.00056168
-0.01571495
0.00482057
0.00656966
0.01397797
-0.02795301
-0.03223912
-0.00242862
-0.00105698
0.01926252
-0.00250894
-0.02303969
-0.01406521
-0.01296505
-0.01418302
-0.02635668
0.01738849
-0.01791736
-0.04360105
0.01728902
0.02951946
0.00906170
0.11964457
-0.01737127
-0.00581486
0.00164209
0.00955912
0.01451216
0.01117155
-0.02861188
-0.03207224
0.00792654
0.00828827
-0.01514842
-0.02020481
0.01781001
-0.04464852
0.01190800
0.04897353
0.01335752
-0.02237975
0.03534725
-0.05771954
-0.00705620
0.02266292
0.06268878
-0.03924631
-0.01635131
-0.04332501
-0.00112369
-0.01431282
-0.03001809
-0.03584808
-0.02907526
-0.00262961
0.00773683
0.02466442
0.00941464
-0.03144311
-0.02141096
-0.01764805
0.04467430
0.02558318
-0.01133478
0.03078607
0.00690775
-0.00026144
0.03932049
-0.00819504
-0.01732263
0.04422675
-0.03387033
0.01993372
-0.01086529
-0.05462473
0.02735016
0.05969882
-0.02139774
-0.01859181
-0.00963354
0.00868540
-0.01876252
0.01877828
0.02169037
-0.03492197
-0.05487138
-0.01572003
0.04716665
0.02552424
-0.01360363
-0.02865118
0.03489335
-0.03863533
-0.01487441
-0.00893425
-0.01951162
-0.02564707
0.05792429
0.02944414
0.00467967
-0.07427962
0.04364219
0.03044977
0.02781761
-0.02586267
-0.03171973
0.01325633
-0.02466047
-0.01938259
0.03680895
-0.03933775
-0.05102850
0.00620988
-0.03096288
-0.04240293
0.01551250
-0.02824290
0.02891135
-0.04181865
0.03142780
-0.04302783
0.02385027
0.00883884
-0.05546619
0.06031841
0.00353139
-0.05817308
0.07312161
-0.02917846
0.01450371
-0.00603746
-0.00613522
-0.04824988
0.00235745
0.04252679
-0.03167441
0.02287982
0.00911774
-0.06485025
-0.00961001
-0.00989599
0.01707992
0.02758976
-0.03183727
0.03932158
-0.00178415
0.02550577
0.00253153
-0.02601686
0.00101736
0.01065142
-0.00663610
-0.02693625
-0.07549737
-0.04046553
-0.01607278
-0.00933444
0.06092025
0.00372769
0.00205697
-0.00338453
-0.00027716
0.02592796
0.01840579
-0.02745225
-0.02932954
0.02612579
-0.01146914
-0.04748359
0.01154227
0.01885274
0.06766189
0.05434083
0.05365919
-0.03437530
-0.02156239
0.01375668
-0.01359375
0.00304524
0.03696334
0.01084048
-0.00021178
0.00799604
0.00191635
-0.00596841
0.05109130
-0.00728180
-0.00292553
-0.03604884
-0.00175151
-0.01987389
-0.03625448
0.00813908
0.01330439
0.01037186
0.01207861
-0.00715020
-0.00854365
-0.01261270
0.02797383
0.02728557
0.04498581
-0.01117984
0.05865234
0.02938262
-0.01396516
0.03581703
-0.02428080
0.01377072
-0.01052441
-0.03864554
-0.01684651
0.03059054
0.02352788
-0.00907888
0.07235047
-0.00517480
-0.03920798
-0.00686425
0.01475952
0.09690719
-0.01345204
-0.02392547
-0.00494138
-0.01465041
0.01670410
0.01201686
0.00110637
-0.02246547
0.00412026
0.00857014
0.03945972
-0.00143384
-0.03246644
-0.02709324
0.00267312
0.00697737
-0.00536377
-0.01961179
0.07003405
0.02446857
-0.00904739
-0.04935037
-0.00166522
-0.01949966
-0.00966116
0.03877257
-0.00456092
-0.01918567
0.02060370
-0.00399812
-0.01712828
-0.00175411
0.01399625
-0.00070394
-0.04224281
-0.00500923
0.01979013
0.04798200
-0.01521835
0.02425491
-0.04018285
0.03881214
0.00760609
0.01041149
0.02015614
-0.02897026
0.00661987
0.06881513
0.00773137
-0.04016858
-0.01456321
0.02979575
0.01938110
-0.01270109
-0.00870893
-0.02144036
-0.02100422
0.06392915
0.03351755
0.00825473
-0.00353172
0.00803351
0.02879228
-0.02985845
0.01434387
-0.00573578
0.03778824
-0.05012810
-0.02015090
0.01366396
-0.03027157
0.00435482
0.00151326
0.00436006
0.01181628
0.00434199
0.07358383
-0.00155370
-0.01477897
-0.00418836
-0.00710987
-0.03387277
-0.06307214
-0.00971060
-0.01640868
0.03177495
-0.00997932
0.01968989
-0.00781437
0.03223747
-0.04460268
-0.03212887
0.00762958
-0.01263011
-0.02301290
0.03326099
-0.03289373
-0.01463690
0.02781142
-0.01931814
-0.03819681
-0.02112390
0.04592783
-0.02224920
-0.01033504
-0.00120768
-0.01814811
-0.02908815
-0.01355590
0.02369471
-0.01621063
-0.01204769
-0.05331889
0.00809904
-0.00557723
-0.01599854
-0.00789793
0.04223985
0.00076054
0.01422188
-0.01122440
0.03109354
-0.00838112
0.00656747
0.00107477
-0.02410579
-0.00239821
-0.00367966
-0.00022955
-0.00602781
-0.03042388
0.00905864
-0.02568571
0.00952409
0.03146779
-0.06792828
-0.00139837
-0.00510730
0.00208613
0.04577412
-0.05160564
-0.00813394
0.02546817
0.00296939
-0.00016383
-0.02586467
0.00398675
-0.02456997
-0.02135701
-0.02057025
-0.03011385
-0.02428824
0.00169726
-0.00161985
-0.06100768
-0.01373974
0.06803658
0.00514607
-0.02299574
0.00409082
0.00285678
-0.03326788
-0.03340981
0.01651288
0.03116230
0.01067037
0.00809999
-0.00056005
0.01798243
0.05444438
-0.03265715
0.01235656
-0.00766579
-0.01078349
-0.00661836
-0.01747252
0.00642192
-0.01790504
0.01782606
0.01301722
-0.01716812
-0.02038019
-0.02714026
0.02101257
-0.04717622
-0.02070934
-0.00729575
-0.03079283
-0.00397822
-0.02248560
0.01201603
-0.01731114
-0.00947711
0.01195246
-0.04733519
0.01825116
-0.00084715
0.03128262
-0.03980177
0.00170704
0.00809320
0.02186693
0.03053494
-0.03746634
-0.04094369
0.00462350
0.02700064
0.00379780
-0.02119306
-0.04558066
-0.00097321
-0.01324674
-0.03933898
0.00294497
0.04875966
0.02964447
-0.01833096
0.01508599
-0.00857513
0.08096550
-0.03604561
-0.03097595
0.01435305
-0.01396365
0.00798591
0.04716548
-0.04070260
0.00682153
0.03235373
-0.02790053
-0.00684823
0.00200803
-0.00363590
0.11076202
-0.01332747
0.00881621
0.06123590
0.01260938
0.05679164
0.08788309
0.01008758
-0.04866540
0.01431484
-0.01799859
-0.01947830
0.00331458
-0.01581966
-0.02087455
-0.05317410
0.03111462
0.00929374
-0.03005854
-0.04450860
0.00882420
0.00976860
-0.06588400
0.07782503
-0.02272709
0.09097467
-0.05008943
-0.01301120
0.00659601
-0.02488565
-0.00836063
0.05864650
-0.04451865
-0.00623835
0.00734383
0.03845684
0.01580901
-0.04622487
0.02133151
0.02143455
-0.00049285
-0.04768105
-0.01020092
0.01025473
0.00795054
0.00877611
-0.01515706
0.00214433
0.01780144
-0.14435075
-0.08740767
-0.00809234
-0.06263393
-0.01602535
0.02898388
-0.02684286
-0.05622076
0.06313707
-0.08636191
-0.03624158
0.01072974
-0.01864130
0.04590295
0.01078401
-0.04700311
-0.02037234
-0.01423830
0.01686330
-0.07888000
-0.02150341
0.03709720
-0.03305557
-0.01883579
0.01269637
-0.02466022
-0.01132711
0.00922507
-0.01048531
0.00977172
-0.00877194
0.04871849
0.02869509
-0.00807778
0.04072101
-0.02255535
-0.02947085
-0.02335843
-0.00912684
-0.00558328
-0.00344842
0.00946440
0.01562721
-0.00931722
-0.00065644
0.02881532
-0.00552745
-0.02723489
-0.00387593
0.04894265
-0.03838261
-0.03291327
-0.02821617
0.01429877
0.00063696
-0.00090745
-0.00826749
0.00288836
-0.08441761
0.01726650
0.06682228
0.03073791
-0.01996804
-0.03998213
-0.02697524
0.02534187
-0.00501440
-0.02319116
-0.00732232
-0.05357026
-0.02639294
-0.03400159
0.05814237
-0.01400119
-0.01194435
-0.01295407
-0.01267075
0.00957060
0.00016450
-0.03904621
0.02643601
-0.00016104
0.03050209
-0.01121971
-0.03763415
0.01591155
-0.04428568
-0.02729971
-0.06127116
-0.01656217
-0.03347424
-0.03171266
-0.01917421
-0.01504209
0.05284288
0.01516563
-0.03570688
-0.04580673
-0.00956731
0.01851827
-0.02575488
0.01324438
0.00263554
-0.00702984
0.00277420
0.04058386
0.01408102
-0.01319544
-0.01457023
0.00226117
-0.01114556
-0.02301669
-0.00826981
0.00387851
0.04230063
0.05472119
0.00455132
0.00333184
-0.01239427
0.01609125
0.00409175
0.04768763
0.02430586
-0.01080827
-0.01364539
0.02062156
-0.00370644
-0.03124970
-0.00531171
0.00530005
-0.02680996
0.01126327
0.01549789
-0.01389991
-0.00976068
-0.02268225
0.00262205
0.01744548
-0.00199506
0.00736812
-0.02721419
0.00259583
-0.01634881
-0.03282022
0.00257509
-0.02949072
-0.01854939
0.01675140
0.01507141
-0.04397590
0.00493471
-0.00593967
0.03461540
0.00433209
-0.00920831
-0.02219227
-0.05651871
-0.02237997
-0.00516090
0.00472869
0.01456692
0.00592420
-0.03197514
0.02239704
-0.02782433
0.06240603
0.02961755
-0.00106354
-0.02786916
-0.01353455
-0.01539314
-0.00208249
0.00305226
0.02913902
0.04835439
0.04051436
0.00880659
-0.01563702
-0.01955350
0.02884864
0.02265674
0.02464482
-0.01627501
0.00448488
-0.02440927
0.01184539
-0.01631689
-0.00601100
0.01618880
-0.04700873
-0.01667210
-0.03658802
-0.00686553
0.01394754
-0.00286423
0.00148742
0.01969338
-0.04293521
-0.02351782
0.02612145
-0.00598438
-0.00618278
-0.02362416
0.00983227
-0.00249372
-0.00839787
-0.00695088
0.01633180
-0.03002888
-0.00247674
-0.03196764
0.02591427
-0.02979317
0.01412936
0.00296086
-0.01353063
0.01932012
0.00423759
0.00987271
0.00516720
0.02191867
0.00757215
-0.00852002
-0.00358272
0.00124067
0.03341741
-0.01059857
-0.00671983
-0.02146712
-0.02433238
-0.00486687
0.00854319
-0.01171522
0.00887652
0.02796699
0.02078570
0.00387796
0.00610469
-0.00266019
0.01377880
-0.00977318
-0.02008777
0.03443369
-0.00521117
0.01154998
0.01067797
0.04173466
-0.01539996
0.01109627
0.02845197
-0.01405753
0.01434488
0.01279658
-0.04661586
-0.06982482
0.01103883
-0.00492907
-0.01177807
0.00837989
0.01719157
-0.00306451
-0.00515686
-0.01011805
-0.02375623
-0.01321370
-0.01833170
0.05222829
-0.00358917
0.02126700
-0.00396304
0.02741022
0.01441420
0.02545127
-0.00323250
0.01839126
-0.02639273
-0.00837111
0.00020118
-0.02370523
-0.03464720
0.01289928
0.01038265
-0.01438690
0.01198420
0.04078919
0.00341379
-0.02044451
-0.00580245
-0.03008377
0.00359195
0.03412534
0.01872547
0.00649750
-0.00828310
-0.02184358
-0.00515748
-0.00164922
-0.02169911
0.01446882
0.02878563
0.00266516
0.04714716
0.00980810
0.01146089
0.00003910
-0.00514482
-0.02440100
-0.03702981
0.00156753
-0.00555874
-0.00926951
0.00958256
-0.02531628
-0.03573959
-0.03306115
0.05158129
0.01159834
0.03229005
0.02689354
-0.01318019
-0.00365185
-0.01292566
0.01413528
-0.00311993
-0.01982922
-0.01698621
-0.05424816
0.00525171
-0.00618246
0.00865374
0.03603778
0.00290856
-0.01186249
-0.05653511
-0.01616062
0.04161641
0.04484833
0.02667215
0.03730358
-0.04038842
-0.07958985
0.04404156
0.00734824
0.00962033
-0.00248997
-0.04048264
-0.04064916
0.01931410
0.00976633
0.01491467
-0.03235323
-0.02806420
-0.04281379
-0.01105823
-0.01035422
-0.03568830
0.00443358
-0.04078757
0.03483114
-0.01279556
0.02836534
0.05362446
-0.01010943
-0.00670850
0.00424248
-0.01114300
0.00875654
-0.00668574
-0.06247976
-0.01405048
0.03673713
-0.02918258
-0.00887197
-0.01458801
0.01994231
-0.01447308
-0.04276387
0.00630648
0.02710256
0.03140314
-0.02811033
0.05413702
0.02493238
-0.03569964
-0.02962105
-0.05951528
-0.05247718
-0.02224291
-0.04513641
0.00169477
0.01503685
0.00081848
0.04843352
-0.01258409
0.04392251
-0.03184126
0.04569151
0.00240641
-0.03061473
-0.05465085
0.00330071
0.03052095
-0.02057725
0.00962909
-0.00461316
0.05030482
-0.01929103
0.00604032
-0.01132372
-0.04031688
-0.02297046
0.00191767
-0.01572867
0.01219770
0.00137739
0.04892217
0.05551373
-0.01329594
-0.02677321
-0.03075962
-0.01542050
-0.01770863
-0.01535844
-0.01689423
-0.02657548
-0.00146412
0.00998021
0.02536636
-0.03941927
0.01464118
-0.02044576
0.02102578
0.00792229
0.01193536
-0.01790827
-0.01596970
0.02564369
-0.01760763
0.01091391
-0.00224301
-0.01718055
0.00307107
-0.00746965
-0.00189356
-0.00252827
-0.02320998
-0.00974523
-0.01721521
0.00405726
-0.00120788
0.00362535
-0.00455805
0.03556798
-0.02644244
-0.00403430
-0.02130478
-0.01538627
0.05600950
-0.00663532
-0.00266123
-0.04468488
-0.02053921
0.01333806
-0.06059057
0.04634484
0.02458579
-0.03149770
-0.01414540
-0.02983214
-0.00412429
-0.00266684
-0.00098023
-0.01283987
0.01355264
0.00370820
-0.00625774
-0.02865901
0.00510117
0.03024890
0.06347574
-0.02736132
-0.01805196
-0.03583499
-0.06109905
0.03875560
-0.03135455
0.04754834
-0.00361232
0.05304186
0.00152026
0.00058484
0.01728457
0.02814304
0.05418418
-0.00194702
-0.00195064
0.00533219
0.02782570
-0.02054442
0.00542317
0.03176952
0.01200518
0.00827700
-0.00731522
-0.02386154
0.02599251
-0.00846625
-0.00321667
-0.04876630
0.03673696
-0.04698258
0.00274916
0.01178686
0.02326172
0.00624780
-0.02864566
0.01965209
0.02391578
-0.03210909
-0.03154291
0.00074115
-0.04351614
-0.00075699
-0.05535746
-0.01188376
-0.02353339
0.02756160
-0.03540293
0.02831068
0.00683428
-0.07231713
0.01763187
-0.03467041
-0.05303617
-0.03808651
-0.01381786
0.01121616
-0.01913387
-0.01209457
-0.00755311
-0.01255440
0.03957166
0.04477857
-0.02579270
0.00356292
-0.00412094
-0.01114219
0.06944970
0.05542782
0.00243257
-0.00717733
-0.02027668
0.00172611
0.05689703
-0.00013609
-0.01991208
-0.00100126
0.03880480
-0.01746928
0.00341491
-0.04810057
-0.00656469
0.00001085
0.06638151
-0.06670360
0.04233684
-0.01822324
0.01569472
-0.01776245
-0.03641098
-0.02435550
-0.00574783
-0.02804933
0.02106282
0.00659272
0.00409471
-0.02571070
0.01764453
-0.00914605
0.00875381
0.04429671
-0.01447547
-0.03561715
-0.01230576
-0.00723842
0.04063233
-0.00434462
0.02085794
-0.05979001
-0.03200311
0.03704796
-0.07043840
-0.04381852
-0.03359065
-0.01634683
-0.00313423
0.00274110
0.02534140
-0.01949275
-0.00663335
0.05399484
-0.02136593
0.02490333
-0.02676880
0.00687646
-0.01539355
-0.02654983
0.01089259
0.00089114
-0.00631818
-0.00224414
-0.02634157
-0.01651559
-0.00045274
-0.03395331
-0.04884670
0.00790336
0.00997783
0.06616308
-0.01585381
0.00505408
-0.02541315
-0.01928926
0.01190532
0.00047721
-0.03393089
-0.01568298
-0.00011816
-0.00254501
0.03592303
0.00869433
-0.01025865
0.00753459
-0.03771935
-0.00938319
-0.00443247
0.00203252
-0.03822984
-0.02341939
-0.00744768
-0.01331288
0.01315263
-0.02701621
0.01719174
-0.02113871
-0.00214438
0.00548411
0.00314324
0.02618238
-0.00806174
-0.01895397
0.00516056
-0.00771459
0.00033689
-0.01890390
-0.04478700
-0.03824719
-0.02857028
-0.00028560
0.02531847
-0.03208406
0.01452462
0.03231189
0.03616412
-0.05339451
0.01172280
0.01347525
0.00933301
0.02802471
0.04801430
0.00404023
-0.02196725
-0.08336268
-0.01285670
0.01077868
0.01722364
0.03537551
0.03189744
0.03252825
-0.02019258
-0.03252602
-0.03214746
-0.02496631
0.00996241
0.04703240
0.03803540
0.02704817
0.00801726
0.00381748
0.02471316
-0.02385681
-0.01377956
0.01925581
0.00900463
0.01450347
0.01530683
0.03469423
-0.02717718
0.00881767
0.01004348
0.02148231
-0.00556302
-0.01672042
0.04052325
-0.03600605
0.02894546
-0.00804287
-0.00968172
-0.02558258
0.00178656
0.01851469
-0.00599774
-0.00338783
0.01238641
-0.03942472
0.04323271
0.02007607
-0.02531179
-0.01550102
-0.02200075
-0.01505114
-0.00829160
-0.00766973
-0.02163742
0.02960957
-0.04272050
0.00295801
-0.01884486
0.06142379
-0.01330821
-0.01718685
0.00701072
0.00053601
0.01662282
-0.02818440
-0.00692204
-0.02286301
-0.03570868
0.01215907
0.02237634
0.01915489
0.06245256
-0.01388415
-0.00679758
-0.01875795
-0.01744085
0.01163933
0.01235853
0.05024482
-0.03023393
-0.01741043
0.03035316
-0.02539225
0.05686936
-0.03095342
0.00570048
-0.00210380
0.07855897
-0.01139059
-0.00058966
0.01828368
0.00730922
-0.00772631
-0.00720499
0.00561162
-0.01135741
-0.01326591
0.02311166
-0.00304297
0.08144812
-0.01122235
0.04525426
0.01680669
-0.04825195
-0.03142914
-0.01866629
-0.04213346
0.03176286
-0.03583499
0.01813090
0.03213977
0.00592439
0.02081461
0.03285647
0.00884479
0.01667314
0.04292563
0.00028166
0.01912871
0.04699966
-0.01600459
0.02462758
0.00296105
-0.00302243
0.00960163
0.02324120
-0.00180002
0.03873960
-0.02931818
0.03651185
-0.01566740
-0.03346239
-0.01915541
-0.02923465
-0.02499498
0.01007055
-0.01522785
-0.01012594
0.00092365
0.02868257
0.01924861
-0.02154915
0.00406373
-0.05201958
-0.00883783
0.01344715
-0.02053785
-0.02095852
-0.01771337
0.00342034
0.02418185
0.02992521
0.00511522
0.00106885
0.00794151
-0.02211386
0.01285601
0.00643626
-0.00766510
0.01352716
-0.01992574
-0.00627516
-0.03467416
-0.01248527
0.01051100
0.00728859
-0.01815346
0.01377248
-0.00235721
-0.00496476
-0.02952278
0.00915782
0.00202222
-0.01346012
-0.00350660
-0.03090401
-0.04137537
-0.00409914
-0.00039163
-0.02692397
-0.00887498
0.01979794
-0.05191683
-0.00995786
0.03171846
0.03617912
-0.04746770
0.01878617
0.01553617
-0.04963787
-0.00305545
0.00583423
-0.02429409
-0.00632758
-0.02113656
-0.00971169
-0.02437033
-0.01146738
0.05460364
-0.01568269
0.00548765
-0.04416050
-0.02903088
-0.00489650
0.00288250
0.01564946
-0.02295900
0.00675812
-0.01554653
0.03258596
-0.00451158
0.00039145
0.00103946
-0.00703297
0.01889146
-0.01297368
-0.00376213
-0.02317472
0.07214092
-0.01311119
0.00646232
0.04549319
-0.02624829
-0.04927887
0.00132773
0.01182104
-0.00034638
0.02292415
-0.01452369
-0.00633884
0.01596275
0.00044888
0.02156502
0.00085933
0.00942105
0.00041177
-0.03260048
-0.00827391
0.00730398
-0.04039694
0.02987464
-0.03370445
-0.00132094
-0.00612154
-0.02458711
0.00296253
0.00970727
-0.02050496
-0.02632738
-0.00919006
0.03396562
0.02381584
-0.00275353
-0.01297288
0.00030304
0.01988229
0.01139341
0.01951865
-0.01702240
-0.02718913
-0.00238434
0.02008736
0.03486281
-0.02220055
0.00336818
-0.00212200
-0.01379716
-0.00795427
-0.01176254
-0.00099799
-0.01284695
0.01136973
-0.03235656
-0.00181431
-0.01828032
-0.00790494
-0.03226635
-0.00528335
0.01729814
-0.01145254
-0.00034977
0.02454334
0.01842584
-0.01808212
0.02242829
-0.03707145
-0.01941445
-0.03283112
0.00081649
0.02022963
0.05152867
0.02429615
-0.02541529
0.00857616
-0.00468435
0.01635653
-0.02048134
0.02080472
-0.00531530
0.05844968
-0.00533415
-0.01005410
-0.02568170
-0.04577042
-0.04054838
0.03064689
-0.01120525
0.00708721
0.05029147
-0.03621144
-0.00804011
0.00568156
0.03999661
-0.05465751
0.01443509
-0.01220115
0.05901667
-0.01861737
-0.05835313
-0.03592412
-0.01615922
0.00309157
-0.01436062
-0.01734162
-0.00552712
0.02708985
-0.02569872
-0.01459784
0.07329197
0.00259896
-0.03990025
-0.02116694
-0.01406191
0.07262883
-0.02962183
-0.04681694
-0.06087603
-0.00135844
-0.00408265
-0.00818858
-0.03551284
-0.08709133
0.00033290
0.04894605
0.05129117
-0.02876253
-0.02380575
0.00374207
0.00317396
-0.00556138
0.03885772
0.05210554
-0.02425090
-0.01757293
-0.02664727
0.01673930
0.00672210
-0.03843473
0.01800326
0.01648330
-0.03513828
-0.00012499
-0.01822877
0.00214076
0.02185377
0.00710557
-0.02134024
-0.03308820
-0.04190115
0.02852927
0.01213129
-0.02862822
-0.00946566
-0.00762759
0.00645126
-0.03878411
0.01833107
0.01914829
0.03088589
0.03681742
-0.00790753
-0.03421331
0.00150166
0.02497826
-0.00736311
-0.02700188
0.00701881
-0.02445875
-0.00075365
0.03351609
0.01845198
-0.01210238
0.02597220
-0.01519670
0.01440323
0.03201559
0.01782813
-0.04096248
0.01626597
-0.07172649
0.01764148
0.11131412
0.04059956
-0.01327719
-0.02339307
0.03157635
0.00915366
-0.03775894
-0.01838135
-0.00022177
-0.02760371
-0.03704524
0.01038652
-0.03509221
0.02460726
-0.01634754
0.02928986
0.05485152
0.02985797
0.00337974
-0.00353016
0.04820697
-0.00779865
-0.01179486
-0.01721750
0.00231001
-0.03317736
0.00129564
-0.00008973
0.02581858
-0.00948456
0.01934251
-0.00013245
0.01194793
-0.00285952
0.01227424
0.00334396
-0.01713090
0.02027532
-0.02514062
-0.05247172
0.02246567
0.00226957
-0.00476397
0.03601041
0.01521968
-0.01092947
-0.01619013
0.02837439
-0.02759510
-0.00942370
0.02329968
-0.01767977
0.01034687
0.00967544
0.05942033
0.02888050
-0.01562071
-0.03729384
0.00041733
-0.01033515
-0.01100258
-0.02142685
0.03520374
-0.00818797
0.04456212
-0.01998783
0.00239112
-0.02635240
-0.01035576
0.01702142
-0.02122778
0.01581915
-0.01983262
0.00710168
-0.01254442
0.01846802
0.00853320
0.00227423
-0.01452568
-0.03598968
0.03736846
-0.00213106
0.05489868
-0.00845184
0.01282949
0.01336853
-0.01407286
0.00202522
0.01511421
-0.00660577
-0.01694407
-0.00285874
-0.00151737
0.01911328
-0.01628271
-0.02835809
0.02907623
-0.02806649
0.01654790
0.02513045
-0.03263485
-0.00484558
-0.02186009
-0.01935787
-0.03147011
0.05761097
-0.00661812
0.01760790
0.02883673
-0.01876870
0.00633799
0.01670997
-0.00285399
-0.00729795
0.02767545
-0.03634831
0.01118344
0.04435094
-0.03515214
0.00422438
-0.01453896
-0.00467028
-0.03927600
0.01777785
-0.02628576
-0.01088543
-0.00223558
-0.02310222
0.01897500
0.03895503
-0.02575467
-0.00746415
-0.01639803
0.00379437
0.01403740
0.03021665
-0.03740904
0.01500956
0.01760461
0.00167923
0.03630520
-0.03583468
-0.03122387
-0.07910956
-0.01485833
0.02648771
0.00700397
-0.00104545
-0.00522699
-0.05662117
-0.01696319
-0.00788569
-0.02064363
0.01726789
-0.00329998
0.00430107
-0.00329540
-0.02421673
-0.01271740
-0.02611765
-0.01893173
-0.01841679
-0.01521754
-0.01766723
-0.00356516
-0.01020152
-0.05880676
0.02675864
0.01272516
-0.00759987
0.01826175
-0.00023638
-0.00490504
-0.02351232
-0.00169640
-0.02391566
-0.01513471
-0.08935102
-0.00422035
-0.00757079
0.00031707
-0.01615965
0.00353432
-0.03835985
-0.02726197
-0.00215510
-0.03688932
-0.00549429
0.02887825
0.01183819
0.00674489
-0.00288826
0.00831053
0.01553669
0.00405174
0.01855239
0.02463503
-0.02090233
0.00205105
0.02462780
-0.04812770
0.06995446
0.02243809
0.06765336
-0.00569135
-0.00529723
0.00639568
-0.00099705
-0.02077233
-0.00783296
0.01388332
-0.03516170
0.04506861
-0.02544678
-0.02845544
-0.00224959
-0.02170043
0.05193516
-0.02391614
0.01936959
-0.02795686
0.00607220
-0.01135725
-0.02367994
-0.02183606
0.00461011
-0.00510150
0.03984430
-0.03513998
0.07694827
0.00913086
0.01146413
0.02128625
0.03968369
0.00368766
-0.00861929
0.01210718
0.04989621
0.01940100
-0.00258068
-0.00801616
-0.02760131
0.04248283
-0.03187789
-0.03369205
-0.01443878
0.00755784
-0.03731054
-0.00898298
-0.01498495
-0.03044710
0.01698892
0.02201632
-0.03446450
-0.00118012
-0.02014976
0.03085428
0.06674603
0.04733047
0.00933811
-0.02942525
0.00020637
-0.00389251
0.06853946
0.01230011
0.05441565
0.03606869
-0.00448653
-0.02503353
-0.01009260
-0.02550678
0.05516472
0.00679004
-0.03351627
0.00969715
0.03631258
-0.00109063
0.02614327
0.01309323
0.02404150
-0.00005866
0.04309747
0.03269099
0.04337261
0.01108422
0.02706351
0.04454657
0.00325940
0.00139558
-0.00541221
0.00816114
-0.01545422
0.05180204
0.03175149
-0.03419708
0.01602154
0.00569922
-0.01815330
0.02596457
0.00587549
-0.01172245
-0.00197492
-0.00519924
0.03834787
-0.03095960
-0.02390486
-0.00176840
-0.04629649
0.06745898
0.00682295
0.03356311
0.01496972
-0.01617750
0.00224971
-0.01455809
-0.04900633
-0.03269739
-0.00901161
-0.02553315
0.01961498
-0.05563695
-0.00219659
-0.08338686
0.02592257
-0.01089383
-0.04906887
-0.12237098
0.03215417
-0.01656267
-0.00887496
0.00329564
0.01045201
0.02199630
0.02779614
-0.05402987
0.04072339
-0.02464739
0.02066855
-0.00360204
-0.06569990
0.04735028
-0.00243145
0.07362019
0.05437672
-0.00679978
-0.06956577
-0.01504497
-0.02139930
0.01669629
0.03637409
0.06810883
-0.04147791
0.07574413
-0.04490403
0.00075429
-0.06558926
-0.01176941
0.07724877
0.02715997
-0.01684245
0.03920930
-0.00297912
-0.00726561
-0.04608040
0.00775043
-0.01270011
-0.02366972
0.04065139
-0.04027094
0.14326617
0.09157793
-0.02680142
0.03087009
0.01555934
-0.05634097
-0.03317387
-0.04106625
-0.08762483
-0.02971274
0.04469423
-0.00564300
0.00556705
-0.01362045
0.02114581
-0.05289923
0.00092245
-0.02801109
-0.06063390
-0.00450506
-0.03917824
0.03268315
-0.04109410
0.04071580
-0.05309995
-0.04718798
-0.05882331
-0.02045133
0.00007546
0.01750398
-0.02212794
0.05731755
0.01042048
0.00834450
0.01124194
0.02024477
-0.04555129
0.02458546
-0.01179108
0.03149864
-0.01021051
-0.01245208
0.00125741
-0.05952509
0.01431697
0.03713259
-0.00992091
0.00386023
-0.02332813
0.05723638
-0.00752270
-0.01250000
0.03108971
-0.04459104
0.01508163
0.00938005
-0.03099185
0.01649189
-0.01227738
-0.01133780
-0.05906329
-0.02649429
-0.00424925
-0.02951934
-0.00216039
-0.00224539
0.01777379
-0.01546322
0.00528840
-0.01329112
-0.04473095
-0.03666882
-0.00086579
0.03512082
-0.00759425
-0.00611686
-0.03039880
-0.01113998
0.01130406
0.00654256
-0.00435473
0.03691839
0.00545814
-0.02494896
0.00246938
-0.00001769
0.04444191
0.02228253
-0.00723770
-0.03127863
-0.01847260
-0.00585997
0.01615221
-0.00749356
0.06638125
0.02178255
-0.06242590
-0.05674138
-0.03849461
-0.03448856
0.02104573
0.00056085
-0.01358659
-0.00279590
0.06599423
-0.00979760
0.02445909
0.00352900
-0.02936567
0.04851738
-0.02401205
0.01221614
0.00963815
0.01146400
0.04251040
-0.03782780
-0.02368047
-0.01966895
0.04086300
-0.01444227
0.03146062
-0.03995350
0.02288470
-0.02732441
-0.01148847
-0.06471498
0.00455042
-0.01611588
0.01053007
0.02227169
-0.11675847
-0.01376601
0.01605328
0.01068035
0.03570444
-0.01642599
-0.00154017
-0.01273051
0.01800548
0.01073993
0.04020266
-0.01825557
-0.01331577
0.01345052
-0.02442614
-0.02743126
0.05462055
-0.07047409
-0.01878639
0.04500399
0.00971190
-0.02029817
-0.01758366
-0.02207812
-0.03691111
0.03149990
0.05824774
0.01181455
-0.07313508
-0.00961866
0.04158217
0.00142621
0.04456483
-0.01326098
0.03664386
-0.00411416
-0.00952670
0.01076620
-0.00984572
-0.01380634
0.01875858
0.01066994
0.01344192
-0.03599639
-0.06695713
0.03369121
-0.01404072
0.00600954
-0.01986706
-0.07763191
-0.05626137
-0.04645294
0.01738671
-0.01054171
-0.02533346
0.01212491
-0.00959080
-0.09914270
-0.01696684
0.00259521
0.04644397
-0.04075672
-0.00976381
0.04601046
0.00510319
0.04347366
0.00522272
0.02084715
-0.04845719
0.00551313
-0.01485541
-0.04227184
0.02518008
-0.05728734
0.05016176
-0.04954174
-0.02350032
0.02441013
0.02613596
0.00206225
-0.02812972
0.01314954
-0.01359713
0.02964067
-0.00936703
0.00099500
0.00216461
-0.00142609
0.01142714
-0.03920280
-0.00894083
0.04264345
-0.03286846
-0.01994955
0.01191548
0.00807128
-0.02735674
0.01278139
-0.01557521
0.00426141
-0.00562498
-0.04366860
-0.00003921
-0.00746941
0.06274436
-0.00242075
-0.02719332
0.01713765
-0.03268639
0.03010071
0.02183516
0.01648461
-0.02727569
-0.00510410
-0.00642963
0.03777510
-0.00725068
-0.01288588
-0.00687543
0.00953649
-0.01652086
-0.00181771
-0.00241408
-0.01599438
-0.05037479
-0.01317914
-0.03796443
-0.00547472
-0.02713345
0.00504273
-0.00884708
-0.02769907
0.02525177
-0.00068902
0.00652774
0.04026891
-0.01882129
-0.02762828
-0.03494894
-0.03773655
0.01803159
-0.00434406
0.00898839
0.01247610
0.03184293
-0.01010768
-0.03200703
-0.01415486
0.00665667
0.00027682
-0.01810718
0.00389613
0.02160623
0.02178028
0.01305028
-0.01266241
-0.01540756
-0.00265584
-0.04246054
-0.03439299
0.00137326
-0.01564181
-0.01150186
-0.01932532
0.00855358
-0.01388829
-0.00311869
-0.01781051
-0.04355145
-0.01119027
-0.01330268
0.01041812
-0.01824783
0.01867874
0.01444078
0.01144543
0.03989495
-0.00214510
0.02216079
-0.00594840
0.04382911
0.00036432
-0.04982781
-0.02707415
0.00327608
-0.02852378
-0.00236067
-0.00350537
-0.00336679
-0.01350377
-0.02306585
-0.00028352
0.00611058
-0.01306853
-0.03576236
0.01466250
0.00334579
-0.00176836
0.00831009
0.02392174
-0.05148807
-0.02246113
-0.02931660
-0.00564684
-0.01657972
-0.04388465
-0.04569766
-0.01251245
-0.01822436
-0.00313252
0.00689721
-0.05095685
-0.03777830
-0.00885474
0.00136396
-0.03459527
0.00988748
-0.00365822
0.01019350
0.00527572
0.01652209
-0.02553656
0.00398784
-0.01442627
0.02210573
-0.01117172
0.01679683
0.02307091
0.02056024
-0.01106203
-0.03938955
0.01561153
0.00772982
-0.00948463
0.01984483
0.00238884
-0.01055994
-0.01825475
-0.02631533
0.01308738
-0.01727151
0.02713639
0.01808073
-0.01020539
0.01219029
-0.00262182
0.00475840
0.02537595
-0.00330842
-0.02240673
0.00278792
-0.01312742
-0.02053294
0.02759097
0.00695461
0.02655230
-0.01085358
-0.01121996
0.01975738
-0.00576822
-0.00438266
-0.00338403
0.00312276
-0.02663955
0.02592054
0.01418796
-0.01614636
-0.02829832
0.01079916
-0.01155681
0.01921972
-0.00477762
-0.02362287
-0.01348382
-0.02970812
-0.01905737
-0.00278110
-0.00466639
-0.02046945
-0.02553569
-0.01747479
0.00401186
0.00081684
0.00789027
-0.01550686
-0.00108457
-0.01801362
-0.04140110
0.02439835
-0.00379373
-0.00181196
-0.01804658
0.00643655
-0.00253454
-0.01780125
-0.00748215
0.02435853
-0.00120021
0.03279451
0.00297762
0.03648055
-0.02008863
-0.00579803
0.00757526
-0.00863045
-0.02598009
-0.02352003
0.01802664
0.00303450
0.00163137
-0.00347962
-0.02755080
0.00325077
0.00960393
0.04073938
0.02255878
0.01313174
-0.01159811
-0.03874438
0.01026010
-0.01811528
0.01173011
0.00252148
-0.00074463
-0.01564668
0.00951605
0.02608408
0.00241436
0.02229558
0.00211904
0.00656862
-0.00139521
-0.00121002
-0.00885599
0.00409424
-0.02238527
0.05654818
-0.00357755
-0.00910162
0.01289710
0.00090324
0.00512822
-0.01050504
-0.00899627
-0.00854280
-0.01292554
0.02877475
0.00807082
-0.01471997
0.01752585
0.02111253
-0.02023018
-0.00722272
-0.00737921
-0.01602022
0.01805374
0.04172725
-0.02315891
0.00935947
0.01033405
-0.03120044
0.00415754
0.00738544
0.02151667
0.01376132
-0.02156867
0.00511230
-0.02289072
-0.01569387
-0.00072631
0.00984683
0.02000855
-0.03506558
-0.00583377
-0.03299908
-0.03710335
0.02284383
0.03287647
0.04921070
0.09565127
-0.01975796
0.07384580
-0.01444143
0.01202253
0.00979249
0.00903745
-0.02182767
0.00144329
-0.03407387
-0.02260872
-0.04364229
0.01180739
0.10775092
0.03943076
-0.01026314
-0.00247558
-0.04343312
0.07736092
-0.00052226
0.02049695
0.00158454
-0.02297664
-0.00635213
0.02019753
-0.00904697
-0.00208537
0.01974930
-0.01766535
-0.00309707
-0.01436801
0.00665632
0.01810087
0.00569058
-0.05451696
-0.02977847
-0.00064272
-0.01527715
-0.03700808
-0.02292795
-0.01044571
-0.02422174
0.03047556
0.03991752
0.02505399
0.00430906
-0.02274542
-0.01494118
-0.04845465
-0.01141290
-0.01982565
0.01834321
0.03602223
-0.02086833
0.00676202
-0.06271835
0.00330752
0.00034342
0.03212625
-0.01009546
-0.02020264
-0.00350040
0.02508697
0.05472636
0.01541320
-0.03050021
0.00503422
-0.06815775
-0.04821042
0.01025672
-0.01609100
0.01845238
-0.01009087
0.01155693
-0.00894631
-0.01791579
-0.01303787
0.01546719
0.00692773
0.01667838
0.03064898
-0.03411137
0.01161459
-0.00286796
-0.01322360
-0.03018095
-0.02356608
-0.01427779
-0.00124061
-0.04153784
-0.04303348
-0.01174817
-0.01270713
-0.00124109
0.01374044
0.00837399
-0.01411617
-0.00919882
0.01269507
0.00911386
-0.02448658
0.01872338
0.00293345
0.00071112
-0.01835647
0.01647042
0.01697306
0.00363455
-0.01081244
0.01541312
0.04518315
0.01818691
-0.03661529
0.02819521
-0.00294685
-0.01153709
0.00287797
-0.00259034
-0.00368198
-0.01824688
-0.01025685
0.01745208
-0.00401602
0.01207344
-0.03158536
0.00599799
-0.01110322
-0.01352348
-0.00337834
0.02180661
0.02419428
0.00084071
0.00067303
0.00776707
0.02587977
-0.01148678
-0.02042088
-0.01298788
0.01634140
0.00460302
-0.00083107
0.01604159
0.03919997
0.00324987
-0.00527544
-0.01071512
0.00147373
0.00811542
-0.01044260
0.01716289
-0.01328114
0.01956813
0.01993042
0.01299246
0.01155019
-0.01708123
0.01337275
-0.00003543
0.00554749
-0.00409995
-0.00501252
0.02890030
0.00030716
-0.00532443
-0.00324000
0.00436627
0.02894514
0.00010957
0.00612065
0.00542572
-0.02615634
-0.02659506
0.02615755
0.00601953
0.01558168
-0.00512590
0.00945964
0.01802588
-0.00705574
-0.00494559
-0.02112038
-0.12228724
-0.05752251
-0.06331841
-0.00529385
-0.07895084
0.05851167
-0.05672419
0.01109978
0.04214078
-0.01151350
-0.07166767
0.07375138
0.08981720
0.00032682
-0.02685365
-0.00561024
0.01239275
0.07221343
-0.00902837
-0.00484190
0.03255823
0.03682962
-0.03852434
0.02196366
-0.00648148
-0.00266453
-0.01449107
0.02636363
0.01487925
0.05029584
0.04001647
0.02185905
-0.05203825
-0.02716606
0.05949990
0.01569220
0.01567058
-0.01646720
0.00907292
-0.00911244
-0.01070735
0.01706622
-0.07336917
0.00522270
-0.02403258
-0.03716597
0.00867676
-0.00929046
-0.09906694
0.01746712
-0.04002651
-0.02139764
-0.01913217
0.00224016
0.04751045
-0.07937390
-0.06282521
-0.03784513
-0.00871047
-0.02713080
0.06885631
0.02513884
-0.00076532
0.01557924
0.03309293
-0.00470723
0.02584371
-0.05342335
0.03543117
-0.08424509
0.02905111
-0.01672873
0.00551551
0.06108188
-0.07530810
-0.03290838
-0.02665177
0.01248505
-0.01759826
-0.05455839
-0.01156408
-0.01946466
0.01202826
-0.00595450
0.01297869
-0.02220724
-0.00208796
0.03633589
-0.00635229
0.02380867
-0.06332272
0.04557579
-0.02652551
0.03285742
-0.02382176
-0.04170514
0.01656133
0.01340170
-0.02242490
-0.00785494
-0.00851686
0.06603487
-0.01791820
-0.06853550
0.02125928
0.00378800
-0.06104612
0.00712930
0.00365400
-0.03341592
0.02752393
-0.04132371
0.02421414
-0.03798161
0.06146153
-0.00480879
-0.01833245
-0.05013370
0.01949758
-0.00940075
-0.02252123
-0.01782363
0.03162333
-0.00502775
0.02322015
0.01439845
0.01351780
-0.01451496
-0.00883605
0.03161824
-0.03126880
0.01106480
-0.00374822
-0.02661725
0.02723944
-0.03105776
0.05770213
0.01308847
-0.05443665
0.03111251
0.00964648
0.03122092
0.00020393
0.04149493
0.00041877
0.01294344
-0.03642409
0.06538361
0.05399332
-0.00744898
-0.00307330
-0.00861320
-0.00960339
0.02900211
-0.00727931
-0.01232873
0.00677047
0.05583901
-0.02375956
0.01334640
-0.02032698
0.01104564
0.08038704
0.02083214
0.00410067
0.03338137
-0.02321074
0.00227303
0.00131224
0.04747844
-0.00714366
0.02604890
-0.05046459
-0.01559958
-0.02379274
-0.02057714
0.02227810
0.02342979
0.01072832
0.01948668
0.02515199
-0.02768920
0.01023712
-0.04952969
-0.01317353
-0.02428533
0.00210689
-0.00480002
0.02276513
0.01866176
-0.01194986
0.01030243
-0.00050442
-0.00380060
0.00973843
0.02464789
0.01596582
0.02182846
-0.01435479
-0.01809692
0.03147743
-0.00067973
-0.03958840
0.02276521
0.02803271
-0.04009002
-0.02573081
0.00163184
0.01977344
0.00567163
0.00080975
-0.04339244
0.02377376
-0.01480077
0.01861977
0.01073979
0.04683841
0.02075157
0.01742585
-0.02670512
-0.02481974
-0.02454191
0.00003431
0.01020434
-0.05628767
-0.01423402
0.03147604
-0.00535832
0.01448927
-0.02526660
0.00882758
-0.00572699
-0.00745809
0.00407004
0.03738787
0.01144620
-0.03438694
-0.05462272
-0.03713572
-0.01376089
-0.01098532
-0.01380944
-0.01446733
-0.02185617
-0.02053315
-0.01000900
-0.05105484
-0.00263713
0.00625389
0.00481695
0.04303081
-0.00550232
0.02733970
0.00621603
-0.01375681
-0.02024516
0.05819934
-0.01001292
-0.05121156
-0.02146057
0.01313937
-0.02556772
-0.01004628
-0.00943361
0.01425256
-0.04930475
0.01892504
0.02069385
0.00957071
-0.02016321
-0.02744169
-0.00552650
-0.00634907
0.05654950
0.04109791
0.00888759
0.00328664
-0.01166260
-0.00755020
0.03675161
0.01833624
0.02907111
0.02479919
0.03354272
-0.04415397
0.05501284
0.04538805
-0.00270610
0.01043393
-0.05960575
-0.04465535
0.00052280
0.02207096
-0.00949545
0.01109943
-0.01954031
-0.00553206
-0.01462778
0.00250767
-0.01113237
-0.01131122
0.00656564
-0.00089189
0.03009681
0.02826425
0.01478828
-0.03227925
-0.01728419
0.04412228
-0.00437963
-0.01618155
-0.00836897
-0.01540210
0.02800368
0.02311875
0.01517861
-0.00217382
-0.01857742
-0.03616640
-0.00965938
-0.01137999
-0.03327483
0.01873917
-0.01662803
-0.01889351
-0.00392334
0.02007128
0.02476427
-0.01632204
-0.01200322
-0.01655005
-0.01764747
-0.01113352
-0.02928734
0.01813245
0.01349718
0.03412713
0.00932721
0.00173100
0.02078156
0.03877924
-0.00610056
-0.03284690
-0.04389336
-0.02525077
0.01400002
0.03724917
0.00382209
-0.02015737
-0.01566601
0.01669978
0.00198316
-0.01441413
0.04184688
0.03468465
-0.00909644
-0.00126079
0.01998958
-0.01182791
0.00520941
-0.03065201
0.00779401
-0.01458073
0.03263001
-0.03143814
-0.00534019
0.00257359
0.05014486
0.01157221
0.01528803
-0.01225700
0.01535715
-0.00371947
0.00112333
-0.05222112
0.02018667
0.00199840
0.02904828
0.02288952
-0.02379384
0.03611273
0.00808845
0.00383256
-0.01422568
-0.04166956
-0.02531704
0.01488242
-0.01648461
0.00197512
0.00066750
0.00445613
-0.00390932
-0.03809008
0.01315601
0.00696212
0.01077265
-0.01514704
0.02359791
0.00058915
0.01828429
0.01540148
0.01310424
-0.02431066
0.00837483
-0.00272664
-0.02026266
0.02107433
-0.00206855
0.04048549
0.01538347
-0.00408464
0.03129489
0.00465329
0.03218638
0.00702133
-0.02733612
0.02508873
0.01437219
-0.00061132
0.01498923
-0.01739558
0.02841318
-0.03678871
0.01251124
-0.02292270
0.01678100
-0.00035440
-0.00803695
-0.01577835
0.01132335
-0.03640584
-0.01663836
0.00400251
0.02389130
0.03374657
-0.02067106
0.03145032
0.01560179
0.00488460
0.05240216
0.01505066
0.00025000
-0.01193565
0.02622348
0.00224025
0.01449976
0.02490717
0.01770010
-0.01353962
-0.00353430
0.02765929
-0.01474256
0.03646935
-0.01790442
0.03630115
0.02109876
0.04346599
0.03280467
0.02196041
-0.00693910
-0.00651071
0.00348784
0.03347500
-0.02853297
0.04191044
0.06731443
-0.01845684
-0.00466908
0.01929307
-0.02867706
-0.04023498
-0.00825515
0.05488375
-0.02466278
-0.00345726
-0.03519043
0.01366432
-0.00659000
0.01542492
0.00083821
0.03447573
0.09716346
0.03011146
0.04676378
0.00194913
0.04866392
0.08270899
-0.04684066
0.00013771
-0.00627481
-0.01002436
-0.02722999
-0.01876283
-0.00658791
0.00618697
0.03291712
-0.02870347
-0.02513248
0.05109319
0.00384345
0.00566686
-0.00215328
0.03302241
0.03735114
0.00733935
-0.05309996
0.02859457
0.01625008
0.01122329
-0.01229984
-0.01056568
0.01650197
-0.04254955
0.02959360
-0.01344451
-0.00322233
-0.02730934
0.00669475
0.02782442
-0.01190689
0.00595602
0.04652856
0.00699435
-0.00863890
-0.01348012
0.02594195
0.00373620
-0.00575337
0.01825946
0.01624940
0.01521838
0.03680231
-0.01009051
-0.00567921
-0.04362253
-0.03863564
0.01418851
0.01065071
0.02609716
-0.01942438
0.01173063
0.00038814
-0.04505048
-0.03310589
-0.00998783
0.00599657
0.01710529
0.02052768
0.01273650
-0.00137557
-0.01753113
0.00083999
-0.01151000
-0.03046652
0.00837001
0.04918944
0.02481903
-0.03388271
-0.02897910
0.01931049
0.02549534
0.00882252
0.00573432
0.02628982
-0.06074963
-0.00593398
-0.01032266
-0.00427619
-0.03998768
-0.01804852
-0.01594239
-0.07771288
0.01249388
0.03711061
0.00539833
-0.00571675
0.03789456
0.04031428
0.01500623
0.00383401
-0.00369007
-0.01609745
0.02035170
0.02626258
0.00185861
-0.01852510
-0.00788133
0.02151725
0.03401791
0.00559146
0.01023206
-0.03103845
-0.01656021
0.03440089
-0.01363089
0.00014058
-0.00477907
-0.03913030
0.01779904
-0.01532515
0.00963980
0.00937095
-0.01436480
0.02316258
-0.01373281
-0.04307976
0.02160039
0.01349284
-0.01862976
-0.01917360
-0.02792438
0.04792810
-0.03829448
0.00839991
0.02631619
-0.02411380
0.01917687
0.00808641
-0.02487162
-0.01924491
-0.05904387
0.03191110
-0.00761936
-0.02731765
0.01871883
0.02783824
-0.01701981
0.04312607
-0.01205365
0.00528736
-0.03801689
-0.02294348
-0.00344968
-0.01346383
-0.06390405
-0.00664785
0.02252154
0.01317857
0.04795910
0.00852601
0.02088574
-0.00924068
0.00161553
0.01200722
0.02624602
0.01468550
0.02004238
0.01825212
0.00502554
-0.00727941
-0.01482164
-0.05690876
0.00966894
0.01567167
0.00848602
-0.03939724
-0.03734269
-0.01921239
-0.00827415
-0.03424767
0.00141184
-0.00922573
0.03100886
0.00866641
0.04432663
-0.03303549
-0.01677727
-0.02333652
0.00478975
0.01555024
-0.00356736
0.02183302
0.05781867
-0.01969536
-0.03300868
0.00783991
0.01652591
0.01659425
0.03392777
0.01492642
0.01113252
0.04031951
0.00294280
0.02773284
0.00905606
0.00949910
-0.00618662
-0.05030102
-0.01425936
-0.02940139
-0.03107957
-0.02683400
-0.00225193
-0.01721915
0.00947404
-0.01601990
0.08961536
-0.00247320
0.01958156
0.00075734
-0.01038450
0.00132330
0.01807196
-0.00785074
-0.01710353
-0.00625890
0.00314410
0.10598318
0.01451986
-0.02341264
-0.01378746
0.03972194
-0.02336580
0.02089907
0.04985825
-0.00775539
0.00538933
-0.00323163
-0.02737527
0.02332102
0.01696863
0.00746517
-0.03084134
-0.02975919
0.01499402
0.01171150
0.04325164
-0.03356301
0.01398957
-0.01161534
-0.05256970
0.00485788
-0.01658238
-0.00435442
-0.00908840
-0.03456746
0.06916820
0.00204259
-0.05003386
-0.00216081
0.02570231
0.00428071
-0.01817228
-0.00089838
0.00201500
-0.03554613
-0.00157882
0.03622419
-0.01656035
-0.00083192
-0.07530595
-0.01088957
-0.00465095
-0.01000721
0.00049183
0.03366215
0.01410866
-0.02311652
-0.02309019
-0.00195478
-0.00207812
-0.06922591
0.00333797
0.02180094
0.00369297
0.02964176
0.00085575
-0.01448043
-0.00266353
0.00540143
-0.02185408
-0.01435662
0.00781866
0.02893391
-0.07438540
-0.02049065
0.00187131
-0.04814107
0.00316372
0.01693761
0.00331035
-0.00844483
0.01593046
-0.02801375
-0.00897616
0.00545482
-0.00988275
-0.00770584
-0.00163164
-0.00237902
0.01104104
0.01649174
0.02078736
-0.02476961
-0.00624883
0.00829073
-0.02474302
-0.03475710
0.00733174
0.03555642
-0.01858399
0.01451694
0.02145828
-0.03337506
-0.02815028
0.02310422
-0.01867673
0.00099445
-0.00674848
-0.00235211
0.06633230
0.00254988
0.03410522
-0.02616463
0.00691383
-0.02022424
0.01630523
-0.00976934
0.03734097
0.00083047
-0.02597396
-0.01060416
-0.03171760
0.03090712
0.00761337
-0.00993331
-0.00856536
-0.00543323
0.02586259
-0.01655112
0.00415272
0.00042575
0.03404510
-0.01432514
0.01373677
0.01267166
0.00192476
-0.01926968
0.03400546
-0.00906878
-0.02390466
-0.00257476
-0.01860184
-0.01582972
0.01316293
0.02450089
0.05506804
-0.00126661
-0.03142609
0.01137706
-0.01137239
0.00511894
-0.02277460
-0.00170844
0.04071246
0.01032867
0.05760082
-0.01455781
-0.01567853
-0.00746268
-0.01039894
-0.01404637
0.01601911
0.02357145
0.06182204
0.03233554
-0.01549624
-0.00586809
-0.02288402
0.00850089
0.04184471
-0.03841151
0.03856729
-0.00747439
-0.00634688
-0.04851499
0.05579730
-0.00601694
0.00958915
0.00192117
-0.01731981
-0.01784497
-0.01648333
-0.02344873
0.05713050
-0.02069017
0.00130247
0.01326825
-0.02458127
-0.01749072
-0.03242401
-0.01900436
-0.05925717
-0.02245342
0.00383743
0.02105197
-0.02104473
0.01170374
0.00604577
-0.04319320
0.00626672
-0.00603818
0.00758564
-0.02828185
-0.00539168
-0.01895882
0.01036116
0.02195393
-0.00386324
-0.02801652
-0.03351190
-0.00524066
0.03945454
0.00714718
0.00943298
0.02053897
-0.04367844
0.00738212
-0.05040146
0.07900498
-0.02330831
0.02050233
-0.02587037
0.01074901
-0.04898584
0.01617824
-0.03987655
-0.06639051
-0.05523656
0.00392083
-0.02135414
-0.02561406
0.00522614
0.05544405
0.00271318
-0.00187759
-0.00358144
-0.04593093
-0.03447839
0.00414162
0.02573560
-0.01228225
0.00269951
-0.02761028
-0.02879569
0.02547532
0.00446223
0.01406529
-0.00595398
-0.00753877
-0.01824089
0.01681109
0.02762190
-0.01435707
-0.04156551
0.01813820
0.01740742
-0.00019020
0.01208114
0.01383364
0.02985277
0.01551722
0.00458696
-0.00897348
0.00859218
-0.00463085
0.02840113
-0.00622072
-0.01312873
-0.01307966
-0.00965837
-0.00956255
-0.01424988
-0.03188607
-0.03276403
0.02387215
0.05222814
0.01169966
0.00561901
0.00046073
0.02588627
0.02201949
0.00645893
0.00566893
-0.03677880
0.01770936
0.01389660
-0.01106714
0.00533770
-0.02948937
-0.01326716
0.00039461
-0.00656562
0.02972823
-0.02969517
-0.03617583
0.01080443
-0.00347337
0.01382419
0.01419396
-0.01063681
0.02447932
-0.01255414
0.01822266
0.00546226
0.00673807
0.00705764
0.00806872
0.03026680
0.02658745
0.03446294
0.00254496
-0.01706412
0.00560699
-0.05085924
-0.01692297
0.03441391
-0.01070157
0.01909696
-0.00779484
-0.02961786
0.02941414
0.04800538
0.00356278
-0.06923915
-0.02244136
0.04828254
0.02807716
-0.01403379
0.00355646
0.04311068
-0.01116590
-0.01321080
-0.02977079
0.00001915
-0.00174058
0.03410168
0.00859355
0.00401932
0.02559953
0.01919762
0.02635935
0.00630241
-0.04701841
-0.08395296
0.04438591
0.00280420
0.00441043
0.00071962
0.01648768
0.02649969
0.01989528
-0.01222852
-0.01464614
-0.01670409
-0.02746297
-0.01663173
-0.02929817
-0.00011497
-0.00224505
-0.02904171
-0.05731716
-0.04035748
-0.02149333
-0.00572029
-0.01403618
0.02091844
-0.02809102
-0.03066366
0.03255435
0.01695149
0.03691335
-0.00512484
-0.00389408
0.00657656
-0.00570605
-0.00781566
-0.00521675
-0.05054342
0.01064248
0.02217930
0.01424938
-0.02499168
0.03570450
-0.05170121
0.03477158
-0.01241953
0.01665551
-0.00538549
0.01933485
-0.03909393
-0.01186144
0.01818370
0.00689966
0.03369627
0.00781152
0.03594675
0.00297532
0.02710986
0.05886540
-0.02006755
-0.00995054
0.03463922
0.02172872
-0.00033291
-0.01790150
0.01103875
-0.00985606
-0.04165556
0.01799266
-0.02140050
-0.01018775
-0.00839055
0.04384835
0.02312231
-0.02120589
-0.02770487
0.01590810
0.03186601
-0.00760484
0.00067528
-0.00529244
-0.03293782
-0.01213972
0.02042267
0.04699640
0.00211602
-0.02431770
-0.02076249
-0.01554251
0.02962685
-0.00262216
0.00430756
0.03835741
-0.04771026
-0.00268852
0.01725385
0.04678602
-0.01853431
0.03120633
-0.00687326
0.02130245
0.01928637
0.02351411
0.01729160
0.01784218
-0.00973611
0.02854341
-0.01131673
-0.02460586
0.00047140
0.00077250
-0.10249723
-0.07308137
-0.06257034
-0.00655701
-0.06670523
0.03697390
-0.02413685
-0.02730774
0.00850171
0.01412341
-0.06937799
0.04916051
0.05241272
0.03974462
0.03410396
-0.04642056
0.00578591
0.09706919
-0.01636842
0.01388377
0.01493737
-0.01889752
-0.00746387
0.03803822
0.02106178
0.00486920
0.03770019
-0.00893824
0.01492218
0.00749841
0.01165430
0.04780267
-0.01909010
-0.00743995
0.00706521
0.00540117
-0.00998023
-0.04988750
0.00940507
-0.00510810
0.01722282
0.01931799
0.03835034
0.00756139
-0.03474198
-0.01810060
-0.00033393
0.00662074
-0.03505034
-0.03241241
-0.01496321
-0.00830726
-0.00292357
-0.01085337
0.00867634
-0.01867799
0.01754975
0.01187706
-0.06326503
-0.00776431
0.03759576
0.03759026
0.00972222
0.06261035
0.11645551
-0.01324084
0.02909574
0.01411228
0.01820714
-0.07278334
-0.00807961
0.00040320
0.02712257
0.01170290
0.02018014
-0.02938703
-0.05234640
0.02091387
0.02017165
-0.04201558
-0.00851679
0.00034737
-0.01003966
0.03429879
0.00263256
-0.03320390
0.01635850
0.00385091
0.01256194
-0.01327030
-0.00281634
0.01024949
-0.03365362
0.02772793
-0.00699565
-0.01449181
-0.02454287
-0.01128856
-0.01496745
-0.02284662
-0.02557863
0.03409161
-0.05631541
-0.00615861
0.02817978
0.03351071
0.02774180
0.03226773
-0.03334127
-0.01509847
0.02876337
-0.04913553
0.03003762
-0.04382452
0.05695913
0.02379865
-0.01962135
0.00376185
0.03968084
0.01368250
0.04101254
0.03254239
0.00066953
-0.06457224
-0.02865098
0.03699789
0.00607221
-0.07985758
-0.02527867
0.04798344
-0.02662136
-0.06195798
-0.04044332
-0.00771633
-0.05331700
-0.01251935
-0.02198649
0.03498478
0.00720540
-0.07322823
0.03190678
0.01883308
-0.01877094
-0.01844589
-0.03844871
0.00900285
-0.06032968
0.00780616
0.05263268
-0.04404403
0.04059348
-0.05290350
0.01054603
-0.06327920
0.02560507
0.04153245
0.05324602
-0.04552097
-0.04286661
-0.03993634
-0.05449241
0.03345331
0.00180940
-0.01332528
-0.04037675
-0.01910217
-0.06254056
-0.06550978
0.01170326
0.05749423
0.01652788
0.02568271
-0.06555612
-0.00169122
-0.09143656
-0.03423629
-0.06524254
-0.00712729
-0.02967602
-0.06827123
-0.06154411
-0.00441880
-0.07786861
-0.06013734
-0.02986572
0.02434034
-0.04798824
0.00005878
0.01907936
-0.02126108
0.01606485
-0.01279504
-0.00485408
-0.01065682
0.03793033
0.04268004
0.05502177
-0.01330085
0.06973366
0.01423773
0.00805922
-0.00609972
0.00399085
-0.07647242
-0.01211864
0.00778221
-0.02482801
-0.00581241
0.00745893
-0.00867413
-0.04827558
-0.00278008
0.02658385
-0.00655967
0.01598653
-0.01012526
-0.01771260
-0.02939030
0.00817623
0.03380096
0.01870806
-0.04596267
-0.01422786
-0.06973755
-0.01539003
-0.00535367
-0.01297334
-0.02048856
0.01028166
0.00023333
-0.00605986
0.00301041
-0.02690499
-0.00641509
0.02506707
-0.01834557
-0.00688286
0.06293917
0.02301359
-0.00060201
-0.00967736
0.01987117
-0.01531444
0.03328439
-0.02183823
-0.02030725
0.02439426
-0.06784700
0.02219470
0.01988584
0.02536516
-0.00203041
-0.02771452
0.02804635
-0.03997683
-0.01378615
-0.03757087
-0.00161577
-0.00626475
0.00721811
-0.00607545
-0.00983585
-0.02230967
0.01280827
-0.00646535
-0.02396845
-0.01097689
0.02212238
0.01492049
0.04666007
0.01322924
0.05644816
-0.00406052
0.04325615
0.00292698
0.00549049
-0.00962443
-0.03072173
-0.01551148
-0.01015814
-0.05780644
-0.01180629
0.00361009
-0.03919953
0.05493095
0.03718564
-0.00977214
-0.00629422
0.00833022
0.00400289
-0.01264545
0.00711655
0.02434966
0.04299619
-0.02943489
0.01723196
0.02201166
-0.03585731
0.02876383
-0.01468087
0.02004564
0.00184550
0.00527366
-0.03394920
-0.01666910
-0.00219019
-0.02882575
-0.01014730
0.02625537
-0.02390628
0.00868354
-0.02760001
-0.05363600
0.01978875
0.02300977
0.00567749
-0.02742453
-0.05494523
0.01774608
0.04761649
-0.05323107
-0.03228733
0.01769350
-0.01889078
0.03939652
-0.03284999
0.00558061
-0.02428138
0.00145187
-0.02501497
0.01171162
0.04594692
0.03000712
-0.08065294
-0.03065633
0.00991165
0.03149167
0.01665929
0.01793007
-0.05791755
-0.01479444
-0.01598537
-0.01207420
-0.01269235
0.00931033
0.00139405
0.04963377
0.02772988
-0.06004481
0.02790123
-0.06146565
-0.04056253
0.03276218
0.01899567
-0.01387745
-0.02189213
-0.02505907
-0.02309448
-0.04535679
0.00081071
-0.05126593
-0.03361071
-0.05327148
0.03683558
0.00561422
-0.05428632
0.06403805
0.01394076
-0.07516440
0.03571881
-0.02140178
0.04321767
0.02880185
-0.02669127
0.04276094
0.05534956
0.00760370
-0.01177630
0.05489583
-0.00323906
-0.00916217
0.05223459
0.00961530
-0.01405967
-0.00358790
0.01975436
0.03234258
0.02005423
-0.01729955
-0.01567588
0.01849761
0.00328388
0.01464787
-0.00211719
0.00713806
-0.01585682
0.00328540
-0.01100939
-0.02216186
-0.00582520
-0.01328820
0.00794763
-0.00936151
0.00201273
0.00786493
-0.00407505
0.04886874
-0.00060194
-0.01815949
0.00708295
0.00920816
-0.02397674
-0.00351122
-0.01845911
-0.02386211
0.02872258
-0.00608400
-0.01607054
0.01251562
-0.04835540
-0.00013789
0.01155453
-0.01757529
0.01247310
0.02249067
-0.01225960
-0.03250052
-0.01993947
-0.01074852
0.00788300
-0.01648764
0.01721034
0.04169507
0.01533720
0.00054402
0.03732222
0.02627210
0.00627157
-0.02284318
-0.01371200
0.01255562
0.01079334
0.02243888
0.00339050
-0.01262859
0.04098769
0.00444484
0.01377426
-0.00520755
0.01002576
0.01937270
0.03171536
0.00873958
0.01270894
0.01696497
0.04796958
0.00475107
-0.00370334
0.02316228
-0.00111347
-0.00524285
-0.00668032
-0.03323478
0.02262120
0.00247090
0.00524477
-0.01622553
0.03899277
0.02038476
0.01371720
-0.00525359
0.01527648
0.01125670
0.03025099
0.00402000
-0.02953159
-0.02493779
0.01038488
0.01690882
0.03068896
0.00791014
-0.01426375
-0.02452568
-0.02257435
0.01292067
0.01335004
-0.01526962
-0.01001625
-0.01203893
-0.00609010
-0.00724049
-0.00208190
-0.00388399
-0.00030285
0.00139600
-0.01574610
-0.01617982
0.01375352
-0.02921470
0.02077091
0.00879057
0.01705271
-0.01521206
0.03447968
0.05256787
0.02126622
0.03476391
0.00559060
-0.04936887
-0.01742225
-0.01580116
0.01890315
-0.01953946
-0.02280609
0.01071967
-0.02886452
-0.02114010
0.00685629
0.00760254
0.00150063
-0.04046933
0.01634463
-0.00410147
-0.00932990
-0.01871281
-0.04996152
-0.03560979
0.00272670
0.00951384
0.02036226
0.01890522
-0.00460523
-0.01633205
-0.00506810
-0.06316701
0.00052271
0.01102138
-0.04598760
-0.00040208
0.00350136
-0.00301332
0.01791083
0.03610336
-0.04709668
-0.02527522
0.01883880
0.01194089
-0.00163799
-0.00316399
-0.01889204
0.00291784
-0.00914914
-0.01123086
-0.05045682
-0.01709960
0.00160561
-0.00475521
0.01188802
0.00073921
-0.06252985
-0.00054278
0.04837427
0.00725397
0.01496025
0.00870299
0.00784285
0.00190417
-0.02515988
0.02674327
-0.00678710
0.02126467
0.02736964
-0.00148762
0.03095831
0.01432450
-0.00798557
0.01148018
-0.01911363
0.02968275
-0.01495066
-0.01667038
-0.01670409
0.01783354
-0.02569376
-0.00454593
0.07426032
0.00261047
-0.01102929
0.01559413
0.02236867
0.01986593
-0.01409336
-0.05340954
0.00974623
-0.03908219
-0.00029789
0.00194375
-0.02801860
-0.01423790
-0.00675766
0.00837437
0.06032407
-0.00729364
-0.04860350
0.02788231
-0.05333609
-0.03719347
0.01003118
0.03122746
-0.00059170
-0.01156458
0.01841902
-0.03078341
0.00283482
-0.00069958
-0.02150157
0.02181955
0.04810657
0.07119230
0.00554332
0.02126678
-0.02910519
-0.02552423
0.02824545
-0.04120322
-0.00922637
0.03980662
-0.01242493
-0.00561328
0.00422639
0.00268015
0.05096009
-0.00340716
0.01932440
-0.00159360
0.01156574
-0.03177680
-0.04613573
0.02304181
0.05694656
-0.02306236
-0.00218878
-0.04760490
0.01951510
0.01766587
0.00466929
-0.05776791
0.00736830
0.02897166
-0.00035974
0.01975057
0.02204675
0.03331709
0.01475539
0.04171491
0.00182394
-0.05768193
0.00385500
0.02412694
-0.00511800
-0.04244838
-0.00267397
-0.03793018
-0.00008258
-0.00393668
-0.00408524
0.01526154
0.01044864
-0.05839641
0.00631784
0.02146289
0.00874760
-0.00205121
0.03854140
0.00794093
-0.00778115
0.03716348
-0.03694246
0.02371478
-0.02462290
0.04620257
0.01982329
-0.00956562
-0.06066099
0.00084740
-0.01882244
-0.00712224
0.04886682
0.00919698
-0.02859871
-0.01042723
-0.00297113
0.00307505
-0.01630056
0.00429905
0.02697366
-0.04187327
-0.00102574
0.00976919
-0.03061668
0.00958966
-0.06519936
-0.03546966
0.01607952
0.00111264
0.03039051
-0.04501973
-0.08373273
-0.03076963
-0.01648961
0.01302944
-0.00209492
-0.01245373
-0.02432196
-0.00602890
-0.03293210
0.03219767
-0.00187097
-0.01216807
0.00203596
0.02068480
0.02454482
-0.00503163
0.07154655
0.01439299
-0.00444047
-0.03531400
-0.04208678
0.02577918
-0.02162202
0.06139551
-0.01761919
0.01623880
0.00612047
-0.04237014
-0.01813131
-0.08318560
0.01240128
0.05303576
0.02910128
-0.02487391
-0.00852087
0.03047812
-0.01029014
-0.00270274
0.00087037
0.00709559
0.01268855
0.00037994
-0.01625494
-0.01141376
0.05396400
-0.02091638
0.03864502
-0.00303285
-0.06440368
-0.01823704
0.00831282
-0.03123263
-0.01482710
0.01116290
0.03840833
0.00841106
-0.00516785
0.04225738
0.00111794
0.01317436
-0.03619236
-0.00150623
0.01384267
0.04925109
0.00765071
-0.00218329
0.00726348
0.03238403
-0.03548915
-0.00833086
0.01404338
0.01600609
-0.02440277
-0.00867311
0.01664980
-0.05248984
0.00982274
0.02711761
-0.00708158
-0.06120916
0.00395829
0.00221594
0.01314709
0.03710474
-0.01228214
0.01701885
0.01936889
0.03317100
0.03122245
-0.02256388
-0.02461801
0.03149467
-0.00063617
-0.01932903
0.02775467
-0.03402945
0.02578352
0.00404739
0.03363995
-0.01457235
0.00923799
-0.03291251
0.01232009
0.00149307
0.01508225
0.03699216
-0.02945983
-0.01262383
0.01057831
-0.01458715
0.01666805
0.01371156
0.01167942
0.06401181
-0.00673508
-0.00480257
0.01566453
0.00684292
0.00141159
-0.01042427
-0.00081772
0.01508890
-0.04522548
0.00620692
0.03294912
-0.00975431
0.00858248
0.00393563
0.02486150
-0.05450031
0.03028240
0.02620086
-0.01147574
-0.03385999
0.04971991
-0.00172506
0.06750567
0.05186312
-0.01445592
0.06554281
-0.02752549
-0.02355580
0.06563592
0.00634550
0.01601608
0.02887908
0.08786262
0.01255418
0.03650778
-0.02813552
0.02671554
0.03465252
-0.01079469
0.00049285
-0.03075377
0.00362419
-0.05114342
-0.03059085
0.03773537
-0.00625820
0.03283634
0.01670300
0.03206526
0.02803479
-0.00946847
-0.01167998
0.01000807
-0.00290101
0.05700125
0.00608562
0.00627721
-0.03169903
0.00147449
0.00101999
-0.03152721
-0.01546665
-0.01271923
0.00195047
-0.00431700
0.02607499
-0.00347038
-0.04013189
-0.03537611
-0.03461664
0.03292478
-0.03895202
0.00760142
0.01987809
0.00864920
-0.03010767
0.03116156
0.03215175
-0.03255668
-0.00897353
0.01863143
-0.00320722
-0.01012800
-0.06389897
0.01073232
-0.00103089
-0.01079982
0.02194181
0.01322470
0.04444742
-0.00272518
-0.05031633
0.00338868
-0.03063431
-0.02723004
0.01857134
-0.01613592
-0.04131938
0.04772154
0.00274717
-0.02416024
0.00099160
-0.01910398
0.02841312
-0.05351075
0.01686110
0.01243016
-0.02959727
0.02810242
-0.03017208
0.02858664
-0.04321829
-0.01392357
0.01459400
-0.01947910
-0.05698759
-0.02478173
-0.00818359
-0.01522161
-0.00597669
-0.00223109
-0.01528849
-0.05710036
-0.00312806
-0.01710061
0.02593840
0.00220448
-0.00064316
-0.04572617
0.02282369
-0.01024880
-0.04945731
-0.00040090
-0.01259289
0.03484297
0.01427317
0.01397145
0.01062728
-0.01755002
0.03126093
0.02719786
-0.00341426
-0.01671902
-0.01577526
-0.00067982
-0.02534258
0.00338249
0.01510561
-0.01798705
0.00391153
0.00447154
0.03983562
0.01356293
0.03862114
0.00930491
-0.01262131
0.03016510
0.01601470
0.00206604
-0.01480864
0.01419077
-0.00477576
-0.05889886
-0.05028584
-0.04254108
-0.01246441
0.00849361
0.03562003
-0.02182500
-0.02596823
0.00341541
0.03030587
0.03044344
-0.00387051
-0.05827224
-0.02127225
0.01949503
0.02230302
0.02832486
-0.00415518
0.01082058
-0.01614782
0.01972044
0.00847842
-0.01835547
-0.03459242
-0.00768400
0.01090416
0.03121895
-0.02495024
0.03623359
-0.00379191
-0.01671700
-0.02311196
0.02512874
0.01375679
-0.01530642
-0.02053604
-0.00190788
-0.01922772
0.03050420
-0.02950214
0.00570038
-0.01065152
-0.01535839
0.04183149
0.01083537
0.02001940
0.02470666
-0.00439640
0.00210966
0.01926411
-0.03069938
0.00653055
0.02034212
-0.00605208
-0.01775850
0.03203705
-0.00505535
-0.01507971
0.01609867
0.01137461
0.00580736
0.00044985
-0.03491971
-0.05341627
-0.00497070
0.02904534
0.00746849
0.02431119
-0.03253422
0.00726497
0.00366644
-0.00033417
0.00328625
-0.03497129
-0.00842050
0.02020433
-0.02253265
-0.03775808
-0.00845740
-0.06905462
-0.02395678
0.00854453
0.00155134
0.03783915
0.02063933
-0.05301182
0.01701226
0.02135722
-0.02002671
-0.02751344
-0.03404278
0.02522159
-0.01352174
-0.02569516
0.03794894
-0.07737224
0.00776063
-0.03792855
-0.01284152
0.05114519
0.02432024
-0.00937767
0.01247732
-0.02399744
-0.02086597
-0.00447756
-0.02454534
0.02168045
-0.07279491
0.00987789
0.02058219
-0.00850905
0.00722185
-0.01286413
-0.02513837
-0.04850803
-0.01340176
0.00334993
0.00580427
-0.00016678
0.01961590
-0.00326094
0.00922781
-0.02429663
0.02361485
-0.03975719
-0.00817221
0.03531055
-0.00079328
0.00166390
0.00220627
-0.00707740
-0.03875203
-0.01221542
0.03985863
0.00113907
0.03434638
-0.06258964
-0.05449663
0.07814296
-0.00776598
-0.04590798
-0.02296921
0.06006381
-0.05898691
-0.02034852
0.03927648
0.00084744
-0.01976916
-0.00617884
0.00926067
0.09121896
-0.03716082
-0.06394369
-0.02986895
0.03704000
-0.00057953
0.00184397
0.02375223
-0.00461096
0.04600109
0.07071940
0.02105875
-0.03409833
0.04501922
-0.02432364
-0.05493945
0.00587653
0.01646786
0.03314980
0.00483188
0.01608239
0.00044601
0.03264788
-0.01246148
-0.06254248
-0.03165025
-0.01577406
0.02129729
0.00057498
-0.02107858
-0.01352804
-0.01087582
0.03987299
0.01373269
-0.00546901
-0.01874949
-0.02098978
0.02123598
0.00298042
-0.02374279
0.00060627
0.00405266
-0.02490424
0.00644095
-0.01423166
0.00821458
-0.01402193
-0.03993816
-0.05669992
-0.00518029
-0.03718430
0.00873259
-0.00064393
-0.09232017
-0.03950487
0.00604612
0.04189127
-0.01952633
0.00594606
0.00738626
0.02545651
0.04288081
-0.01465009
-0.03991866
-0.00691522
0.00261577
-0.01497047
-0.04954936
-0.00180683
0.06042143
-0.03593989
-0.01014300
-0.05819573
0.01574942
0.03788178
0.01117250
0.04923503
-0.00672776
-0.01837742
-0.04703573
-0.02415469
-0.01147720
-0.03229582
0.02079314
0.06115589
0.00270670
0.00653614
-0.01578663
0.01289706
0.00365156
-0.00096212
-0.00046145
0.00930026
0.01354146
0.01964585
-0.01094392
0.04509544
0.02347302
-0.01950358
-0.00382246
0.01185532
-0.01346360
-0.02469661
0.00249694
-0.00642491
-0.00098631
0.01961984
0.01345373
-0.00227765
-0.02935963
0.00326430
-0.00504804
0.00376936
0.00350851
0.01604947
-0.00325988
-0.00056055
0.01424416
0.00557553
0.00002994
0.00241352
-0.03118800
-0.00573001
0.01252182
-0.01786043
-0.01828220
0.01117663
0.01532375
0.05747759
-0.03928922
-0.04374356
0.00337375
0.00764974
0.03776842
0.00908871
0.00025720
-0.00749214
0.00648830
-0.03056964
0.01849562
-0.00343090
0.01065668
-0.00128612
-0.02207722
-0.01960237
-0.04654684
-0.03832432
-0.00355756
-0.03476707
-0.03620141
0.00903374
-0.00179119
-0.02529944
-0.05006153
-0.03594626
0.00234894
-0.02447912
-0.00881261
-0.08192302
-0.04326028
-0.04988011
0.02239221
0.05041230
-0.03297614
-0.04353227
-0.00090787
0.02518763
-0.00340596
-0.00500208
-0.05851558
-0.00828999
-0.00361855
0.00466407
0.01463200
-0.03760150
0.03679175
-0.00435831
0.04298056
-0.01209158
-0.00498144
-0.01432978
-0.03314818
-0.00552596
0.01042961
-0.00439622
-0.00366729
0.02230320
0.01247028
-0.01575468
-0.03011285
0.02050108
-0.03544758
-0.01861456
0.00141139
-0.05779352
-0.03560121
0.02627181
-0.01570335
0.03268823
0.02728303
-0.04471485
0.01746218
-0.02246208
0.02567339
-0.01464207
0.02756765
0.01391026
0.03946702
0.02908867
0.03942571
-0.10400502
0.07765348
-0.05043035
-0.05473689
-0.03509456
-0.01633720
0.03416261
0.06351388
-0.05548098
-0.03359305
0.00011299
0.01837765
-0.03420866
-0.01690382
0.02180085
-0.00248711
0.02855920
0.06278972
0.04500040
-0.03626702
-0.05463890
-0.02444918
0.04509402
0.02194876
-0.04646336
-0.01986956
-0.01595411
-0.04379558
0.00002826
-0.00312444
0.00751488
0.01147172
0.03276117
0.00632007
0.02866723
0.04074551
-0.02483773
-0.01252622
0.03096994
0.00193392
0.04698203
0.00427542
-0.03432413
-0.01362229
0.00187342
0.00722575
0.04964637
-0.02278099
-0.00388052
-0.03953584
-0.05588775
-0.06193699
-0.00995899
-0.02976261
0.03329694
-0.04642659
-0.06375716
-0.00869664
-0.01152513
0.03468454
0.02280310
0.00305552
-0.05144887
0.05752579
0.00646397
0.02579780
-0.00629309
0.00454644
-0.00588750
-0.00486545
-0.03735552
-0.04049690
0.01447032
0.07909723
-0.02789552
-0.07014403
-0.04478983
0.04107700
0.02788061
0.03810357
-0.00604974
-0.04975184
-0.01331532
-0.03008795
-0.02869944
-0.03308705
0.01812689
-0.01640313
-0.05433493
-0.00451156
-0.01220786
0.08058038
0.03423977
-0.00814297
-0.06259489
-0.01588860
0.01193001
-0.01452942
0.00832790
-0.00799721
0.02010983
-0.01988514
0.01779017
-0.00371074
0.03860451
0.01614941
0.01594603
-0.01118873
0.03227136
0.00419688
0.02050046
0.00364570
-0.01089233
0.01051313
-0.00397230
-0.00122877
0.00905970
0.01620271
0.02863820
0.00618956
-0.00767858
0.00117821
0.00488488
0.00211987
0.02074011
-0.01232798
0.02190557
-0.02566417
-0.01798967
0.01091361
0.01576709
-0.00132533
0.01329034
-0.01101564
-0.00681449
0.01002799
-0.00687327
0.01256699
0.04848718
0.00330831
0.01450135
-0.02201724
0.00505395
-0.02080509
-0.01262947
-0.00063368
0.00569534
-0.00886358
0.02023860
0.00581512
0.00741794
0.00391043
0.03742973
0.00692311
0.01083238
-0.00498607
0.00088736
-0.00580693
-0.01097932
-0.01241567
0.02941542
0.00470861
-0.01318111
-0.00132284
0.01141549
-0.00729410
-0.00075025
0.04126310
0.00332052
-0.01269541
-0.00612430
0.01219978
0.03499725
-0.01559245
0.00323431
0.04440628
-0.00784907
0.00909401
0.02323855
0.01246018
0.02170696
-0.00714260
0.01191780
0.01685608
-0.01054336
-0.01478714
0.01326889
-0.01710228
0.02651533
-0.01257291
0.02222104
0.02235105
-0.02821204
-0.01764144
-0.05301200
-0.04259963
-0.03097778
-0.02908077
0.04178202
0.01105889
0.02462135
0.00370110
-0.02130944
-0.02647390
0.00003617
0.00401912
-0.00668634
0.03516652
0.03268350
-0.01329414
0.00054681
0.01621435
0.01478972
0.03115190
0.01486306
0.00200940
0.00042464
0.02847813
0.00812973
0.00364226
0.03964274
-0.01566933
-0.01228845
-0.06724631
0.00652936
0.00169587
0.02335412
-0.05622676
0.00410570
-0.00390737
-0.00400775
0.01887812
-0.01144883
0.00392359
-0.03435383
-0.02290745
-0.00633421
0.02522437
0.02381425
-0.00492454
0.05151391
-0.01281370
-0.01043589
0.01063141
0.03789784
0.00141080
-0.01805673
-0.00896682
0.01653749
0.00895522
0.00105276
0.01306975
0.03116516
0.03531083
0.00903649
0.02676607
-0.01171130
-0.05447488
0.01557059
0.02262077
-0.03076421
-0.00442831
0.03897711
0.00759836
0.03211842
0.00234664
0.03193373
-0.01964485
-0.00401051
-0.01939700
-0.04535384
-0.01804955
0.03861054
-0.00483083
-0.05191994
-0.00695434
0.00850295
0.01304644
-0.04564835
0.00260932
0.00483447
0.01217201
-0.02122558
-0.02274699
-0.00625594
-0.03460366
0.00692415
-0.00018780
-0.08535453
0.00842286
0.00593640
-0.00544890
-0.01340702
0.00087407
0.02987611
0.03142570
0.01443458
-0.06285262
0.00341538
-0.01410173
0.04896963
-0.01034079
-0.02809155
0.01605845
-0.02594535
0.00582246
0.04772322
-0.03880369
-0.00357614
0.00633428
-0.00513592
-0.01214164
-0.02717772
0.02701844
-0.01416788
0.00828833
-0.00774175
0.00549892
0.04523076
-0.02104069
-0.03850660
-0.00809689
0.05437784
0.02056817
-0.01652251
-0.01775754
0.04966921
0.00375873
-0.03393672
-0.00957283
-0.03182714
-0.02069497
-0.04276598
-0.00315461
0.02692690
-0.02255095
-0.00714780
0.03013933
0.04550857
-0.00261420
-0.01829791
0.00425516
-0.00962257
-0.06259737
-0.07818441
0.04118601
0.02935946
0.00753169
0.04353845
0.09434006
-0.00098996
-0.00107577
-0.02359485
-0.00893671
0.00295147
-0.04650627
-0.01275808
0.01296881
0.00265502
-0.02631907
-0.04000794
0.03905339
-0.03985941
-0.01806830
-0.01607196
0.04165350
0.02982659
0.09867210
0.00075507
-0.01437035
0.01347139
-0.01356020
-0.01261303
0.02161684
0.02136198
0.08308534
-0.00384156
0.08479173
0.01690351
0.03050782
0.03046790
0.05508994
-0.04008692
0.06579930
-0.06374402
0.06042714
-0.01114221
-0.03404404
-0.04291603
-0.02107744
0.00168202
0.02554867
-0.00271487
-0.04662442
0.00347197
-0.02257849
-0.05916422
-0.00446459
-0.04077156
0.02111049
0.01121120
0.01222369
0.03596734
-0.00951663
-0.04781475
0.00523684
0.00275241
0.01031245
-0.03192258
0.01073155
0.00058273
-0.09076969
-0.02855724
-0.00394387
0.00323527
-0.01100388
-0.02260084
0.02217982
0.06091049
-0.05585072
0.00841491
-0.02522753
0.00788365
-0.00404657
0.02702140
-0.01125957
-0.08001775
-0.02262677
0.01084867
-0.01809736
-0.00969802
-0.02788034
0.04131427
0.04796749
-0.01575635
0.06693793
-0.01751916
-0.01786295
-0.00091785
-0.01930130
-0.02613519
0.00923410
0.02326029
0.00835836
-0.08590925
0.09564450
-0.00163110
0.09892201
-0.04947202
-0.00924628
-0.01446063
0.02052197
-0.00982558
-0.00307493
-0.00344327
-0.02393231
-0.01365393
-0.01578974
0.02458972
0.00077687
-0.03026141
-0.00410538
-0.02784864
0.03888823
0.01204358
0.00706489
0.03425978
-0.05500089
-0.01807659
0.00773481
-0.05721768
0.04663024
-0.02441363
0.01948249
0.02649948
0.02028941
-0.00894029
0.03238327
-0.00725320
0.00944899
-0.02642929
0.01388860
-0.02800707
0.02158232
-0.06919805
0.03043463
-0.04619822
-0.02994778
-0.01089580
0.04355284
-0.00882346
0.06721243
-0.02870321
0.03982269
0.01685636
-0.07953048
0.03077823
0.00966308
0.01447515
-0.01418075
-0.03038883
0.00184213
-0.00575586
0.00072428
0.05167391
0.01509256
0.01775374
-0.00984056
0.01194013
-0.01605903
0.00773120
0.03287549
-0.05196539
0.01277500
-0.02291725
0.03389958
-0.00409227
-0.00767062
0.00534150
0.01261374
0.00252596
0.02255716
0.03566620
0.00772414
0.00889691
-0.01468902
-0.00602921
-0.00593776
-0.02736592
-0.02129981
-0.01135823
-0.02655040
-0.00530916
-0.02228997
0.01036694
-0.00712617
0.00351163
-0.02098687
-0.01684923
-0.02345040
-0.02563174
-0.03742237
0.01364436
0.04558244
0.03211121
0.01119117
-0.03512657
-0.00443756
0.00791918
0.00372183
-0.01939316
-0.01241895
0.00671857
0.02778417
0.05110391
0.00533327
-0.02556590
0.01412710
-0.05356445
-0.04980623
-0.04089594
0.00625539
-0.01185585
0.02056234
0.01132377
-0.01578422
0.00812773
-0.00208808
0.00927166
0.01563237
0.04190611
0.07210958
-0.04020287
0.01363896
0.00350416
0.00623553
0.02401025
0.00498836
-0.00057416
0.03764360
0.00629732
-0.00766883
0.00847609
0.02047855
-0.01393999
-0.02447955
0.00664359
-0.06651568
0.03380818
0.04364843
-0.00627587
0.00763966
0.00675101
-0.00284942
-0.02309989
-0.00707981
0.07965499
-0.04752364
0.00918948
-0.02173301
-0.00985427
-0.04592003
-0.03728616
-0.01641870
0.01851467
0.00462562
-0.01778417
0.00746359
-0.02533954
0.01382994
-0.03988784
-0.01344557
-0.01003623
0.01592397
-0.03394664
0.00357546
0.00667473
-0.03820385
0.00251847
0.00429948
0.00001948
0.03884606
0.03183098
-0.01573675
0.00441841
-0.00611845
-0.01076862
0.00826668
0.01985472
-0.03394442
-0.00829512
0.03006213
0.00649309
0.03095547
0.02586131
0.01034025
0.03449406
0.01181582
-0.00862856
0.00930568
0.00880601
0.03087712
-0.01417051
-0.00341283
-0.04191576
-0.00596716
-0.04387092
-0.02606737
0.00563166
0.09062630
0.00647848
-0.00605634
0.05294227
-0.03554432
0.02902226
0.00462946
-0.00712109
0.03500291
0.01681017
-0.01436129
0.00127845
0.01104113
-0.01317406
-0.01886348
-0.03346699
-0.02047266
-0.01903950
0.06917971
-0.02156016
0.02068330
-0.01889648
-0.03291756
-0.04576412
0.02460627
0.01760920
-0.00726599
-0.01590679
0.00923952
-0.03724110
-0.03233345
-0.02758200
-0.02296700
0.01368847
0.04141201
0.02469864
-0.01066119
0.04540406
-0.01872030
0.03607709
-0.02307516
-0.01230593
-0.00019218
0.04184339
0.01515251
-0.01536374
-0.05349580
-0.02776926
-0.00569535
-0.02134722
-0.06674979
0.00176648
0.04543719
-0.02517661
-0.06427497
-0.02761148
0.01191781
-0.00735353
0.00929199
0.03906110
0.00307053
-0.02875444
0.01867972
0.00386662
-0.02019105
0.01088983
0.00185824
-0.01667614
-0.02748314
0.00956073
-0.01427369
-0.01513927
-0.01668615
0.01743025
0.01011952
-0.00318370
0.00665074
-0.00895575
0.01508344
0.00678881
0.01414487
-0.01641988
0.01886697
0.04308229
-0.00995295
-0.00243929
-0.00553613
-0.01347055
-0.00303892
0.00021000
0.01167362
-0.04393306
-0.04031958
-0.02124404
0.00596509
-0.02457777
0.00651829
-0.03574556
-0.04055424
0.05392889
0.02212579
-0.01846086
-0.00175876
-0.04350533
-0.00400196
-0.01567582
-0.00491564
-0.03077738
-0.00161880
-0.06165547
-0.01219197
-0.02070943
-0.04730651
-0.00504029
0.05901790
0.01471774
-0.02714483
-0.04631346
0.01494291
0.01555424
-0.03353387
-0.05069941
-0.03095992
-0.01760757
-0.03018538
0.01448924
-0.02857523
0.03095114
-0.01008833
-0.03411086
-0.02633028
-0.05769329
0.04920825
0.01659627
-0.01074644
-0.02376841
-0.05018132
-0.02402983
0.00326479
-0.02177579
0.01095143
-0.01879791
0.02335744
0.07137336
0.06709407
-0.01282775
0.04383854
-0.01414371
0.08120541
0.01495061
-0.01208610
0.02113879
0.00607808
0.00631338
-0.02127581
-0.01721548
-0.02165155
0.01460694
-0.02229259
0.02907312
0.00994927
-0.00741992
0.05522909
0.03507006
-0.01564009
-0.00611777
0.00784678
0.02335300
-0.01914107
-0.04147275
-0.00531817
-0.04020643
0.04650745
0.11519271
-0.07375069
-0.01524183
0.03456099
-0.02276342
0.03540365
-0.00665667
-0.05655510
0.00772712
0.01582984
0.05253335
-0.01781742
0.00391174
0.02544776
-0.01903989
-0.04077600
-0.00698620
-0.00821614
0.02112664
-0.00239814
0.02854732
-0.02288084
-0.05608571
0.00491928
-0.00791703
-0.02408507
0.01137690
-0.10128162
-0.02537459
-0.00184737
0.00725163
0.00027885
0.03058967
-0.01874334
-0.05890767
0.00223294
0.02491861
-0.03140850
0.01398384
0.01224407
-0.01458832
0.00663322
-0.04088819
0.03500241
-0.01996986
-0.00227852
0.00896493
-0.01175169
-0.07850827
0.00146394
-0.05738329
0.01094671
0.01168911
0.00584244
-0.00646783
-0.01654848
0.07849880
0.02042365
0.10883938
0.00138684
-0.02002919
-0.01890557
-0.00806584
0.04115372
-0.03613646
-0.02352120
-0.05721395
0.05669694
0.04238844
-0.07420456
-0.03312638
0.10238750
-0.04130525
-0.01755551
-0.03935799
-0.02373033
-0.03030905
-0.01655491
-0.02050414
0.03802307
-0.00819106
-0.01375236
0.03351756
0.01345554
0.00859444
0.01402225
-0.03710664
0.01948188
-0.00870721
-0.02813599
-0.02282861
-0.01456763
0.05170734
-0.01222059
-0.02485755
-0.03306398
0.03945546
-0.02081098
0.01462603
-0.03078983
0.00957378
0.06215829
-0.02958765
-0.03228889
0.00554738
-0.02285433
-0.03397221
0.03888485
0.03122817
-0.00338286
-0.00641784
0.00448277
-0.00941531
0.00755925
0.00249140
0.03166136
-0.02106900
-0.00221913
-0.02832040
0.00490368
-0.04821701
0.01382623
-0.01923043
-0.03595590
-0.05986044
0.03859994
0.04780791
0.11125172
0.03620864
0.02355324
-0.00445973
-0.02085692
0.01238571
0.01643291
0.00147275
-0.01750568
-0.01453624
-0.00104119
0.02851277
0.03632957
0.05646855
0.02163273
-0.00268885
-0.02414422
-0.00508595
-0.00911940
0.03561956
-0.01027923
-0.03498575
-0.02092131
0.02256203
0.01091640
-0.16248775
0.00681685
0.02485335
-0.04345849
-0.00451445
0.00306150
-0.03771398
-0.00333259
-0.01079552
-0.00907207
0.01133370
0.00213403
-0.01076018
0.01390235
-0.03130306
-0.02799371
-0.00686728
0.00138405
-0.03632910
-0.00038618
-0.02624639
-0.02044152
0.02593885
0.01186597
-0.01160189
0.03058176
0.01215607
-0.01624383
0.02141087
0.01112047
0.03407780
-0.03231734
0.07975863
-0.00645229
0.06496347
-0.01902273
-0.01159880
0.03476276
-0.09022937
0.00154604
-0.01510179
-0.01337987
0.02298188
-0.02342033
-0.03146340
0.01619764
0.02282622
0.02715561
0.08492517
0.00082761
-0.03251313
-0.02409939
-0.00570659
0.00238075
-0.03719962
0.00311478
0.00894811
0.00148945
-0.01725976
-0.02830703
-0.07315454
-0.00444198
0.01833276
-0.02449170
0.00188903
0.00448816
0.00676954
-0.04023970
0.05334665
-0.02913231
-0.03464844
-0.03512118
0.00807686
-0.01373945
-0.06474829
-0.01024243
0.02109813
0.02441788
0.01187098
-0.00773930
-0.02021054
-0.02423940
-0.00425542
0.03765479
-0.03660420
0.02088507
0.04551060
-0.02573393
-0.03939908
0.01813220
-0.08472129
-0.05134536
-0.02823121
-0.03221357
-0.03081050
0.08046114
0.07364868
0.02195124
0.09190015
-0.03253674
0.00293490
0.02229127
0.03944327
0.00705254
-0.03437317
-0.09085381
-0.00320809
0.07225814
-0.01535935
-0.09167232
0.08643567
0.03631154
0.04212202
0.05395131
-0.01665506
0.06241584
-0.02763346
-0.04533930
-0.05746709
0.02876253
-0.00606167
0.01629544
0.00130209
0.01177516
-0.06257309
-0.03981305
-0.06634068
-0.00339079
-0.02670604
-0.02926991
-0.14893991
0.07693785
-0.02636125
-0.07136724
-0.02157400
0.01718800
0.03532954
-0.04096543
0.03467519
0.06329800
-0.03290251
0.00481570
-0.05413364
-0.02116366
0.01172607
-0.04296338
-0.01391372
0.02760309
-0.01959422
0.04369720
-0.00875096
0.02041042
0.02183550
-0.03903453
0.05271666
0.04943916
-0.04189244
-0.01612455
-0.00456952
0.00370793
0.04599137
-0.01094318
0.00609921
0.04419135
-0.04916505
-0.01592657
0.00691033
0.10420151
-0.02921542
-0.02099478
-0.03895707
-0.01993278
-0.06554615
-0.01592582
0.01808002
0.05417904
-0.10013214
0.00810572
-0.01926811
-0.13474976
-0.00344030
-0.07776445
0.00974518
-0.00160513
-0.06966220
-0.01878361
-0.00773900
0.00251854
-0.04570587
0.00244693
-0.02054813
0.02094119
0.05811533
0.02623350
0.01794613
0.00101841
0.00615586
0.03390254
0.00340820
0.01347950
0.02886108
0.03507607
0.02292954
0.01516065
0.03674737
-0.03838333
-0.01052083
-0.00445183
0.01094901
0.00572011
0.03332834
-0.01912689
-0.02259012
-0.02063133
-0.06857837
0.04313204
0.02056836
0.00128305
-0.02509977
-0.01368304
-0.01487839
-0.01135892
-0.05633204
0.00216582
-0.01611138
-0.02708200
-0.00157935
0.03145662
0.04625591
-0.04129175
-0.00939392
0.01754052
0.03667130
0.00546769
-0.03830069
0.00059469
-0.01477575
0.00808300
0.00572021
0.01000843
0.02676460
-0.00875492
-0.01503368
0.01175547
-0.01621857
-0.00764725
0.02331821
-0.06149346
-0.02885536
-0.06338134
0.00069959
-0.00785174
0.01671728
-0.00672035
-0.04684986
-0.00893687
-0.01655209
-0.01445032
-0.04246974
-0.02169649
-0.05256157
-0.00794564
0.00274373
0.05567613
0.02418804
-0.03579297
0.02727999
-0.00090706
0.01640217
-0.06101895
-0.00906011
-0.03972722
0.04458965
0.02788587
0.09180366
0.04687293
0.10403188
0.00012998
-0.00442608
-0.00428034
0.01757216
0.02155738
0.03722385
0.01284046
-0.03439061
0.01340560
0.10336563
0.04251224
0.03853099
-0.02576680
0.04792305
-0.02869852
-0.02076682
-0.01722955
-0.03005840
0.01855449
0.05540087
-0.10112997
-0.02246438
-0.06355493
-0.04383434
0.06350622
0.05332984
-0.16607924
0.00117219
0.03970057
0.05322810
0.01151533
-0.01174267
-0.03838604
0.00183283
0.01213624
0.00175260
0.00671336
-0.03534283
-0.03582491
-0.02247130
0.01327225
-0.00417777
-0.01270369
-0.03512262
-0.00270463
-0.04155106
0.01416398
-0.02478271
0.01217365
-0.04290550
0.01197650
-0.01074065
0.06345918
-0.02246641
-0.04376971
-0.02155259
-0.10204015
0.03145837
0.05759916
-0.09471248
-0.03434242
-0.05622669
-0.07283373
-0.09418339
0.00572744
-0.01788904
0.01563204
0.01851061
-0.04082868
-0.02804489
0.00504524
-0.07404614
-0.01156202
0.00252639
-0.03028326
0.10339888
0.02894135
-0.01891064
0.01323660
-0.00266824
-0.03095283
-0.00879707
-0.04545685
0.00749599
-0.00200918
-0.03306086
0.03110939
-0.02931070
-0.02338631
0.01072538
-0.01324959
-0.01174155
-0.00249212
-0.00030117
-0.00069958
-0.04294816
0.00619632
-0.01756565
0.03716976
-0.04173177
-0.00951905
-0.01590788
-0.00707875
0.02455615
-0.01685412
0.03478986
-0.02317338
0.00793878
-0.00025937
0.07854410
0.01415181
0.00532719
0.00494907
-0.02491404
-0.02117306
-0.00001372
-0.03699433
-0.02843131
0.01182463
0.01253194
-0.07851672
-0.03077561
0.05406013
-0.04326127
-0.01641636
-0.02894603
0.00216265
-0.03361261
-0.00325093
-0.04198563
-0.02520964
-0.00302221
-0.03058040
0.02222697
0.01601194
0.01351042
-0.03068439
-0.06307335
0.01596043
-0.00425285
-0.02294060
-0.01749843
-0.02010508
0.01781637
0.00794106
-0.01489720
0.00509610
-0.01807827
-0.01932213
0.01623025
-0.03814163
-0.01254688
0.01487448
0.01025020
-0.02955179
0.00404418
-0.00189089
-0.00471217
0.01306783
0.02176794
-0.00299093
-0.03827164
-0.01617796
-0.02338593
0.00295199
-0.01317501
-0.00256353
0.01438976
-0.01758784
0.03057508
0.00234340
-0.01046721
0.00073125
-0.03101103
-0.02176316
-0.06573195
0.00033495
0.00198045
0.06453974
0.00500245
0.00121533
-0.00256089
-0.05306448
0.04453234
0.00605824
0.01872083
-0.04677208
-0.02070986
0.00414488
0.06621682
-0.01332243
0.10581787
0.01279564
-0.03378927
-0.00077301
-0.09329461
0.01552418
-0.02131401
-0.03018930
0.06252445
-0.00500757
0.10160701
0.02551396
0.06751270
-0.02737606
-0.10067382
0.04209787
-0.03511846
-0.03415302
-0.04081753
0.01120014
0.12909199
-0.11790033
-0.06066406
-0.00568646
0.03700753
0.11850225
0.06058197
-0.13830070
0.00433943
0.06848093
-0.02571589
0.00552137
-0.01269212
-0.06723224
0.00329805
-0.03412372
-0.04948679
-0.01507205
-0.05702505
-0.02571396
-0.03193706
-0.03065827
0.00279750
-0.00702371
-0.05158832
-0.08598406
-0.08871594
0.04327651
0.02329198
-0.02105628
-0.01333656
-0.03122822
-0.11726776
0.09700156
0.02341710
-0.04390670
0.01714773
-0.04044173
0.01280447
0.08043018
-0.02192535
-0.02800679
-0.01184602
-0.01394714
-0.04385451
-0.00398997
-0.04437647
0.04428916
0.02009415
-0.05189700
-0.08479646
-0.03270322
-0.03951484
0.04348938
0.08273610
-0.04125099
0.25442258
0.08076326
-0.06829189
0.01990082
-0.03306314
0.00178347
-0.04393387
-0.02717102
-0.00198120
-0.05927144
0.00163522
0.02783784
-0.00041536
-0.07573729
-0.01889305
-0.04706473
0.03698308
0.02825636
-0.01939516
0.01996830
0.02075846
0.01147297
-0.00454530
-0.02582879
0.00862473
0.00875646
0.07261743
0.02906959
0.05858498
0.00974759
0.07876366
-0.04625121
-0.06175946
-0.03517114
-0.01638823
0.02380476
-0.02597114
-0.01060426
-0.00503899
-0.01826675
0.00475020
-0.04830797
-0.03240274
-0.03919516
-0.02169952
0.07798999
0.04825148
0.02774111
-0.03053425
0.04497394
-0.01216201
-0.01749638
-0.00593776
0.00896716
-0.00595806
0.00382657
-0.04171266
0.00549659
0.00342224
0.01420896
0.00159408
0.04110342
-0.01341507
-0.00467420
0.01188167
0.01414635
-0.04363806
-0.03530251
0.00343692
-0.01673200
0.02121082
0.05376244
-0.08153983
0.00573462
0.01133659
-0.04309915
-0.01889576
-0.01294433
-0.01584489
0.00790798
0.04949444
0.01802347
-0.06029285
-0.00385586
-0.05088077
-0.00887949
-0.02107427
0.02831677
0.02380681
-0.00802069
-0.04767340
-0.03910723
-0.10691368
0.00531545
0.01927918
-0.02612092
0.07140404
0.03496575
0.02081390
0.01538371
-0.04601062
-0.01826937
-0.03208302
-0.04242125
0.02125480
-0.01324399
0.00738619
0.00280632
-0.00834414
0.00275153
0.00306055
-0.03495437
-0.02895760
-0.01797539
-0.05684313
-0.00482865
-0.02435842
0.00708529
0.02871473
-0.01918498
0.00706216
-0.03260484
-0.03071597
-0.02060461
-0.00260898
0.01183122
0.00529168
-0.00001762
0.02532519
-0.01557000
0.03761546
-0.02472243
-0.01070472
0.02302959
0.00664090
-0.01656297
-0.04977257
-0.02589012
0.02944173
0.03089395
-0.02737854
-0.00025266
-0.00201001
0.02205803
0.00494370
0.00232525
-0.01263852
-0.02763984
0.00121163
0.03033416
-0.01069952
0.00638508
0.00308528
0.02488251
0.00237555
-0.02411467
0.00768908
0.01575626
-0.01079265
0.03592569
-0.00080460
-0.00270754
-0.02649242
0.00093269
-0.02140245
-0.03883947
-0.01410447
0.00314941
0.00858220
-0.01463204
-0.00969802
-0.00209122
-0.00833251
-0.00499406
0.00909764
-0.03137801
0.00952616
0.00864078
0.00709372
0.00019041
0.00968338
-0.01608874
0.01215630
-0.00187481
0.01462543
0.01077098
0.03264753
-0.00840627
-0.00257523
-0.02275715
-0.01202990
0.02777994
-0.03423791
-0.01515909
0.02228519
0.00915603
-0.05775272
0.01878681
-0.01949446
0.04847080
-0.00885866
0.01624577
0.02565390
-0.02962303
0.01377095
0.00210657
-0.00704251
0.03135043
-0.01448306
0.01534677
0.00780244
0.01904400
-0.01609999
0.02880515
-0.00055865
-0.02057232
-0.04346199
0.01308194
-0.04432450
0.01801632
-0.01070756
0.03315639
0.01365883
0.03695923
0.02265351
-0.02267293
0.03116613
0.02139476
-0.00913120
0.02266406
-0.01547792
-0.01328681
0.01625347
-0.05492939
0.02536686
0.02342914
-0.01711166
0.01375290
0.01040686
0.01232139
-0.01423579
-0.01906853
-0.00883806
-0.01707867
0.00256041
-0.05200889
-0.03583143
-0.06303074
0.00933023
0.04827163
0.00700039
0.00453768
0.00159757
0.02075920
-0.05292553
0.01205074
-0.00733794
-0.03413909
0.02701059
-0.00679310
-0.00591340
-0.02099237
0.00041329
0.04703346
0.03271899
-0.00993823
-0.00542405
-0.01017484
-0.02353212
0.02070043
-0.00178149
-0.02933177
-0.01498725
-0.02051206
0.00349278
-0.01000661
-0.02283493
-0.01974177
-0.03311393
-0.02888322
0.00038465
0.00869131
0.01866954
0.01883817
-0.00102493
-0.00787452
0.02707677
0.00717516
0.00898171
-0.03635900
-0.01272087
0.04565070
-0.00961423
0.00777192
-0.01034163
0.04247205
0.00390778
0.01066396
0.01281577
-0.01346423
0.00086463
0.00834077
-0.03940393
-0.00215744
-0.00553087
-0.01954528
-0.10232336
0.00230351
0.08852097
-0.02324679
0.00864145
0.02638515
0.02469093
-0.03596837
0.02299363
0.01218292
-0.00604281
-0.03564949
-0.00620763
-0.00529244
-0.04653335
-0.02107220
-0.07856452
0.01653995
0.00092414
-0.00620257
0.01876154
-0.02609131
-0.00171044
0.08610197
0.02090915
0.00638843
-0.04795697
0.04490348
0.01420365
0.02753159
-0.00113159
0.06109970
-0.00734191
0.01680744
0.04161302
-0.00680835
0.05380568
0.02199967
-0.01128319
-0.04161488
0.00242958
0.01596290
0.00937299
-0.03723054
0.05724302
0.00133384
0.01564821
-0.00519147
-0.03449226
0.00759467
-0.03831356
0.00111574
0.02167700
0.01217534
-0.06154487
-0.07894456
-0.02504954
-0.02860500
-0.01285685
-0.04534776
-0.01521849
0.01692158
-0.02832402
0.00909830
-0.02181031
-0.03204943
-0.02507959
0.00411781
0.00632690
0.03615257
0.00964489
0.03861282
-0.03491853
0.01798795
-0.03749296
-0.02749811
-0.03071371
0.01142063
0.03842600
0.02412594
-0.03925079
0.04515615
0.04726715
-0.00434304
-0.05491958
-0.01045443
-0.01134786
-0.00782173
0.01421239
0.00533313
-0.01687908
0.01818082
0.00218301
0.11970731
-0.02008952
-0.02082890
0.02191993
0.00137553
-0.04194949
0.00164354
-0.04692698
0.01675824
-0.07437830
-0.01475846
-0.02095337
-0.00433420
0.05286112
-0.02054853
0.04280385
0.01191542
-0.00992894
-0.00826153
0.02780347
0.01092400
-0.01148661
0.00633975
-0.01489734
-0.03120059
0.05186874
-0.09266064
-0.03958071
-0.02667882
0.05720760
-0.04053232
0.04936502
-0.02660219
0.01314000
0.00911975
0.00032240
0.00926921
-0.02630611
-0.04730697
-0.02040343
-0.00619536
-0.01525745
-0.03177428
-0.02589002
0.01723025
-0.03621757
-0.01114297
0.00077377
-0.02063206
0.04874864
0.02580763
-0.01391224
0.00762780
-0.00900463
-0.02316028
0.02598005
-0.01736733
-0.04725180
0.03350544
0.05187823
-0.00308835
0.02529994
-0.02173178
0.00604935
-0.02265620
0.00049317
-0.02417571
-0.01307739
0.02274393
-0.02857747
0.00955596
0.01478169
-0.02357158
0.00105257
-0.00172451
-0.02116981
-0.04479184
-0.04418956
0.06240983
0.06171274
-0.06224219
0.06686232
0.02103929
0.01699935
0.01808330
-0.00068352
-0.01935954
0.01334072
-0.02870023
-0.01176111
-0.07974581
0.00307794
-0.00030292
-0.03068011
-0.03992051
-0.01127602
0.00195503
0.00166194
-0.02665584
0.06292701
-0.02987384
-0.00113060
-0.01340986
-0.01961434
0.06008879
-0.09047818
-0.00475719
-0.01742066
0.00438598
0.04230271
-0.05079437
0.07482773
0.00887333
-0.00009196
0.02499046
0.03432937
-0.02225059
0.00919841
-0.00611903
0.00526701
0.00028692
0.01615334
-0.04836608
-0.05021824
0.02838005
-0.02990443
0.02244922
0.06738561
-0.00135536
-0.03461400
-0.06127284
-0.01676730
0.00158015
-0.03382843
0.01359819
-0.00967270
-0.01239151
-0.03604921
0.05887753
0.00182882
0.02589562
0.01425845
-0.03241222
0.06309707
0.02981149
0.00786679
-0.03208605
0.00605704
-0.01970290
-0.00810280
0.00359437
0.01604600
0.00347200
-0.04678469
-0.02855670
0.01640406
-0.00886384
-0.00825215
-0.00905965
0.05956877
-0.04396348
-0.02412677
-0.02316886
-0.02182433
0.00634282
0.02219166
0.02350514
-0.05879384
-0.00733379
-0.00398895
-0.00372920
-0.04579819
0.07774792
-0.08470843
0.00491449
0.00699255
-0.01138487
0.06592730
0.03062714
-0.00812558
-0.02329206
-0.01491943
-0.01046826
-0.04782352
0.04404538
0.01451073
-0.07114310
0.04914280
-0.04029714
0.00615574
-0.00462190
0.01504328
-0.02814674
-0.03648871
-0.00675002
-0.00464714
0.01441016
0.04973270
-0.00778665
-0.04105001
-0.00430689
0.00318918
-0.01449660
0.00985669
0.01613227
0.03123533
-0.00666220
0.13087772
-0.01402997
0.01490957
-0.01805339
-0.01654311
0.00299915
-0.00081006
-0.01008473
-0.02287498
0.00762780
0.01532949
-0.02087583
-0.07302755
-0.02569509
-0.02034981
0.06277467
0.04031634
-0.10962461
-0.00925946
0.01785424
0.00308647
0.00598848
0.03063768
-0.00919957
0.01078334
-0.00017676
0.00323697
0.00404600
-0.01357296
-0.00342744
-0.01711815
-0.03525443
0.00279833
0.00031526
0.03123700
0.01402496
-0.02073771
0.01464841
-0.02576666
0.01002434
0.00245474
-0.03937332
0.00289472
-0.00359483
-0.00062103
-0.01124792
-0.02240511
-0.01935117
0.01845189
0.03124650
-0.05109099
-0.01743135
-0.02400637
-0.02032630
-0.01330720
-0.00235234
0.00315349
0.00089607
-0.00573589
-0.00908524
-0.02612072
0.00121169
-0.10111335
0.03851052
0.01131839
-0.02890496
0.07638265
0.02769153
-0.03367365
-0.02982461
0.02099291
0.00625808
0.01684818
0.06253020
-0.01841927
0.00860015
0.01640384
0.03765297
0.00365980
0.01348424
-0.02831397
-0.00329640
0.01929609
-0.00916959
-0.00169795
-0.02474340
-0.01506654
0.00698721
-0.01331319
-0.01125624
-0.05434503
-0.02448624
-0.03849455
-0.00838140
-0.00519877
-0.01259064
0.01034934
-0.03072959
0.02442202
0.02234355
0.01071498
-0.00806110
0.00786863
0.01505004
-0.00668768
-0.01052240
-0.03155546
-0.00415543
-0.00519776
0.00797375
0.00145965
-0.05580719
-0.02627470
0.04027017
-0.01511759
-0.00560479
-0.01947007
-0.03530437
-0.00409907
0.00915224
-0.01518992
-0.00181996
-0.00793835
-0.01097113
0.03301796
0.00875276
-0.03026858
0.00096818
-0.01042276
0.03029023
-0.01483881
-0.00963840
0.00468751
-0.02876345
-0.02194304
0.02305978
-0.02527449
0.03016515
0.04029882
0.05915163
0.00020107
-0.00529554
-0.01770233
0.02929655
-0.02586973
-0.03678066
-0.03132058
0.02877498
0.01281813
0.01054376
0.03069252
-0.00332695
-0.00650173
-0.03489228
-0.01220214
-0.01267023
0.02531760
-0.02358376
0.00316839
-0.01263627
0.00797374
-0.01080383
0.01165652
-0.03078256
-0.01692861
-0.01748556
0.00560842
0.00400547
0.00732169
-0.01866455
-0.02454665
0.01446754
-0.00716254
-0.02690415
0.02431577
0.02398317
0.00750691
-0.02659041
-0.02281652
0.03482828
-0.00551395
-0.00613724
0.00141621
-0.03722012
-0.00026572
0.04556696
-0.05523104
-0.00027936
0.00763706
-0.01727285
-0.00490055
0.02638682
0.08799472
-0.05997247
-0.00159547
-0.01158439
0.03217727
0.02198431
-0.01747970
0.02855429
-0.00265791
-0.04527898
0.01548871
-0.05274067
-0.04688129
0.01082096
-0.01976767
-0.01516220
0.00990098
0.01667844
-0.01015825
0.03278479
-0.02459173
-0.01282959
-0.06349217
-0.00440946
-0.03154431
0.00378955
-0.00080078
0.04256947
0.00424634
0.00411725
-0.02743162
0.00477417
-0.01117542
0.01044201
-0.01767807
-0.01820650
-0.04758852
-0.00907910
0.01711355
-0.00327442
0.00927349
-0.01162822
0.00759978
0.04392445
0.01932898
0.01656380
-0.05018655
-0.02772311
0.01940027
0.00562703
0.02892607
-0.01269663
-0.00339712
0.01069066
-0.01478587
-0.00492002
0.01977954
0.01197417
-0.00255047
0.00168331
-0.03965554
-0.05392588
-0.04553308
0.02641459
0.01462634
-0.00963841
0.01961565
-0.02329588
-0.00675786
-0.00192816
-0.00402671
0.01606604
0.00261146
0.04139181
-0.00281844
-0.00095382
0.02096762
-0.00837097
0.02802113
-0.00824805
-0.00706648
-0.04074508
-0.00851723
0.01117741
0.05461331
-0.00193643
-0.02122195
-0.03861865
-0.01262176
-0.01314998
-0.05032214
0.01017605
0.02329835
-0.01282144
-0.02199998
0.00019073
0.00957941
-0.00312443
-0.00603233
-0.00962894
0.02423635
-0.03183486
0.04593604
0.00684019
-0.02152200
0.00343316
-0.02158661
-0.04714106
0.03983391
0.00085332
0.05585088
-0.02579488
-0.06547162
0.04486373
-0.01123045
-0.00241952
-0.00285211
0.00336434
0.01597554
0.00231029
-0.01458233
0.02139910
0.02642422
-0.02182765
0.03546111
0.02866077
-0.01974427
-0.01021639
-0.00662843
0.01284881
0.01375198
-0.01634927
0.01752986
-0.03450279
0.00156864
0.00885600
-0.03203145
0.01348482
-0.02451331
0.04854660
-0.00104697
0.00895217
-0.01309871
0.02254146
-0.02051156
0.01983137
0.03337127
0.01055040
0.01357263
-0.00452706
0.02567700
0.01844476
-0.01444198
-0.01440487
-0.02190931
-0.02063338
-0.03358180
-0.02493695
0.00762927
-0.02307679
-0.00354872
-0.00494027
-0.02071575
-0.03854404
-0.00164266
-0.04951543
-0.00149885
-0.02546389
-0.01918060
-0.03206971
0.03721029
-0.05542479
-0.03192243
-0.02471507
0.01412599
0.00201090
0.03802876
-0.08104748
-0.02857632
-0.00669658
0.04208132
0.02238934
0.04529780
0.04490135
0.03837248
-0.01390584
0.01921599
-0.03118810
-0.09787156
0.06313501
-0.06211817
-0.07150711
-0.03206976
0.14309296
0.05957793
0.02593167
-0.03254366
0.04578824
-0.08787768
-0.13435124
0.16231476
-0.02539451
0.05476910
0.00135639
0.03513951
-0.01727267
0.08135639
-0.04035917
0.02747877
0.02982436
0.04020111
-0.05329458
0.00005314
0.02996065
-0.04616566
-0.01973294
-0.03605882
-0.00770691
-0.00906015
-0.02277602
-0.04314099
-0.02066009
-0.06254463
-0.02918581
0.00386700
-0.02355532
-0.02629158
-0.02128910
0.01899422
0.05594567
-0.01151741
-0.01558637
0.01282225
0.05758605
-0.01974032
0.10033234
-0.08256070
0.01575020
0.09283096
0.04268489
0.03416343
-0.03559165
-0.07491198
0.00465522
-0.03278808
0.03219094
0.02288230
0.01814343
-0.04450565
-0.05904958
-0.00282832
-0.03313650
0.00412621
0.03911470
0.12369978
0.00273178
-0.08022605
-0.07078113
0.04446561
0.00833388
-0.00036516
-0.00622075
0.00239525
-0.06710026
-0.00251315
-0.03892007
-0.06630021
-0.01567703
-0.06510983
-0.05354027
0.00350955
0.01969937
0.02218444
-0.07727561
-0.03923754
-0.02266138
-0.00944871
0.00698122
-0.00288993
0.00485227
-0.00687801
-0.01560663
-0.02648988
-0.00174045
0.00754302
-0.01595692
-0.01048808
0.01155256
-0.04978561
-0.01490791
-0.00915755
0.01126599
-0.01555354
-0.02839540
0.01180267
0.01472167
-0.00220722
-0.02467277
-0.00922937
0.00190958
0.01575679
-0.01882447
-0.00044806
0.04217488
-0.03762236
0.08040024
0.00508237
-0.04376511
-0.00781705
0.01232455
-0.00993535
-0.02379945
-0.00538707
-0.02704096
-0.00560626
-0.02162757
0.03586378
0.01054819
-0.00184328
0.04559673
0.05044922
-0.01812979
0.00457051
0.00172220
0.05131744
-0.02213663
0.01358858
0.03293647
-0.01961634
0.04345904
0.08401375
0.01744045
-0.00805677
0.00868130
-0.01183372
0.06059396
-0.00961438
-0.03201379
-0.04148153
0.03986179
-0.01548314
0.02489867
-0.01617958
0.01291987
0.00094841
-0.01141002
0.00628796
0.03949495
0.05657657
0.01143589
0.03348645
0.00893394
-0.01310386
-0.05502447
-0.03184114
-0.03434547
0.00350054
-0.00754995
-0.00068536
-0.01683001
0.02534762
-0.00014378
0.02203640
-0.02909049
-0.03235983
-0.03755409
0.00354736
0.04023432
0.02142042
-0.05310003
-0.01375998
0.00434542
-0.01723561
0.01163593
0.00613043
-0.00572914
0.01450293
-0.02632643
-0.12555918
-0.02214591
-0.07120417
-0.02314605
0.00914659
-0.02189562
0.01569804
0.01158601
0.05591693
-0.03867314
-0.04050420
-0.00319802
0.00208306
0.01857883
-0.02578982
0.00893792
-0.00428014
-0.04108534
-0.01874516
-0.03759127
-0.05964829
0.05011768
0.01801315
-0.07434857
0.03094832
0.01324400
-0.03231858
0.00466922
-0.01896374
0.01056932
0.02865894
-0.02343725
0.01265552
0.00202986
-0.01520259
-0.01470529
-0.01390520
-0.01371371
-0.02205862
0.02065337
-0.03676020
0.02322270
-0.01674479
0.00704040
-0.01503304
-0.00887828
-0.01053217
0.00552920
0.04875759
0.12188312
-0.02032775
-0.00989866
0.02808890
-0.02780982
0.03910676
0.02213631
-0.04549622
-0.01502751
-0.01532952
-0.01160155
-0.00651693
0.00563586
-0.01217180
0.00574543
-0.01396201
-0.01442854
0.00056297
0.01849908
0.01283091
0.00658675
0.06356727
0.02875850
0.07752384
0.00241633
-0.00047929
-0.00571675
0.00289295
-0.00250137
0.01853269
0.01058081
-0.02343784
-0.00324473
0.00717347
0.00728703
-0.02053902
0.03034756
0.05830044
-0.00156189
0.01515936
0.02206538
-0.11728143
-0.02345470
0.02767664
0.01464918
-0.00370381
-0.03144865
0.04521789
0.00214077
0.01513290
0.04394440
-0.01332271
-0.00123036
-0.01313162
0.07975554
0.00769453
0.02040453
0.05105948
0.02555194
-0.00492841
-0.02282896
-0.00277684
0.02231548
-0.02567768
0.05895648
-0.04082939
0.02171784
0.00932372
0.00380192
0.02962708
0.01870060
0.01238360
-0.00810060
0.01265800
0.03295107
0.01334390
-0.04252004
-0.03400618
0.00893199
0.02254266
-0.00676253
0.04440359
-0.01141066
0.01926271
-0.00107701
0.03943790
-0.00233450
-0.01227249
0.00956041
0.00086417
-0.03066284
0.06143057
0.00673984
-0.00531509
0.02819452
0.06770993
0.07593534
-0.00294732
-0.00513504
0.00435302
0.03078070
0.01881835
0.00504040
-0.05223804
-0.01225630
-0.03336577
-0.00915275
-0.00549763
-0.00133757
-0.03554450
0.00682177
-0.00978449
0.02978366
-0.00788908
-0.00041882
0.04452078
0.08049092
0.00773639
0.06391238
0.01242641
0.02772915
0.05445129
0.00767410
-0.04032142
0.00581472
0.07342263
0.01913528
-0.02263877
0.03143354
-0.00319249
-0.01230469
-0.01714883
0.01763611
0.00763693
-0.00371749
-0.00882737
-0.00311761
-0.03513055
-0.02969249
-0.05411758
-0.01587121
-0.00536839
-0.01744067
0.01102827
-0.01406964
0.01123719
-0.04341251
-0.04393271
0.04011733
-0.07067530
0.01104093
0.04512917
-0.03050641
-0.07094644
-0.04748773
-0.01339478
0.05941569
0.01156444
0.02882943
-0.01893901
0.10948615
0.11985274
-0.00973640
-0.02374162
-0.04054960
-0.06461067
0.19612923
0.00043017
-0.02975664
-0.01231388
0.03608004
0.03658016
0.00518395
-0.00643682
-0.02321765
0.00301526
0.00594271
-0.01272578
0.01914428
-0.00084892
-0.01877401
-0.00246104
-0.02687358
-0.00122188
-0.06395333
-0.01299591
0.00926763
-0.04743283
0.01421241
-0.03464055
0.00959039
0.11833660
-0.07777834
0.02157693
0.04321381
-0.00601628
0.00407996
-0.02365511
-0.00318127
0.03990656
0.04160310
0.06124507
0.01228900
0.02253184
-0.00055252
0.02206976
-0.02653395
0.05015714
-0.00557292
0.08562274
0.06019037
0.12943120
-0.02853718
-0.09227493
0.00333572
-0.08744397
-0.04171566
-0.03516965
-0.04653720
-0.02580757
0.01624413
0.03041565
0.04144670
0.02680421
-0.01115560
-0.04145106
-0.00422776
-0.01043445
0.02633212
0.01391923
-0.04637323
0.02789904
0.03101958
-0.00574882
-0.02403516
-0.01672779
-0.00176630
-0.03965557
0.01697566
-0.04542232
0.00009548
0.06075289
-0.02992563
0.07763920
0.02541467
0.02132989
-0.11348405
-0.02308976
0.03296413
0.04573554
0.01960137
-0.01153983
0.07988932
-0.08838354
-0.02754998
0.05453213
-0.08298453
-0.05119248
0.03014017
0.00056232
0.02164567
0.05993942
-0.03875356
-0.03758870
-0.01301588
-0.02266675
0.03029688
0.02248869
-0.02724177
-0.05617089
-0.05379174
-0.05038336
-0.03083713
0.05627626
0.02805235
-0.01881839
-0.03754376
-0.00683902
-0.05007313
-0.02292746
-0.00195197
-0.06298580
-0.02233551
0.01770150
-0.00133821
-0.02277713
0.05372520
-0.03974250
0.00457848
0.04700895
-0.04576335
-0.00540050
-0.03088621
0.03723338
-0.00430164
-0.05200865
-0.03785566
-0.06213718
-0.01893758
-0.09324829
-0.00679115
0.03085743
0.03891161
0.01209957
-0.03751287
0.00251458
-0.05773108
-0.02031032
0.05786458
0.06193185
-0.06416541
0.00998762
0.01423059
-0.01120652
-0.03510471
-0.02232697
-0.01863985
-0.00497528
-0.01908630
0.02275270
-0.04941907
0.02588532
0.00937730
-0.00070097
-0.06112932
-0.05478287
-0.10624256
0.02226703
-0.01268364
-0.05092465
-0.00690936
0.03739652
-0.03016047
-0.00275724
-0.02111422
-0.14153883
-0.01651650
0.00843130
-0.03773095
-0.05803893
-0.05710952
-0.05866012
0.00143968
0.01134839
-0.00411855
0.00059072
-0.02261469
0.01415456
0.00106991
-0.01663102
-0.01589164
-0.08647702
0.04250389
0.03273902
0.01105500
0.06299853
0.05432896
-0.07337907
0.02360083
-0.02177657
-0.04249762
-0.06487034
0.00372185
0.01416980
-0.03034391
-0.00907437
0.02069906
0.04393929
-0.04179507
0.02397766
-0.01132146
0.02079297
-0.03742045
0.03194364
-0.00889948
-0.07485284
-0.04108992
0.03830580
-0.00817087
-0.01686067
0.00311835
-0.01444427
-0.00241820
0.05952323
0.04400123
0.01084061
0.00625289
-0.03046725
0.06731846
-0.01929979
0.01476944
-0.00466969
0.04910729
-0.01292016
0.04530735
0.01911169
-0.00173909
-0.02179573
-0.01115131
-0.03278696
-0.00368071
0.01367329
0.01501927
0.02995928
0.01662077
-0.05975584
0.00826139
0.08231124
-0.02754180
-0.03616701
-0.08466464
0.04407552
0.01922336
-0.05097435
-0.06655324
-0.02874953
-0.04271409
0.02246674
-0.02135997
0.02299055
-0.01955143
-0.03326389
0.04205395
0.01732890
0.00187739
-0.04939548
-0.00808457
0.02070608
-0.00854947
0.01602720
0.03007002
-0.03588257
-0.00208554
-0.03254129
0.00397310
0.02693230
-0.00106621
0.07238173
0.00765217
-0.02231084
-0.01930753
-0.01856795
-0.00357141
-0.00120217
-0.04266791
0.03855515
-0.01691061
-0.01250306
-0.01851949
-0.03146645
-0.02710227
-0.01328359
0.05317723
0.01832519
-0.07304586
0.00294426
-0.01046434
0.00568975
0.00370743
0.00292431
-0.02361443
0.02674319
-0.01053728
0.00360126
0.06036009
-0.02307735
-0.01040083
-0.02888799
-0.05691728
-0.00274764
-0.01650149
-0.00746018
-0.01489759
0.01106569
0.02092257
0.00623885
-0.00457823
0.02709503
-0.06826827
-0.00654060
-0.02647724
-0.02273481
-0.00557463
-0.02475847
-0.03266025
0.00052803
0.05464194
-0.03563851
-0.00237738
-0.00328585
-0.00306633
-0.02212844
-0.00852318
-0.01165347
0.01333924
-0.02016930
-0.01661753
-0.01704609
0.02037486
-0.01332061
0.01215913
-0.02380406
-0.00374003
0.02316560
-0.01859229
-0.04233552
-0.00372012
-0.00876857
-0.01570772
-0.03342930
0.04099403
-0.00559952
0.00205821
0.05058426
0.02854473
0.00085376
-0.01234175
0.00555939
0.02395278
0.00171353
-0.00001185
-0.04172844
-0.04284271
-0.03278128
-0.02537583
0.01217498
-0.00314619
0.01975713
-0.01612021
-0.00486447
-0.01856616
-0.00855979
0.01027171
-0.02834601
-0.00391934
0.00579952
0.00560021
0.02709932
-0.00067460
0.02113621
0.02254003
-0.00235473
0.01408596
-0.01311375
0.02912689
0.03344933
0.04551956
0.00925103
-0.00809489
-0.04582938
0.08881151
-0.02853866
-0.02377505
-0.00706119
0.01204274
-0.00472736
-0.00736591
-0.00689237
-0.01928918
-0.01266746
-0.04835414
0.01395568
-0.00087647
-0.00401724
0.06388957
-0.01487845
0.02953774
-0.01516650
-0.00964141
-0.00029384
0.00078978
0.01134020
-0.01168977
-0.01038701
0.02218354
0.02266771
-0.01930164
-0.00766379
0.02420996
0.00887659
-0.00553896
-0.00160173
-0.03974488
-0.02962173
0.00215264
0.02327806
0.01009940
0.02364435
-0.00066981
-0.00069053
-0.00407130
0.00422682
0.04384764
0.01153972
0.00746045
0.00719393
0.00556740
-0.01034582
0.03332167
-0.05674011
-0.01094331
-0.01054608
0.00105246
-0.00536433
0.00618681
0.01132511
0.02204566
0.02577324
0.01374305
0.00534023
-0.01606349
0.01606009
0.01645082
0.02095009
-0.03021186
-0.00191690
0.00402513
0.00422273
-0.01126189
0.01621461
-0.00170200
-0.03675355
-0.00585591
-0.01145935
0.02504889
0.04231606
0.00907649
-0.00794320
0.03717402
0.02353401
0.00726336
-0.02866844
0.02542976
-0.02936318
-0.01493571
-0.00730758
-0.01380265
0.00308638
0.02072347
0.02150256
0.03036872
-0.01470920
0.00557531
0.00528491
0.02055617
-0.01276818
0.01093274
-0.03565362
-0.00765491
0.01679342
0.01181028
0.02206560
0.01368686
0.01282273
0.04217891
0.02064716
-0.01033785
-0.00971444
0.01628887
0.01478010
-0.02761773
0.03401310
-0.04950037
0.02198585
-0.01050853
0.01053097
-0.01661162
0.00719844
0.03054116
-0.02880455
-0.08165108
-0.02724436
-0.04283919
0.02280245
-0.01959049
-0.01929679
0.00690329
0.02870175
0.00528290
0.02102056
-0.01986484
-0.03415181
0.00622651
0.01032284
-0.00411093
0.00017604
-0.01514846
-0.02877851
-0.03384491
-0.00457134
-0.01657275
0.00586399
-0.01192704
0.00441939
-0.06133289
0.00595526
0.04285520
-0.01026101
0.00285713
0.03902238
-0.00240070
-0.01651379
0.01351005
-0.01623948
-0.00257063
-0.04197220
0.02750732
0.01267690
-0.00471903
-0.00101203
-0.06459529
0.00862803
0.00183368
0.07491883
0.05547062
0.00956873
-0.00523648
-0.03104934
0.00702169
-0.06430110
0.06640380
0.00832805
0.02632576
0.09526029
-0.03939572
0.09571895
0.01144365
-0.02364399
-0.00483579
-0.00013473
0.04137536
-0.01983130
-0.01859370
-0.04251990
0.01763859
0.01778674
-0.05958268
-0.08583269
0.00666799
-0.01610916
0.03970495
0.06553354
0.00751032
-0.01547499
0.05738227
-0.00103795
-0.00264025
0.01238626
-0.01285330
0.00089220
0.00848257
0.00088884
-0.01014821
-0.02952148
0.01175079
-0.02571312
-0.03701810
-0.02894318
0.01336495
-0.01842784
-0.01299058
0.00303769
-0.01333641
-0.03029665
-0.02626495
0.04321155
-0.02495039
-0.04363921
-0.03489731
0.04064347
-0.01942026
-0.00295106
-0.00816443
0.00060467
0.03166942
0.00189666
-0.02010681
-0.02669357
-0.00264977
0.00270811
-0.00439413
-0.01353719
-0.02703464
-0.02527055
-0.00692817
-0.01883035
-0.02452322
-0.08305264
0.01612836
0.01742802
-0.04706768
0.15640447
0.06233970
0.00264244
-0.00173159
-0.01443995
0.00328023
-0.03750873
0.04246759
-0.03719839
-0.04566366
-0.00513915
0.00966984
0.03094497
-0.03788495
-0.03004452
0.00558777
-0.01453393
-0.01368097
0.04710913
0.03095152
0.02525389
0.01107372
-0.02840229
0.02225411
0.00058569
0.01081121
0.01184465
-0.00108688
-0.00186060
0.02625395
-0.00357961
-0.00060839
0.01094192
-0.00901331
0.00882070
-0.00268722
-0.00112141
-0.00334798
0.00062176
0.02219538
0.05637401
-0.02666414
-0.00224101
-0.01724259
-0.02277008
0.00085932
0.01515223
-0.00357395
0.00183560
-0.01615046
0.00219199
0.01217913
-0.00249368
0.03154976
0.01380842
-0.01088989
-0.03115723
-0.01875779
0.00690138
-0.00823273
-0.00714119
-0.03242326
-0.02922210
-0.03368074
0.01465334
-0.01606113
-0.02816167
0.00012104
-0.02722542
0.01480348
-0.01617727
0.00291158
-0.03007418
0.01305420
0.01903037
-0.01087057
-0.02601589
-0.00300927
0.03388718
0.00800155
0.01990287
-0.00279602
-0.01529852
0.01897420
0.00923345
-0.00223149
-0.01553907
-0.00871367
-0.00270316
0.01343805
-0.02391389
0.00324192
0.02513405
0.04024186
0.00149443
-0.05901926
0.03853102
0.01576980
0.00207837
0.01066883
0.01040830
0.01765663
0.00699520
-0.02836706
-0.00960089
0.00407669
-0.04243637
0.02226042
-0.01569106
0.01168699
0.00121345
-0.01332831
0.00274967
-0.00659744
0.03893809
0.03431955
0.06460858
-0.03422479
-0.06650929
0.01922663
0.02163888
-0.03644403
0.01543650
-0.01905114
0.02305583
0.05051228
-0.10860488
-0.09133479
0.00056777
0.02330676
0.01495520
-0.00289648
0.03643574
-0.00753539
-0.04433640
-0.03387465
-0.01988219
-0.05834172
-0.00264065
-0.01293519
0.03160694
0.02076023
0.01459503
-0.03800843
-0.00228689
-0.02826141
0.02456325
-0.02200111
-0.00094955
0.02727582
-0.00911847
-0.02571003
-0.01848774
-0.02105188
0.05724767
0.01330112
-0.02460044
-0.02059533
-0.02734763
0.01779973
-0.03047638
-0.00544819
-0.02392951
-0.04030017
0.03181152
0.00821855
0.03503483
0.01780708
-0.01494538
0.09119254
-0.05200240
-0.04835111
-0.05211156
-0.04384719
-0.12654062
-0.01612385
-0.09095568
-0.02844219
-0.02262943
-0.03939761
-0.05335829
-0.07618825
0.09829310
0.18099682
0.03970434
-0.03421162
0.01588784
-0.11862795
0.18338151
0.02924931
0.00761070
-0.05858988
-0.00012641
-0.00042608
0.00506326
-0.09690887
0.01446581
-0.00201670
-0.01553793
0.00673420
-0.01755900
-0.02264652
-0.02676154
-0.02407070
-0.00111738
-0.05748847
-0.00174709
-0.04257875
0.02448545
-0.05508646
-0.00769267
-0.00841402
0.00439061
-0.03849483
-0.00163582
0.04085515
-0.01328011
-0.01322770
0.00659206
-0.02030014
0.02338571
-0.01925803
0.05721629
-0.01389624
-0.01926632
0.02241408
0.00930121
-0.02333204
0.02014842
0.03906929
-0.03698942
-0.01545633
-0.05129661
-0.02537417
-0.02336310
-0.03261421
-0.08401052
0.02416679
0.03734114
0.00128744
0.00939388
-0.01608769
-0.03978026
-0.02301667
-0.04755653
0.05103522
-0.01505176
-0.01488895
-0.01192719
0.02809918
-0.04561886
-0.03030283
0.03127298
0.01714616
0.02825855
0.02016145
-0.04021903
0.01742866
-0.04728541
-0.01897623
-0.01228874
-0.03243500
0.02560023
0.01514549
0.02720187
-0.05226476
-0.01317278
-0.00862483
-0.01271428
-0.00586528
0.03074177
-0.03993412
-0.00105369
0.02772055
0.01249319
-0.01664160
0.03694867
0.00835827
0.00583791
0.00022096
-0.01809966
0.01359576
-0.04240306
-0.02361622
-0.02323824
-0.01197081
-0.00869435
0.08600258
0.04618638
0.03982728
-0.00963172
-0.04755400
-0.04906461
-0.00499462
-0.03123426
-0.02082005
-0.03282482
0.03004633
0.01715422
-0.03678613
-0.00116554
0.00767608
-0.02713788
-0.01257236
-0.06054391
0.00764275
-0.06698555
0.04179504
0.08664242
-0.02851844
0.00508988
0.03968956
-0.01245674
-0.02262498
-0.05421532
0.01354837
0.03084345
-0.02821600
0.01847461
-0.00982388
0.02603055
0.01538124
0.04302502
-0.02666584
0.02958668
-0.05800731
-0.00652315
-0.01496825
-0.02666516
-0.00176066
-0.03520025
-0.03200276
0.03427795
-0.01897094
0.01081105
0.04385720
0.01442531
-0.04047164
-0.01257923
0.01611457
-0.00702435
-0.00272416
-0.01860873
0.01252752
-0.01794368
-0.02491814
-0.00045027
0.00762284
0.00184047
-0.01347324
-0.04613642
-0.03198954
0.03016197
-0.00709627
0.03560274
0.01800277
0.01161253
-0.00986547
0.01434131
-0.03288741
-0.05190796
-0.00331342
0.01137995
0.00193834
-0.01338862
-0.00253244
-0.01454466
0.01287969
-0.03754869
0.01722638
0.01222836
0.03082484
-0.01826738
-0.01163969
0.00774622
0.04757222
-0.00959483
0.00527233
0.01724572
-0.04595692
0.00991344
-0.00405196
-0.00951492
0.01639268
0.03300325
0.02374770
-0.02932430
0.02217743
0.04764450
-0.01364287
-0.01858146
0.04396835
-0.03636048
0.01226679
0.02855805
-0.01325926
0.01962215
0.04254057
0.01390108
-0.02215774
0.04079988
0.00555864
-0.03579523
0.01886289
0.01136076
-0.02841557
0.03727659
-0.01785646
-0.03801340
-0.01887119
-0.02154877
-0.00865397
-0.00421971
0.02757639
-0.03348036
-0.00232103
0.04336555
0.00532034
-0.03155825
-0.01031914
0.02639917
0.03036067
0.02212121
-0.02844581
-0.01890903
-0.00840324
0.01750336
-0.04441406
0.01250541
-0.00334694
-0.00797985
0.04276520
-0.01853494
-0.01676474
0.00239471
-0.02103777
0.00387373
0.02050689
-0.01062851
0.01574971
-0.05257980
-0.01309065
-0.03224075
-0.01001262
-0.01775028
-0.02946515
-0.03035944
0.01067372
0.00013830
0.00513108
-0.01375303
0.00199740
-0.02211396
-0.01874923
0.00387058
0.03648005
0.01209135
0.04282814
0.00361627
0.01480039
0.01456912
0.01233938
0.00756815
-0.03677299
-0.00991626
0.04707159
0.00002962
-0.00611805
0.02762935
-0.00811690
0.00679115
-0.02738083
0.01990623
-0.00029277
0.02146073
0.01678783
-0.00023056
-0.05041737
-0.02132466
0.01657836
-0.03363612
-0.01398186
-0.00462918
-0.02483453
0.01160310
0.02943209
-0.00106609
0.04670445
-0.00624189
0.05113517
-0.01677775
0.00049279
-0.03090023
0.04952303
0.02437555
-0.08350694
-0.03071300
-0.01852149
0.01459918
0.02676270
-0.01750922
0.02679362
-0.02974061
0.00789372
-0.01861077
-0.01742325
-0.02644147
-0.01693132
-0.01498758
-0.01971563
0.00720449
0.00104770
0.01243396
0.01435770
-0.00721432
-0.00533652
-0.00001637
0.01690353
-0.02567439
0.00645562
-0.06965514
0.03342859
-0.07028785
-0.07639416
-0.02564436
0.04860727
0.07535782
0.02849489
0.02863517
-0.03304067
0.01477391
-0.02730310
-0.00110732
-0.00069157
-0.00153108
0.04405232
-0.01098695
0.05790619
-0.01723198
-0.00391440
-0.00326988
0.01408684
0.04203001
-0.00240140
0.00507112
-0.00789037
-0.01803390
0.04191101
0.01224050
-0.00837910
0.05555733
-0.00236908
0.01130477
-0.03074071
-0.01046031
-0.01823755
-0.01447598
0.03249865
-0.02813262
-0.00350845
-0.04536119
0.00541866
-0.05685966
0.00089804
0.00256067
-0.04147202
0.00802926
0.00766780
0.01660968
0.00888941
-0.02007090
0.01642921
0.02977807
-0.00909244
-0.05350504
0.00004386
0.00580739
-0.02754903
-0.00516396
0.04258095
-0.04478488
-0.03735755
-0.01185743
-0.00968990
-0.01006431
-0.02488370
0.02429522
0.02223605
-0.03042823
0.04507412
-0.01854394
-0.00737350
0.02138852
-0.01877533
-0.05428841
-0.00100085
-0.02314323
-0.03662001
0.02243108
0.03783049
-0.05207923
-0.06249398
-0.01293890
-0.00811258
-0.02994484
-0.02767221
0.04553667
-0.02362982
-0.04142770
-0.01015061
0.01554746
-0.01065581
0.03899814
0.05549415
-0.00658484
-0.03856423
-0.10578752
-0.04344106
0.01057525
0.05110881
-0.05328817
0.00885123
-0.02792528
-0.01161569
-0.02919713
-0.00323325
-0.02676758
0.02299035
-0.01667153
0.02856841
0.02254908
-0.03398568
0.02526254
0.01774206
0.03478924
-0.01609658
-0.00393944
-0.03025558
0.03491558
0.03152326
0.04153789
-0.01926483
0.02156929
-0.00574697
-0.04440553
-0.01310902
-0.02925153
0.10047866
0.01385761
0.06415653
-0.01013617
0.01457939
-0.02858127
-0.03416933
0.03510465
0.00519434
0.04317601
0.00843853
-0.01784421
-0.05616193
0.01341958
0.01726498
-0.01318941
0.00479117
-0.02392789
-0.02436127
-0.02643729
0.02017495
-0.03129081
-0.07360584
-0.01413634
0.03299250
0.04530030
-0.03274909
-0.02050644
-0.05147230
0.01161901
-0.00881182
-0.03733325
0.03274310
0.01595744
0.01947748
-0.01936119
-0.01610419
0.03345360
0.09327463
0.06514812
-0.01385155
-0.05924537
-0.01923931
-0.02313940
-0.03233498
0.00786433
0.02190709
0.07860488
-0.00817009
0.04256957
-0.04640362
-0.07910134
-0.00847865
0.02738661
-0.00229082
0.00793405
0.04222972
0.04606534
-0.00449776
-0.00798032
-0.00189109
0.01404288
-0.01655993
0.05263381
-0.02939961
-0.07867721
0.05269192
-0.01748613
0.02791528
-0.04026309
-0.01156417
0.06336226
-0.00489559
0.02619118
0.04416701
0.05492826
0.03367836
-0.03140059
-0.00096446
-0.05652224
-0.01428652
-0.00406024
-0.02612309
-0.02706847
-0.03409902
-0.02214996
0.01154506
0.00843718
0.02253787
-0.03661473
0.00348839
-0.00883523
0.02117187
0.01991291
-0.00456110
-0.00159848
0.05520579
0.08375741
-0.00651976
-0.02133053
-0.00807171
0.01395887
0.01230824
-0.01938607
-0.01348781
-0.04702986
-0.02448211
-0.01916436
0.01173722
-0.00372670
0.01144498
0.01498202
0.02066171
0.02444748
-0.00034664
-0.00041854
0.06188375
0.02727959
-0.04164065
-0.07642142
-0.00746248
-0.01958763
-0.02106367
-0.02913605
0.05161845
-0.09447831
-0.02481049
0.01016918
-0.02682624
-0.00472184
-0.01314811
-0.03365852
0.02515849
-0.04714332
0.02753817
0.01210230
0.01131610
-0.01502528
0.01044199
-0.09649047
0.00545194
0.02210150
0.00032389
0.00162803
0.02128861
-0.00945649
-0.05230726
-0.00511988
0.03659344
-0.00291344
-0.01249668
0.09509782
0.01235257
-0.08586010
-0.00203771
-0.00005437
-0.02415370
-0.00594891
-0.02025536
0.04589103
0.00648417
-0.01576889
0.01212864
-0.03052483
-0.04284940
-0.04487799
0.05756430
-0.01093041
-0.04773914
-0.01343164
-0.02369477
-0.01522890
-0.00429631
-0.03590253
-0.00435886
0.01927420
0.00552063
-0.00324922
0.06483858
-0.00091327
0.00848267
0.00885536
0.00944213
-0.00711518
-0.00012109
0.07849153
-0.00398675
-0.01770304
-0.02576849
0.00565015
0.02629854
-0.02695265
0.00475844
0.02395496
-0.02521542
-0.01863195
-0.03305461
-0.00309794
-0.01547375
0.02348512
0.05610004
0.02989955
0.02959765
-0.01296125
-0.03347127
-0.00420054
0.00225233
-0.02177419
-0.03931222
-0.01171195
0.00864118
-0.04084305
-0.01450459
-0.07067847
-0.01296252
0.01665673
0.03913656
0.06084773
-0.00735958
-0.02854494
-0.03945150
0.00068002
-0.03422195
-0.00586243
0.00327944
-0.01655716
0.01278882
-0.00318370
-0.02335930
-0.00130210
0.02219258
0.01282151
0.03140241
-0.03960019
-0.04433561
-0.00690239
-0.02468304
0.02667855
-0.00719999
-0.03128135
-0.00514625
0.04936933
0.02869342
0.04206286
0.01189695
0.00151295
0.00896626
0.02165453
0.00194584
-0.04086687
0.05401424
0.02822504
0.01689054
-0.01025804
0.00381906
0.00765829
-0.00213615
0.01194028
0.01240219
0.01978562
-0.01491791
-0.02831306
0.00321207
-0.02016276
0.04920109
-0.03070443
-0.03650293
0.01634303
-0.00846868
0.02289857
0.01230783
-0.01232865
-0.00299983
0.00045791
0.01459821
-0.03466063
0.01513507
0.02285688
-0.01651656
0.02204274
-0.03605376
0.04068903
-0.01530574
0.03706974
0.02554397
0.00621721
0.01374766
0.00096895
0.00094793
-0.01517024
-0.10993945
-0.00854590
-0.02064592
-0.00367865
0.00196576
0.02012688
0.00935894
0.01574435
0.01873170
-0.02121431
0.00371426
0.01412534
0.01388192
-0.01204457
-0.00223344
-0.00040766
-0.00546407
-0.01731406
-0.01498816
0.00039993
-0.01916301
0.00132691
-0.00184566
-0.02507113
-0.01577122
-0.01518152
0.01524756
-0.03842109
-0.00660745
-0.00399629
0.02571505
0.01819516
-0.03306047
0.01876693
-0.00357125
-0.01406849
0.00912616
-0.04701201
-0.03411754
-0.02264703
-0.01892442
0.02398168
-0.04074472
0.07160822
-0.01726378
-0.03822265
0.00233107
-0.00663996
-0.08103751
-0.04709465
0.00942339
-0.06465349
-0.05565005
0.11823061
0.10210256
-0.02616972
0.06400786
0.01819899
0.08325070
-0.05536850
-0.07918994
0.02933147
0.04605635
0.09393715
-0.10764780
-0.04251818
-0.00956450
-0.00186888
-0.01009259
-0.01929499
-0.00617864
0.00478066
-0.01835906
-0.00303725
-0.01304741
-0.04904302
-0.04655042
0.00331253
-0.02229169
-0.04983405
-0.00661938
0.00256195
-0.00700636
-0.06306666
-0.06203363
-0.00339384
-0.04928295
-0.00655177
-0.00384130
0.00616340
-0.02952463
-0.01034479
0.00061878
-0.02508613
0.07073670
-0.09976732
0.07103954
-0.02133505
-0.01425525
0.04116168
-0.02577567
0.03671169
-0.02528548
-0.08349907
0.01801194
-0.05348177
0.01673465
0.01663018
-0.01075240
0.00525202
-0.00823812
-0.01294011
-0.03163877
-0.05133625
0.00873146
-0.04814117
0.03217947
0.00087440
-0.08322883
0.06950403
0.01839581
-0.01676186
0.03529844
0.00207413
-0.01110037
-0.03729127
-0.02015170
-0.03196865
-0.02430290
0.00736769
-0.06123804
0.00876583
-0.03444377
-0.02358468
-0.10978933
-0.03043047
-0.00653473
-0.02987404
0.00655758
-0.04161440
-0.01308130
-0.00478888
0.00735240
-0.03033841
-0.00884257
-0.04230110
-0.03485058
-0.01274933
0.01625860
0.01655328
-0.02875354
0.09600851
0.02314125
0.00569416
-0.02333973
0.01441183
0.00485387
-0.00609914
0.00096962
-0.01419593
-0.03306668
0.01538518
0.01841449
0.01243688
-0.02860456
-0.01969523
0.05346322
0.00560058
0.01357094
-0.02597465
-0.00789521
-0.00631437
0.01396300
-0.01230320
0.00503086
-0.02273681
-0.03676313
0.00959092
0.02390717
0.01435331
0.00162900
-0.01803063
0.01195684
-0.01224486
0.00326810
-0.03600103
-0.00434552
0.00058175
-0.02025252
-0.00203346
-0.00760508
0.00266917
0.05641523
-0.01174125
0.01462228
-0.02428826
0.03440174
0.00663238
-0.04279782
-0.01819314
-0.00641353
0.04669897
-0.00080622
0.03455716
0.01803741
-0.02617611
-0.01178792
-0.01325868
-0.03751007
0.01005782
-0.01659678
0.03261755
-0.02002988
-0.00657576
0.02181474
0.01108324
-0.03384264
0.01953840
-0.01918764
-0.00181789
0.01789490
-0.02427485
0.02025705
-0.00197347
-0.00493660
-0.00876208
-0.02631349
0.01892343
0.01328496
0.03184891
0.00714767
-0.01055821
0.02933837
0.09107465
-0.00318633
0.03760070
0.00018328
0.00543060
-0.02260744
-0.03660787
0.04151036
0.02672271
-0.01109315
0.04574485
-0.05283769
0.09282946
0.02218416
0.09099635
0.00028548
-0.00888046
0.02045188
-0.02355286
-0.02094722
-0.07927929
0.08670957
0.10440308
-0.08685656
-0.07831367
-0.01483578
0.00496133
0.04663757
0.13350485
-0.09582423
-0.03053264
0.04785861
-0.02348688
-0.00840783
-0.01274345
0.01003108
-0.00382459
-0.00950631
0.00322795
-0.01728929
-0.01426612
0.00697635
0.01434330
-0.02263616
-0.00248095
-0.01876315
0.00989628
0.01686891
0.02546103
-0.02406030
-0.00162355
0.00919084
-0.01654812
-0.00845717
-0.05005075
0.01539528
0.04188521
-0.01902711
-0.01413657
-0.04038526
0.03705558
-0.05961511
-0.07581422
-0.02500127
0.00105186
0.03042871
-0.04536416
-0.00194611
-0.02491583
-0.01564267
0.00620226
-0.01264851
0.04933937
-0.05469409
-0.06349276
0.01834609
0.03904495
-0.08062751
0.08192949
0.06611151
0.00095205
-0.01258588
0.02634863
0.00478864
0.00074980
0.00740491
0.03279500
-0.01713048
-0.00030170
-0.03411004
-0.02127094
-0.07048652
-0.00677422
-0.05319785
-0.01670103
0.01616268
0.03274018
0.04010713
0.03507174
-0.02468933
-0.06893151
0.00813618
-0.02692657
0.06172780
0.04376017
0.00237897
0.07549898
0.04767235
0.08791092
-0.07948262
-0.03790528
-0.00239711
0.06508018
-0.01279760
-0.01037497
0.02775894
-0.07123515
-0.05274200
-0.01856334
-0.08645759
0.00578036
0.02116666
0.00070834
-0.02205879
-0.01427776
0.05663692
-0.00666142
-0.02051871
-0.05754075
-0.00039396
-0.01997948
0.02345376
-0.02600174
-0.00422683
-0.02017481
-0.01012312
0.03425390
-0.00902649
0.01188166
0.01909085
-0.04963326
0.00930189
-0.00055380
-0.00239624
-0.02844794
-0.02991934
0.01540725
0.00801163
-0.00784522
-0.00338082
0.00669864
0.03711812
-0.01034371
-0.01625411
0.01025764
-0.02516919
-0.06439426
0.02876357
-0.02586549
-0.05905956
-0.00148015
-0.02539969
-0.01244650
-0.02946356
0.02147730
0.08737706
0.05527311
-0.02939892
-0.01152646
-0.05102153
0.16023347
0.03730628
0.06840408
-0.03792534
0.02842643
0.08052025
-0.00969267
-0.06382636
0.02037426
0.00452046
-0.00430995
0.00342762
0.00276775
0.01769287
-0.03412776
0.01053572
-0.00273253
-0.01778772
-0.03833333
-0.08705316
-0.03392956
-0.01414260
0.03489704
0.02119477
-0.03531881
0.02256499
-0.03748146
-0.02188057
-0.08422744
0.03763063
-0.02877514
0.06104637
-0.01228659
-0.01128516
0.04089957
0.00789456
-0.06050630
-0.05115337
-0.02604689
0.00628173
-0.02526748
0.00683154
0.00624760
-0.03127870
-0.05718160
-0.01439745
0.03661328
0.00039346
-0.06195635
-0.03610504
-0.11127479
0.06015004
-0.04653430
0.05493242
-0.00065548
-0.03135292
0.00471996
-0.00936392
0.02577095
-0.02228277
0.01209416
-0.01135958
0.03158791
-0.02039848
0.01120223
-0.01189744
-0.02460002
-0.01786964
0.03628357
-0.03914554
0.04333883
0.03473849
-0.06045311
0.00330353
0.01684034
-0.01273016
0.03375016
-0.05867110
0.01484899
0.04591068
-0.02206987
-0.02808596
0.01034662
0.02426202
0.06434964
-0.00212622
0.03088255
0.05452550
-0.00716999
-0.00677872
-0.00724821
0.01490986
-0.01129154
0.00809647
0.04898331
0.03535116
0.00800410
-0.10175212
0.02401990
0.01295947
0.02031336
-0.02466168
-0.03336100
0.05039136
0.00400876
0.01614587
-0.01397891
-0.05349106
0.02199126
-0.08004618
-0.01332087
-0.00228115
0.05221646
0.05244241
-0.00883789
0.05117800
0.00405824
0.01968512
-0.05796319
-0.01698381
-0.00020356
-0.02201137
0.03227884
-0.01707460
-0.01130666
-0.04066039
-0.02447115
-0.01163603
-0.04801762
-0.05257390
-0.01746041
-0.00185622
-0.01328893
0.00643916
-0.03524797
-0.03884845
-0.01156815
-0.00196667
-0.00506479
-0.04526244
-0.03332295
-0.03183822
0.04898188
-0.00283193
-0.01695793
-0.03128157
-0.02801264
0.02372638
0.00677272
0.00948517
-0.03893152
0.01446668
-0.02218342
-0.00632944
0.00010113
0.01903909
-0.03664126
0.01113229
0.01290802
0.00239905
-0.00847273
0.04099650
-0.00757456
0.02360129
0.01800372
0.00568714
0.01202524
-0.03637141
-0.03243239
0.03871899
-0.06804794
-0.02156940
0.02906426
0.03786430
-0.00207277
0.03252859
-0.01539664
-0.02313033
0.00129614
0.00131507
-0.00499278
0.00198183
0.01843429
-0.01223069
-0.02765125
-0.00160548
-0.02027431
-0.01026953
0.00459285
0.00126160
-0.01321932
-0.00904191
-0.03648903
-0.01685255
-0.00774016
0.01430853
0.01252130
-0.03463767
0.02181718
-0.04333612
0.01992171
0.01967789
0.00257268
-0.03101456
0.00178463
0.03306165
-0.06059578
-0.02189198
0.01671674
0.03700574
0.03636521
-0.01503098
-0.01982413
-0.01083288
-0.02081642
0.01694565
0.10316828
-0.04040954
-0.02570124
0.01035173
0.01476412
0.02205960
0.11085209
0.01744978
-0.02503036
-0.03878746
-0.00437606
-0.01354956
-0.12177687
0.01761063
0.06202016
-0.01975220
-0.01625855
0.02906444
-0.03159733
-0.02533055
0.01699772
0.05393583
0.05946379
-0.02510343
0.05385125
0.00381733
0.01939362
0.05656786
-0.00483877
-0.10534728
-0.00459309
0.03383704
0.01470187
-0.06675175
0.08509080
0.02588193
0.01063394
-0.01701136
-0.01635572
0.01026870
0.00514455
-0.01989144
0.02828833
-0.00301057
0.02855565
-0.01098948
0.03110181
-0.00153820
-0.05236099
0.00601952
-0.06107147
0.00810610
-0.04362896
-0.05029431
-0.02008596
-0.04392555
-0.02265915
-0.06853383
0.03080558
0.04826493
-0.00201276
0.00584137
0.00519608
-0.00539151
-0.06429201
0.02760141
-0.03305864
0.00886180
-0.00158091
0.00939410
-0.00228243
-0.01457813
-0.00147864
-0.01841834
0.01416597
0.00354053
-0.01652965
0.01105763
-0.08326817
-0.05508204
0.06814621
-0.05278486
-0.03554258
0.00320374
-0.01234234
0.01924901
-0.04575137
-0.00160605
0.00558932
-0.00700730
-0.05110910
0.00795625
0.01591053
-0.02162883
0.02809105
-0.00979506
-0.01108581
-0.02628059
0.00141002
-0.01637281
-0.01078643
-0.00395668
-0.00778390
-0.00210288
0.00208471
0.00492201
-0.02311497
0.01457448
0.05320624
0.02305856
0.01659684
-0.00033419
-0.02141120
0.00369089
0.00716512
-0.01770322
-0.01578759
0.01978315
0.01334878
0.02779218
0.01257079
-0.04394352
-0.00046101
0.01008392
0.00363989
-0.01193836
0.00440270
0.00128522
0.00885412
0.00352321
-0.00454311
0.02271980
-0.00702303
-0.01091117
0.01427351
-0.00822853
0.00489250
-0.00577227
0.00495303
0.00676250
-0.01425632
0.03117934
0.01944224
0.00606137
-0.01517286
-0.02389254
-0.00219720
0.01513963
0.03040749
0.03903324
-0.00405016
0.01781676
0.00734213
-0.01198091
0.00637179
-0.01811501
-0.00761313
-0.00077108
0.01370568
-0.00264005
0.00506659
0.01882512
0.03764913
-0.00278815
-0.01226942
0.02768996
0.01550060
0.01907747
0.01402326
-0.01728804
-0.01531721
-0.01983703
-0.02596670
-0.00503226
-0.00960307
-0.01095033
-0.00697280
0.00548440
-0.01689091
-0.00237173
-0.00945171
-0.02830374
-0.03557419
-0.01351061
0.00179571
0.04335327
0.00503280
-0.02508594
0.02009421
0.01640251
-0.01070814
-0.00952627
-0.04780430
0.00229981
-0.01653738
-0.00309372
-0.00483200
0.00617128
-0.01104169
-0.01835303
-0.00797418
-0.02063779
-0.02669857
0.01403217
-0.03413402
0.01717488
0.03325236
-0.00244145
-0.01367860
0.00115141
-0.03108940
-0.00145519
0.00757140
0.08813606
-0.00862760
0.07904768
0.02123045
0.01050080
0.00624011
0.07850086
-0.00091570
-0.00857953
0.00160599
0.01538020
-0.01098519
-0.03982923
-0.02465080
0.01032758
0.01083553
-0.02303656
0.02561113
0.02372183
0.00750139
-0.00054568
0.04975009
-0.02987751
-0.01406645
-0.01802593
0.01639984
0.02422486
-0.01468618
-0.03252990
0.02776814
0.02404039
-0.02796972
-0.08487076
-0.01329599
-0.01058311
-0.02182632
0.04752545
-0.03790596
-0.04002970
-0.00354132
-0.04035124
-0.02939839
0.05622527
0.02097573
0.01182086
0.00716202
-0.01737454
-0.00340378
-0.00276132
0.01823789
0.01017279
0.00009490
0.00484175
-0.02098462
0.00248844
-0.03986365
-0.00276125
0.02910656
-0.00644078
0.00929678
-0.00198685
0.01006721
0.00968452
0.04363817
-0.02586201
-0.00225096
-0.01328023
0.00342703
-0.02403051
-0.00361059
0.07376695
0.01296250
0.00947129
-0.00082341
0.06139769
-0.01948113
-0.00269766
-0.01934041
-0.00350156
0.02158712
-0.02027854
0.00477112
-0.01127440
0.03679383
0.02116684
0.05398190
0.00593275
-0.08585989
-0.09507918
-0.01711724
0.00244031
-0.02717593
-0.03030099
0.00513227
0.06066854
0.00180513
0.01481778
-0.04394075
-0.03463132
0.03665853
-0.04017288
-0.04356756
0.09827268
-0.02821174
0.01343123
0.00866626
-0.01430071
-0.00318558
-0.05383268
0.00999731
0.01997369
-0.00328497
-0.04019231
-0.03333270
0.02981943
-0.02045260
-0.00525205
-0.03533779
-0.03972764
0.03841850
-0.01473570
-0.00171456
-0.00759925
0.01628197
0.01242900
-0.03583794
-0.04448244
-0.08197985
-0.06161757
0.02451022
0.00302328
-0.01778555
-0.00833280
0.01078010
0.04226494
0.05357043
-0.01066272
-0.03037242
0.03671924
-0.04481143
-0.00641709
-0.00499656
-0.05033914
-0.00243591
-0.00038511
-0.02543674
-0.01967907
-0.07090713
-0.00360316
-0.02417046
-0.07988045
-0.01218278
-0.00367292
0.02090975
0.02775996
0.00681817
-0.00219458
0.01001701
-0.03583246
0.01621822
-0.06022459
-0.05295225
0.01419931
0.00406348
0.01418816
-0.00018487
0.01409740
0.01673506
0.00465534
-0.03851253
-0.00114237
-0.02733507
-0.03857862
0.00722000
-0.02950528
-0.02960697
0.02657381
0.01729785
-0.03891168
-0.03084803
-0.05072513
-0.00718297
-0.05472009
-0.00258387
-0.04431489
-0.00991479
-0.02693932
-0.00385757
-0.00600926
-0.03382137
-0.01148189
-0.06065065
-0.00580889
0.05592238
0.02973239
0.01258777
-0.01520177
-0.03545514
0.06815197
-0.01016789
-0.02182058
-0.08084303
-0.03603700
0.02155651
-0.00282505
-0.02574206
-0.02626514
-0.01681235
0.02306018
0.03190247
-0.01202819
-0.02311167
-0.03880965
0.00925301
0.05457607
-0.01580801
-0.00626570
-0.00506540
-0.01906722
0.01599720
-0.00499066
0.00757724
0.06788632
0.03610253
0.04571982
0.00936101
0.02526313
-0.02857840
0.00239591
-0.02414931
-0.04739206
0.00955843
0.01957622
0.03948125
-0.01099406
0.02097427
0.00337342
-0.02104383
-0.01545186
-0.00829244
0.00925662
-0.02735084
0.01496496
0.00161067
-0.01956517
-0.02117237
0.06815288
-0.01296285
-0.06063588
-0.01588341
-0.04026161
-0.03274251
0.00420595
-0.04371446
-0.00834357
0.00651986
0.01699887
-0.00210644
-0.03538858
0.02556494
0.01990258
0.01016107
-0.00727884
-0.01954753
0.01328719
0.01559701
0.03055799
0.01057384
-0.01857032
-0.03356228
-0.05198548
0.02900849
-0.01817260
0.07760664
-0.04368226
0.01933337
-0.02115503
-0.02165320
0.03128282
0.00271285
-0.02514886
-0.09693488
-0.01554992
-0.00588703
-0.01572086
-0.02901505
0.03304869
0.01934416
0.01261568
-0.02640136
0.01836710
-0.00724715
0.00858047
0.01846601
0.01250009
0.00891755
0.00882249
-0.02607055
-0.02877946
-0.04073997
-0.03607865
-0.00548822
-0.05719922
-0.02266931
-0.06151130
0.01271467
-0.00635962
-0.02986846
0.02144257
0.00520751
0.00683968
-0.03209078
0.02798223
0.03026028
-0.03839250
-0.01739236
-0.01056287
-0.03977710
0.02970708
-0.06312919
0.01788615
0.00914060
-0.06396780
0.02021073
0.03218727
-0.02693317
0.03825505
-0.04986274
-0.02354876
-0.04025356
-0.04548992
-0.02650019
-0.02600295
-0.03919588
0.00241624
-0.02126113
-0.01007130
-0.01339825
0.03463372
-0.04845911
-0.00616801
0.01299378
-0.09056350
0.07330403
0.04234768
0.00757499
-0.04474440
0.04219651
-0.02031446
0.07154407
-0.02817268
-0.01819392
0.03728297
-0.05247479
-0.00841870
0.03383632
0.01980044
-0.02174860
-0.09686471
-0.02733433
0.00053677
-0.01473124
-0.03552300
-0.01479013
-0.01264659
0.00798277
0.00613969
-0.02324908
-0.01435933
0.03902185
-0.01844759
0.02135825
-0.01711559
0.02268251
-0.02625174
0.01130115
-0.06898169
-0.01681318
-0.05284619
0.02155996
0.03085035
-0.03067796
-0.02664785
0.04015824
-0.08533461
-0.03651538
-0.01909255
-0.02993793
0.02880984
-0.06182940
-0.12732954
0.01007345
-0.01743152
-0.02917410
0.01672011
-0.03608793
-0.02176755
0.02325997
-0.01444002
-0.03843986
-0.03164392
-0.00321356
0.02104004
-0.02722936
-0.02161080
0.02201626
0.01110686
-0.01346810
0.03538770
-0.00535800
0.02601991
-0.01261393
-0.04890146
-0.00977377
0.07800797
-0.03033116
0.03523709
0.02064537
-0.00785805
-0.02705203
-0.06072287
0.03617929
0.04541533
0.01842105
-0.00760483
0.00385462
-0.00575514
-0.04954049
0.00721428
-0.05444575
0.00799466
-0.03192633
-0.01067168
-0.04051803
0.02110410
-0.07985140
0.01571950
0.04471169
-0.00224796
0.08544356
0.02039829
-0.00634756
-0.05602507
-0.00825530
-0.00130209
-0.01993920
-0.09487738
0.03364131
-0.00775278
-0.00187335
-0.01497882
0.01759479
0.00778367
0.04487770
-0.07538173
-0.02292214
-0.00859816
-0.04022898
0.00649280
-0.01665390
-0.04859143
-0.00975120
-0.00587904
-0.00521584
-0.01183753
0.01920047
-0.01152311
-0.02882212
0.03845303
-0.01799680
-0.03835217
-0.03985464
-0.01624995
0.01167047
-0.01487562
0.03064152
0.00348830
-0.03869550
-0.00364621
-0.02673566
0.07010090
0.02128950
0.01892411
-0.01708990
0.01193232
0.00549247
0.09154651
-0.03177006
0.01746570
0.03391958
-0.01133987
-0.02449542
0.02357655
-0.01620861
0.01615086
0.02708848
0.01359895
0.03676853
0.00418275
-0.01937183
0.02304595
-0.00653252
0.03083775
0.03317427
0.00723324
0.04862929
0.01663234
0.00235573
0.03748953
-0.01408929
-0.00561429
0.04081509
-0.08399693
-0.00860494
0.01546603
0.00186770
-0.00840705
-0.00533488
-0.01004085
0.02548610
0.02601159
-0.01211269
-0.02144554
0.02405071
0.01018005
0.01518942
-0.03413800
0.02211527
-0.00243928
-0.01090424
-0.00292419
0.01847150
-0.03834715
-0.07011344
0.01125266
-0.04573578
0.01185485
0.01143975
-0.03368855
0.04367127
0.00622063
-0.00240316
0.02754740
0.02592521
0.00422298
-0.00445183
-0.03356036
-0.01069161
0.01074476
-0.00322002
0.01661133
-0.04975894
0.01741480
0.03855537
-0.00669819
-0.08346709
0.02047135
0.00633085
0.00421005
0.04476900
0.01728757
0.04364959
-0.01808261
0.00268192
-0.02888214
-0.04328645
0.00040202
0.01810180
0.03186341
0.02761820
0.04800108
0.00512677
0.03054645
-0.00580230
0.01607808
0.13515718
0.00968055
0.03109056
-0.00233730
-0.03327880
0.00777920
0.02158667
0.19750434
-0.03832832
-0.13946934
-0.00035767
-0.02127271
-0.03673317
0.01195127
-0.04328345
0.00634808
-0.01877957
-0.01190735
-0.00039294
0.01554553
-0.00502603
-0.03527953
-0.00240104
-0.00467678
0.03144655
-0.07040372
-0.00490065
-0.00255060
0.02384252
0.00598291
-0.03091357
0.03749831
-0.07211964
-0.16551146
0.04100130
0.00941572
0.00137870
0.10951910
-0.03113231
-0.05456137
0.06494852
0.00656279
0.00145025
0.01388845
0.03012110
-0.00624540
-0.00553663
-0.06777658
-0.01698832
-0.03554875
0.01945805
-0.01010536
0.00173465
0.05024423
0.01201441
-0.04766186
0.00948898
0.03653539
-0.04109825
0.00494024
-0.07052759
0.03740510
-0.03370065
0.08517519
0.01374578
0.00800078
-0.08077107
-0.03359245
-0.00626975
-0.09369536
-0.08249607
-0.06965179
-0.01953610
-0.01496661
-0.01654058
-0.01789130
-0.03028896
-0.02216569
0.01266255
-0.03247101
0.01702773
0.04289894
0.00652009
0.00176588
-0.02749027
-0.02747715
-0.02812064
-0.02855076
-0.00921141
0.00215420
-0.00918966
-0.02687905
-0.03563660
0.00587390
-0.01191388
-0.03274460
-0.06358613
0.00467165
0.02313417
0.02925698
0.00285498
0.00520649
-0.01255306
0.10088211
-0.03008198
-0.01922871
-0.01930646
-0.00687247
-0.00022618
0.01990361
0.00745404
0.00541877
0.01032935
0.00382160
-0.01508939
-0.02535810
-0.00970208
0.03539409
0.00675451
-0.01950774
-0.00343691
0.00977218
0.05799385
-0.00970818
-0.00329388
-0.01199562
-0.01393153
0.03880809
0.02900635
-0.03843846
0.03441215
0.00498825
-0.00163695
-0.01944388
0.00016595
-0.03193258
0.02339470
0.00824790
0.01521652
-0.00003443
0.02198607
0.04024493
0.02413123
0.00220024
-0.04864062
-0.00588260
-0.01361273
-0.01292430
-0.00238328
-0.03494062
-0.02312619
0.02652356
-0.03370235
-0.04663922
-0.00146164
0.04453255
-0.04615780
-0.00406694
-0.01304251
0.01022026
0.01519447
0.02302490
-0.00253168
-0.00915906
-0.01122171
-0.00149830
0.01367571
0.03315900
0.01258320
-0.00599180
0.01326404
0.02371629
-0.05200011
-0.00133380
-0.00122137
-0.00570373
-0.00053822
0.02214383
0.03445555
0.02720064
-0.02386747
-0.02501971
0.02647928
0.00288048
-0.02300457
-0.05483367
0.03653400
0.00695204
-0.01921553
-0.02035775
-0.01458111
0.02585712
0.00276272
0.03036410
-0.00426541
0.01645682
0.03566809
-0.01292843
-0.01877550
0.03767395
-0.02078087
-0.06773186
0.00461551
-0.01405945
0.00595122
0.01232042
0.02456576
0.01352043
-0.02448665
-0.05494738
0.04313512
0.03807297
-0.01975314
0.00043082
-0.00545716
-0.00278792
0.06496815
0.01479083
0.04595620
-0.02261276
0.00824926
-0.00257749
-0.00283406
-0.01566833
0.04019167
-0.09816174
-0.00358214
-0.01128438
-0.00837963
0.01970945
-0.03027939
-0.00163162
0.00535810
0.01440827
-0.00347958
0.08651615
0.02482304
-0.02564988
-0.00491522
-0.04789151
0.01890409
0.00497537
0.00992783
-0.01695547
-0.01617468
0.01422357
0.00170449
-0.04478113
-0.03004719
-0.00262818
-0.02110422
-0.00892632
-0.02028050
0.01921341
0.02982177
0.03774450
0.01833717
-0.01450770
-0.01585419
-0.01754136
0.01088620
-0.01465378
0.01528171
-0.00374778
-0.03497432
-0.01441794
0.03836977
-0.06842982
0.00538920
-0.01485240
-0.09915326
-0.04628607
-0.03017616
0.00389031
-0.01085322
0.01792948
-0.00109195
0.08433581
-0.02415236
-0.09433140
0.07763004
0.05323082
-0.00030499
-0.02714158
0.04698008
-0.01036573
-0.07992008
-0.04626988
-0.08281133
0.02153949
0.02824074
-0.02782175
0.03198477
-0.02118655
-0.01485111
0.01996566
0.00039661
-0.00282411
0.01936702
-0.04748023
0.03165872
-0.01773038
0.00312363
0.02087895
-0.05672391
-0.02873877
-0.00875634
0.05541148
-0.01096023
0.01134496
-0.05370168
0.04669639
-0.02414551
0.02007395
0.01450469
-0.08017966
-0.04353253
0.02553641
-0.03956446
0.02197614
0.10121491
0.01491515
-0.01509824
-0.05955626
0.02280416
-0.05889504
-0.07617047
-0.00721844
-0.01922701
-0.00406199
0.04403047
-0.04738349
-0.01479395
-0.06360977
0.00677721
-0.01015744
0.05837052
-0.01411894
0.02178084
-0.08172169
0.12497272
0.01582557
-0.01694942
-0.06551494
-0.01377704
0.01309340
-0.02312284
-0.01594588
-0.05906833
0.00261059
0.00494965
0.02455814
-0.00397503
0.06112829
0.01246276
0.07776082
-0.05952744
-0.07909182
-0.05820402
-0.02629634
0.12856556
-0.00164567
-0.05602904
0.00361942
0.01589799
-0.00324793
-0.01634017
-0.01531591
-0.03515724
0.01126579
0.00759446
0.01101709
-0.00997892
0.01731859
-0.01468729
0.01153512
-0.04127828
0.01656877
0.00441256
0.00504630
0.01121150
0.00275726
0.01548161
-0.02494121
-0.03549444
-0.00055336
0.01430541
-0.01708698
-0.00131893
0.02085951
-0.02073722
0.00365193
0.00326334
0.01313909
0.00593892
-0.00365621
-0.01137211
0.00316815
-0.00234954
0.04613544
0.02013098
0.03503238
0.02734752
-0.00170814
0.00461697
0.03331166
0.04798406
-0.00333779
0.04889506
0.00705713
0.03235975
0.01443338
-0.01790098
0.02707304
0.00467764
-0.00121445
0.04068296
-0.01053849
0.02426611
0.01116623
0.02138413
-0.02007989
0.00934445
0.03232988
-0.01109145
0.00532603
0.01445722
-0.01475037
-0.01523942
0.03003930
0.00903649
0.01291680
-0.01862526
0.05230128
-0.01156918
0.01884202
0.01482215
-0.01164633
-0.01700044
0.01266860
-0.00183670
-0.01843541
0.01241583
0.02688947
0.02651382
-0.00078422
0.00978993
-0.01456072
-0.02119193
0.02343597
-0.00591488
0.02325272
0.01163166
0.05296690
0.04645125
-0.02964200
0.02890576
-0.00766511
0.00210274
0.01086294
-0.00460669
0.03993446
-0.01902157
-0.02136501
-0.06319945
0.05441752
-0.05465354
0.01020407
-0.00462081
0.01153723
0.02894740
-0.01175713
0.09278029
-0.00599180
0.06607180
-0.01181418
-0.02215259
-0.04759917
-0.01953580
0.03751177
-0.05823516
-0.05669852
0.00166193
-0.04973219
-0.01976707
-0.05340510
-0.00913442
0.00901402
0.00028786
-0.00797620
-0.00466360
-0.04096821
-0.01698948
-0.01519256
-0.00078155
0.06501581
0.00074262
0.01636665
-0.03215361
0.01576085
0.01112903
-0.01191845
-0.02670600
-0.02439564
0.00742983
0.00282063
-0.04721353
0.01207717
0.03579610
-0.04771297
0.02983120
-0.03253146
-0.00871610
0.00698774
0.01694823
-0.02001617
-0.01690584
0.06900144
-0.02860979
0.00812715
0.00366550
-0.02399137
-0.04278594
0.02430767
0.00035668
-0.00890459
0.00752720
0.00197713
0.00737538
-0.01190392
0.00806683
0.01245668
0.01356471
-0.07760034
-0.00091537
0.00369091
-0.03482051
0.00213409
0.01856355
0.02073227
-0.04255871
0.02214714
-0.02508863
0.00493452
-0.01222844
-0.00959283
-0.01145354
-0.04556120
-0.02686800
0.05030285
-0.01044177
0.01755433
-0.02275906
0.02082523
0.00336326
0.02092046
0.09116578
0.00977967
-0.00792383
-0.01238863
-0.03505055
-0.06568179
-0.07738069
-0.01879348
0.02603590
-0.01199558
-0.05821708
-0.03465478
0.09756882
-0.01035927
0.00205760
-0.02472293
0.03796402
-0.03306036
-0.03030309
0.01345940
-0.00495073
-0.02396402
0.01124615
-0.04788914
0.03731469
-0.02909665
0.00250406
-0.00538535
0.03873344
-0.00412561
0.03435818
0.01284694
-0.03602595
-0.03852671
0.03619869
0.01514029
-0.04532088
-0.00960064
0.03365326
-0.01276840
0.01677864
-0.03971748
-0.06183065
-0.00999958
-0.01094459
-0.00014648
0.05177416
-0.04471013
0.00138522
0.02112473
-0.02443728
0.01980496
0.00896358
0.03454354
-0.01500466
-0.02174376
-0.03656154
0.05073690
-0.04125717
-0.02277469
-0.03115988
0.07827371
0.03346236
0.07180035
-0.04084333
-0.03567940
0.01480646
-0.03161303
-0.01282055
-0.00350313
0.06098087
-0.06188656
0.02262555
0.05092125
-0.04193254
0.00632848
-0.02076644
-0.05605714
-0.00621825
0.02816711
-0.02309494
-0.04286870
0.01988312
-0.01079525
-0.03366418
-0.05974816
-0.02610951
-0.08694745
-0.01437775
-0.00792567
-0.03554919
0.01700623
0.01671106
0.00486878
-0.07370124
-0.00053619
-0.00212287
0.00275415
-0.03414810
0.01127882
-0.02298694
-0.05997269
-0.04349884
0.01090063
0.00879714
-0.00875422
0.02021089
-0.06369373
0.06923810
-0.01582212
-0.01540159
0.00326934
0.02927512
-0.01779769
0.00898037
0.00148703
-0.00647117
-0.03218508
-0.00238066
-0.00147140
0.04781817
-0.04526593
-0.00849237
0.03646422
-0.00158728
-0.03946580
0.00325238
-0.00208828
-0.00885213
-0.00385878
0.03091761
0.02030037
-0.01251225
-0.01434579
-0.00513183
0.01091046
0.03062262
0.00129661
-0.04678525
0.01482930
-0.00981063
-0.04037647
0.06642950
-0.05956922
0.04830915
0.00094342
-0.04160377
-0.01274163
0.00249607
0.02905461
0.01724003
-0.05208828
0.00366563
0.05888812
0.04458966
-0.06889668
-0.02553274
0.10305132
-0.02268517
0.04696611
-0.01381001
-0.04321383
-0.03675045
-0.11145139
-0.04954097
0.01052601
0.03431400
-0.04939690
-0.01167979
-0.01391257
-0.01597498
0.01336660
-0.00877772
-0.03934338
-0.01671653
0.03261508
-0.04324440
-0.03747653
0.01680424
0.03111468
-0.04226244
0.01001875
-0.00709685
-0.06595461
-0.01976922
0.01906854
0.00509239
0.02560204
0.05519360
0.06425072
-0.00712914
0.01498939
0.02162714
-0.01044247
-0.04968769
0.02184504
-0.01327495
0.04062581
0.05450340
0.00278111
0.09786186
0.03245011
0.12976147
-0.03233015
0.00079521
-0.04933756
0.02099658
0.00274769
0.02088921
0.01951243
-0.02410868
0.01287842
0.02831664
-0.03609430
-0.08916006
-0.00022093
-0.01479809
-0.00326235
0.06255583
-0.05617106
-0.03695390
0.01106314
-0.00030932
0.01207501
-0.00874906
-0.00114566
0.01251107
0.04747819
-0.00713723
0.02163094
-0.02049852
0.01908296
-0.00467469
-0.00868152
-0.00812139
-0.02155835
0.05592892
0.01330152
-0.01768214
-0.00467314
-0.00128238
0.01949477
-0.00277246
-0.01333613
-0.04101406
-0.06501497
0.02994269
-0.01384914
-0.01965746
-0.01246486
0.02318561
0.01520245
0.00591350
-0.02924946
-0.05669942
0.02715193
-0.02604848
-0.01185528
0.01345392
-0.01755007
-0.00623198
-0.00510267
-0.02751384
-0.02210534
-0.07528059
0.00560064
0.04176679
-0.00022804
0.03122762
0.04568998
-0.03280672
-0.00312276
0.01396130
0.00128096
0.01992848
-0.00292981
-0.03074413
-0.03651984
0.01879505
0.00030791
0.00187548
-0.05901649
-0.03945514
0.00868948
0.00553386
0.00503409
-0.00542056
0.02837964
-0.00162194
0.03256748
0.00664202
0.00268165
0.01337544
0.01789634
-0.00277726
0.01318680
-0.02707753
-0.05622856
0.03012261
0.00331839
0.00720884
0.02988151
0.00509871
-0.01760389
-0.03252444
-0.01342044
0.05890946
-0.06215530
-0.00655382
0.01483963
-0.00828221
0.02007996
-0.04057411
-0.02099369
0.01497252
0.01208212
0.01127897
-0.04373901
-0.04171621
0.00252142
-0.04310514
-0.04315505
-0.02691073
0.08866294
-0.01666148
0.00950933
-0.00107098
-0.04239870
0.01955149
-0.01286305
-0.00059953
0.00697529
0.00680591
0.01933328
0.03409445
0.02820157
-0.05007548
-0.01658882
0.03509152
-0.01063948
-0.02085071
-0.03564599
0.05887983
0.02592285
0.04308047
0.05801889
-0.00746704
0.01176022
-0.01994033
0.02653674
0.00578434
0.05273432
-0.02263180
0.04624390
-0.01972430
0.00067497
-0.03885690
-0.00537364
-0.03015163
0.04722957
0.02231856
-0.01947250
0.02428946
0.04059852
0.01234384
0.03106572
0.02059011
0.06972833
-0.03593765
-0.03758280
0.02660587
0.00983731
-0.03880819
-0.02554547
-0.02255605
0.01691101
-0.01591431
0.00926642
0.04653620
0.09371305
-0.01901355
-0.02760891
-0.00415158
-0.01002413
0.02236749
-0.01509938
0.00039426
0.00319404
-0.06230318
-0.03809784
-0.06499049
0.00060686
0.00687407
0.00330021
-0.00508210
-0.01286353
0.02647515
-0.00506211
-0.15750459
-0.00218451
0.01325275
-0.04080919
0.00461345
0.03386670
-0.05980424
0.00471672
-0.02026588
0.05807011
-0.01596423
-0.06728208
-0.01082236
0.01527389
-0.00131653
-0.07810764
-0.02978139
0.00390229
-0.00439561
0.03330405
0.01974943
0.01566198
-0.06370378
0.03204512
0.02742357
0.01041445
0.01270901
-0.00513644
-0.06155400
-0.02793216
-0.02538276
-0.02189016
-0.17157626
-0.01160205
-0.03220959
0.00164931
-0.03340078
0.01712497
-0.04122596
-0.05835255
0.05131629
0.03675800
0.01380925
0.00902454
-0.04835397
-0.02159182
-0.01164067
-0.01115583
0.02017185
-0.02001681
0.01183077
-0.00692665
0.00205143
-0.03578820
-0.00684012
-0.01142063
-0.01104356
-0.02982032
-0.00346058
0.01450188
-0.03149022
-0.00464818
0.01148402
0.00648220
-0.00837705
-0.00323778
-0.01056953
0.02201403
-0.04126230
-0.05189248
-0.04196436
-0.00746432
-0.00114656
-0.05054900
0.00335279
-0.03139820
0.00810785
0.05590863
-0.04690304
0.04807127
-0.03891850
-0.02113554
-0.01904306
-0.01526324
-0.03553478
-0.05222456
0.02512863
-0.06017549
0.03235554
0.00709383
-0.01269737
-0.01968497
-0.07854476
-0.00131422
-0.03430044
-0.03202314
-0.08297399
-0.05452374
0.01520577
-0.01228529
-0.00728037
-0.01373854
-0.01223506
-0.08734957
0.03373242
-0.02139844
-0.00288910
0.03582950
-0.00565982
-0.06071153
-0.00034522
0.04360687
-0.00796712
0.01704298
-0.02204231
-0.01227537
-0.02244128
-0.02364321
-0.00644052
-0.03079782
-0.02491894
0.00860795
-0.00423870
0.13034934
0.00956109
-0.01762023
0.01649653
-0.05942186
-0.08596318
-0.05591901
0.00622590
-0.01610241
-0.09855288
0.02324442
0.06427954
0.01844201
0.00853637
-0.01762152
-0.00480895
-0.04737940
0.02250181
-0.02493776
-0.00383611
0.02786488
-0.02253316
-0.02330466
0.00947289
0.03290459
-0.05019952
-0.02286934
0.02591366
0.01864887
-0.02277904
0.00615045
-0.02804995
0.01076240
-0.02802712
-0.01572324
-0.02936247
0.02140114
0.08837178
-0.13212737
-0.00651126
-0.00078639
0.02404346
-0.12610063
0.05324850
0.02962003
-0.13477869
-0.03040005
-0.03200896
0.03695622
0.05169598
-0.12169383
-0.03843099
-0.01082652
-0.05628901
-0.02907415
0.01044919
0.01560254
0.01560744
-0.04547476
0.08241916
0.02512055
-0.05528503
-0.02688420
-0.01153445
0.00198151
-0.02627239
-0.03223208
-0.08449806
-0.00988251
-0.04751104
-0.02874319
0.00084046
0.03166010
0.01138633
-0.00968011
0.03314007
0.03106850
-0.07023687
0.02248126
0.05649870
-0.07451344
-0.05239636
-0.00412000
0.04013889
-0.12162105
-0.01312426
0.03068379
-0.02358223
-0.08901443
0.05369644
0.04626427
-0.00244259
-0.03644447
0.02979600
0.05330917
-0.05551631
-0.03254481
-0.03904720
0.01003180
-0.05476894
0.01809196
-0.20710443
0.00141153
0.01827539
-0.03031907
-0.07616664
0.02930927
0.04139527
0.11212191
-0.00072077
-0.03517740
0.02188017
-0.02982152
-0.04599978
-0.04291068
-0.00762952
-0.01487761
-0.04267215
0.02915172
-0.04902229
0.03469649
-0.05552429
-0.08283550
0.00193574
-0.02745453
-0.01204912
-0.03109242
-0.03995753
0.09765568
0.04346312
0.00667439
0.02206722
-0.03148956
-0.01085464
-0.02628244
0.09768253
0.02817780
0.11844156
-0.11052555
0.05935669
0.06493790
-0.02585253
-0.04401752
0.11238457
0.01347982
-0.02115691
0.14764632
-0.00119161
0.11709898
0.03274862
-0.00958483
-0.06214687
0.01641264
0.00743711
-0.02009025
-0.02159590
-0.00638978
-0.05478585
-0.03272188
-0.03536738
0.02065116
-0.04228336
-0.02243421
0.03054574
-0.00126950
-0.17593005
-0.01575552
0.01940220
-0.02305522
0.00381063
-0.00166325
-0.04444448
-0.03760162
-0.01646045
-0.02852251
-0.02734553
-0.00645536
0.01106931
-0.02913412
0.00435840
0.06198693
-0.02950051
-0.02641245
-0.01578550
-0.01073566
-0.01249944
0.00679741
-0.01351523
0.03893488
-0.04144779
-0.02216186
0.02756337
0.02608241
0.00441436
-0.00750298
0.00196003
0.01277490
0.00636976
-0.02596968
-0.02491724
-0.01257756
-0.07237717
-0.00869280
-0.00714154
-0.08700351
0.01292124
-0.01705923
-0.02055788
0.00741039
-0.01836590
-0.01458682
0.02029498
0.02533842
-0.03133065
-0.03923085
-0.00560237
-0.02058623
-0.02373010
-0.02053550
-0.00047692
0.00947195
0.00275137
0.00222838
-0.03522742
-0.03249098
-0.04154891
-0.05766688
-0.03498590
-0.00046583
0.00040606
0.01496166
-0.06701563
-0.02064327
-0.02349176
0.11560868
-0.01336390
0.01696169
-0.04786574
-0.01760940
-0.03969155
-0.01496350
0.06973574
-0.10732062
-0.02854600
-0.03050571
-0.05110611
-0.08695032
0.10203164
-0.05547350
-0.00208602
-0.04096642
-0.02146564
0.05749644
-0.01424233
-0.01475780
-0.03689347
-0.02719115
-0.01370221
0.05258333
-0.08336880
-0.06454276
-0.10798357
-0.06620871
0.07220455
0.13107009
-0.04343769
-0.00227581
-0.05951528
-0.01413140
-0.00957497
0.01311605
0.07797298
-0.04998669
-0.00835440
-0.00513991
0.13245524
-0.16482583
-0.01460264
0.03951235
-0.03909971
-0.00457097
0.13902433
0.09256983
-0.05600570
-0.05227384
-0.08702181
0.03984837
-0.03172432
-0.10638314
-0.05654295
-0.04077484
-0.03530272
-0.04053863
-0.05950327
0.01190333
-0.00191663
-0.08929913
-0.02420884
0.00312012
-0.02360499
0.03788529
-0.00068753
0.03756014
-0.08589441
-0.02547771
-0.09190624
-0.01544111
-0.03140339
-0.01327858
0.05541582
0.06473932
-0.00311150
0.12813805
-0.06761277
-0.06499858
-0.05539700
-0.04288932
0.08217362
-0.04184808
-0.04585680
0.01024339
0.03548314
-0.01952899
0.03335511
-0.00834525
-0.03240518
0.01523120
-0.08697742
0.08928695
0.06485263
-0.01360802
-0.02985493
0.00276345
0.00172421
-0.05605222
-0.07561482
0.00792943
-0.03252207
0.03933938
-0.00571391
0.17575809
0.08153854
0.13578872
0.01395119
-0.02337752
0.01618694
0.00400813
-0.06931304
-0.03938300
0.01676146
-0.04418722
0.02155551
0.02825342
0.00757523
-0.06299374
-0.01768254
0.05206447
-0.01203126
-0.03397838
0.04379501
-0.03149336
0.01678360
0.05123723
-0.00281166
-0.02376141
-0.01100125
-0.03799779
-0.00339660
-0.00387237
-0.06515952
-0.07538524
0.01331766
-0.12141221
0.00325450
0.01284060
-0.06045084
-0.03469946
0.10429040
0.04241392
0.02049664
0.00598317
-0.01840899
0.01947907
-0.00737119
0.04332224
0.01004161
-0.02733477
0.06257155
0.05291877
-0.09096035
-0.02657892
-0.09192260
0.02045461
-0.02126221
0.02296798
-0.09156419
-0.05098163
0.06176742
-0.03372831
0.02905779
-0.01246811
0.05577761
0.03631729
-0.01809735
-0.00556703
-0.05328029
0.00356393
-0.08251280
0.05288447
0.00904900
-0.06454545
-0.06129607
-0.03200126
-0.01990547
-0.03465082
0.03093563
-0.05625389
0.08750131
-0.03256657
-0.07851179
-0.04398975
-0.06101358
-0.03350469
0.03038909
-0.02881783
-0.02472831
-0.06053296
0.01110765
-0.04161788
0.01641650
-0.02687309
-0.00891580
0.06213327
0.01042397
0.00660356
-0.01969230
0.02625125
0.05267793
-0.02102671
-0.08658253
-0.05012480
-0.03482457
0.00003259
-0.02404684
-0.00349431
-0.03489109
0.07678317
-0.03032330
0.01735791
-0.01113740
-0.00275907
0.06282866
0.03152834
0.01234058
-0.00088682
0.01110956
-0.11707432
0.01153663
-0.00287707
-0.03419759
-0.06221553
-0.03571564
0.01225049
-0.06312323
-0.04018481
0.02350296
-0.04965438
-0.06724288
-0.05522002
0.05189032
-0.01447239
0.01079302
-0.03348002
-0.04205564
0.11156250
0.02275041
-0.01649511
-0.05229584
-0.04429372
-0.03102722
0.02232348
-0.05760100
-0.02865009
0.01901912
-0.02229680
0.04233874
0.00725496
-0.04191334
-0.01495031
-0.00720371
-0.04428501
-0.00840184
-0.11686235
0.00544895
-0.01437875
0.05244299
-0.01006282
-0.08768800
0.00089966
-0.00408969
0.02141583
-0.01515887
-0.06557404
-0.01948007
0.01094002
0.06445124
-0.08397885
-0.04867158
-0.03390539
-0.03516755
0.04685350
0.01589387
-0.04471542
-0.02059782
0.01276690
-0.03927692
-0.01449770
-0.03075221
0.01826435
-0.07451655
-0.01636535
0.04489796
0.15066783
-0.04989789
-0.00622942
-0.01476152
0.04806276
-0.07742473
-0.02850480
-0.01302608
0.04706981
-0.06003114
-0.02442024
-0.01239259
-0.01551100
-0.02056204
-0.01684258
-0.01740575
0.02321459
-0.06299569
-0.02297808
-0.03927402
-0.01307014
0.03026986
-0.02736651
0.02449390
0.00529811
-0.03535323
0.02638974
-0.08771089
-0.00425327
0.01164248
-0.04179072
-0.02683128
-0.04213128
0.02261484
0.04687335
-0.02332492
-0.00946561
-0.05248055
-0.06878444
-0.02185806
0.01047088
-0.03072635
-0.13181284
-0.01605350
0.03471454
-0.03014095
0.01630289
0.04138520
0.02537701
-0.00154353
-0.02477651
0.04506777
0.03650551
-0.00373168
-0.05647431
-0.05347417
-0.04652172
-0.04185658
0.00664611
-0.15903276
-0.00159582
-0.06960030
0.01322979
-0.02990885
0.06708998
-0.03810067
-0.02824704
0.02330597
-0.01161350
-0.00787515
-0.02892339
-0.04720682
-0.01524098
-0.00680212
-0.02403915
-0.00872881
0.02089765
0.00634251
0.03096046
-0.03841056
-0.05795667
-0.02506587
-0.03193061
-0.03369702
-0.02116993
0.01637574
0.01351884
0.02735590
-0.00068827
0.04235011
-0.02602928
-0.00790804
-0.05102590
0.04211468
0.01420142
0.03505418
-0.02559488
-0.02997993
0.03660078
0.01532921
-0.05443144
0.06326797
0.01083229
-0.00797592
0.15861665
-0.00561439
0.06240028
0.04973299
0.04554766
-0.01310033
-0.01512683
-0.02283653
0.05091460
-0.13504907
0.01570752
-0.00137089
0.03896892
0.06593632
-0.01587553
0.04800700
0.05620755
-0.03628940
-0.05546556
0.19242668
0.10119605
-0.05596562
-0.04732072
-0.00901512
-0.04162599
-0.01835173
0.01946477
-0.01216486
0.00623835
-0.01612785
0.06440162
0.00003873
0.01360706
-0.11304728
-0.06072152
0.01566165
0.00302895
0.01454064
0.04519197
-0.00091932
0.15159383
0.02390749
-0.09434303
0.00909609
-0.04300110
0.00773390
0.00597257
0.03292397
-0.01166159
-0.08610621
0.02483362
0.19945796
0.13791375
-0.00340847
0.01967567
0.09938596
-0.04676344
-0.06012846
-0.13419963
-0.04042615
-0.01346008
0.05361209
0.01234772
-0.05839520
0.00284124
-0.00313627
-0.04417048
0.03964257
-0.03509523
0.03101735
-0.01208776
0.04428710
-0.05548758
0.00477929
-0.03436664
-0.06445698
0.06959380
0.02224681
-0.01900596
0.06990466
-0.02724830
0.01484367
0.00785048
-0.02363804
-0.01168263
0.02284647
-0.01019245
0.08999380
0.30423319
-0.01743368
-0.06170374
0.12168046
0.08345506
0.01308120
-0.05187189
-0.03500897
0.15542951
0.10212649
-0.01732469
0.07835214
-0.06301337
-0.03416193
-0.01317276
0.02140907
0.00256095
-0.09990279
0.02691004
-0.07415610
0.05793750
0.07802260
0.03275176
0.03190539
-0.04761109
0.01234250
0.06668778
-0.10249446
0.07434353
-0.03080345
-0.07943410
-0.01584176
-0.01098416
-0.05953202
-0.00229212
0.02968085
-0.08688831
-0.08941083
0.05689631
0.10000382
0.05812005
-0.04698813
-0.02213162
0.06706906
-0.02670259
0.02927318
0.06091073
-0.03448259
0.02805868
0.00331837
0.02086622
-0.07995936
0.01614111
0.00141880
0.02049996
-0.00829982
0.01416807
-0.03213239
-0.07499060
0.03570240
-0.07378640
0.00996896
0.02526825
0.11989657
0.02850019
0.01368724
-0.17204435
0.01579541
0.00406354
0.07156674
0.02469746
-0.09516112
-0.00053795
0.11856863
0.01652600
0.00278764
-0.02228677
0.07297854
-0.02899022
0.08204630
-0.08734700
-0.02661164
0.01096544
-0.03190747
-0.00190897
0.04721870
-0.05795031
-0.01986271
-0.00056091
0.05317957
0.00909528
0.07616208
0.09397567
-0.03459249
-0.02486712
-0.05101724
0.01091195
-0.01139674
-0.02644434
0.08014970
0.05152621
-0.02967711
-0.11565256
0.02525520
0.05940470
0.00484564
-0.03088770
-0.03856622
0.00502835
0.04777065
-0.00160442
0.00139732
-0.01333397
0.07420016
0.03350892
0.02163406
-0.02795952
-0.01465001
-0.00268485
-0.01588014
0.00806996
-0.04454250
-0.01121348
0.06128244
-0.00573122
0.01237065
-0.00757193
-0.01419495
-0.00757811
-0.01542522
-0.02983473
0.01071469
0.00274520
-0.02583081
0.01791390
0.00449076
0.02263083
0.03828392
-0.01880082
0.00844521
0.00123857
0.00647656
0.02388978
0.03070229
0.01251213
0.01703027
-0.00586853
0.01021490
-0.01120059
-0.02420849
0.03213799
-0.02420780
0.01140109
-0.01576607
0.02512663
-0.03009690
-0.03600080
-0.02941532
0.02008518
-0.01979898
0.04542755
0.04489728
0.07136559
-0.01129339
0.01546758
-0.03523281
-0.00907237
0.00814771
0.02039358
0.01910956
-0.02856746
0.00780497
-0.01069105
0.01599653
-0.00053329
-0.02612970
0.00505257
-0.01003848
0.01385932
0.01670559
-0.03293849
-0.02547705
0.00359237
0.01570904
0.01944544
0.01377680
0.00976401
0.02802908
0.02750891
0.00908953
0.00816263
0.01511191
-0.07834437
0.01349460
0.03344594
0.02332274
-0.03744470
0.03625812
-0.01863543
-0.03191995
0.00720198
-0.00861959
0.03215889
0.01635792
-0.00927415
-0.00042502
-0.01246700
-0.00578718
-0.01492337
-0.01397947
-0.00813648
-0.00113614
0.04958128
-0.00553163
0.03736167
0.02014674
0.00261681
0.03313388
-0.05157521
-0.04551498
0.02665675
0.01373144
0.00448904
-0.01586284
0.01353794
0.01701592
0.02783047
0.01151405
-0.00460937
-0.01009897
0.00433084
0.00635875
0.00032367
0.05327184
-0.06277463
0.02801749
0.00879876
0.03488462
-0.03066667
0.00831679
-0.03477201
0.00748474
0.03342880
0.02871351
0.04056649
-0.04408541
0.01145604
-0.07252388
-0.01899043
0.04723364
0.05458512
-0.03646824
0.01565095
0.02412446
-0.02387055
-0.00326612
0.17944267
-0.01813228
-0.02342360
0.00393250
-0.02669645
-0.01688825
-0.00733148
-0.00855252
-0.01696314
-0.00990201
-0.03149028
0.01380606
-0.02109258
-0.01637427
0.04706882
-0.03813676
-0.01971617
0.00908041
0.01509356
0.00273986
0.02314170
0.01197010
-0.00044409
0.03102183
0.04631350
0.03422785
-0.00329525
-0.02095068
0.06405507
0.03923992
0.01747039
0.03361846
0.00819768
0.00599639
-0.00678662
0.01749204
-0.01035157
0.01363554
0.02587400
-0.02392142
0.01155299
0.01079076
0.02366067
0.01717287
-0.01965756
0.00596226
-0.03694642
0.01600910
0.03240231
-0.05057881
0.03826255
-0.03162442
-0.00882078
0.00370921
-0.05638008
0.00131842
-0.01836554
0.05279664
0.08330543
0.02124132
-0.04642854
-0.02470756
-0.04398479
0.05508610
0.00157120
-0.03378491
-0.06692515
0.04523873
-0.05253476
-0.02675465
0.09066357
0.05315340
0.01796115
-0.06264501
0.06431499
0.01320573
-0.02583530
0.05663356
0.07313916
-0.00262695
0.03702778
-0.01115868
0.03690268
-0.01019871
0.01585671
-0.01350004
-0.05040906
0.08176628
0.04081044
0.05102839
-0.02304041
0.19507989
-0.01462449
0.04181663
0.00918141
0.02725727
-0.01754250
0.03409679
-0.08204492
-0.03296652
0.03490588
-0.06200932
-0.03924064
-0.03357885
0.05407310
0.05309870
0.01523570
0.02820995
-0.02756525
0.06747235
-0.03230152
-0.01749611
-0.00532108
-0.02533315
0.03362482
-0.04650171
0.10179632
-0.04042362
-0.02572319
-0.01786547
-0.00629921
0.06507370
0.03158219
0.02632981
0.03901327
-0.02408096
-0.02151478
-0.10834723
0.03037479
0.04271087
-0.00583355
-0.00668928
0.03945290
-0.03902326
-0.01122502
-0.03001315
-0.15592258
-0.01762060
-0.07018592
0.01533523
-0.00426856
-0.02531912
-0.04394074
-0.06223111
0.05525075
-0.14590403
0.04515186
-0.00624398
0.01771058
0.02759836
-0.01512062
0.06358770
-0.00248889
-0.02253226
0.05540598
0.03702516
0.04538337
-0.02056409
-0.02816872
0.01009877
-0.03078586
-0.01032318
0.01361672
-0.00364090
-0.01275948
-0.00326036
-0.03851243
0.00912023
-0.00579096
-0.00975024
-0.03882257
0.02374778
0.00271501
0.00734152
-0.03783435
-0.03293067
0.01108203
0.01106228
-0.04648763
-0.05288954
0.02314438
0.03380251
-0.01100755
0.01300866
-0.02424821
0.02495532
0.00966584
-0.05451953
0.03629604
-0.05038913
-0.01316668
0.08697453
-0.03428259
-0.06164205
-0.10823890
0.01829608
-0.00301271
0.11007065
0.02843764
-0.00011516
0.00386540
0.04886500
-0.01903825
-0.02354007
0.05731872
-0.01758916
0.00848617
0.06606562
-0.03860173
-0.00753104
0.00665347
-0.03523663
-0.07673692
0.05668639
0.00203280
0.01906172
0.04167087
0.02706205
-0.00692909
0.05179750
0.05894943
-0.02024908
-0.00387546
-0.02021138
-0.07887362
-0.02428103
-0.11537317
0.03241345
0.02271664
-0.06126412
-0.03595750
-0.00260452
0.14099884
0.03472535
-0.00692970
0.01032761
0.00004706
-0.02426427
-0.04354454
-0.00273274
0.10891512
-0.02157685
-0.05371232
-0.02475120
-0.00237998
0.03738420
-0.03568903
0.01313929
0.02802750
0.05018212
0.05454952
0.00265567
0.06675962
-0.01198308
-0.05360356
0.00445262
-0.00484849
-0.00461443
0.07527714
-0.04028589
0.06190711
-0.02922528
-0.02378813
0.09381550
0.02768364
-0.02247852
-0.05339635
-0.00975699
-0.01435664
-0.02530754
0.06994354
-0.00242627
0.02125240
-0.02652010
-0.00797809
0.02898528
0.03235078
0.06303442
-0.00156746
-0.04152819
0.01200648
-0.00636722
0.03702724
-0.04306085
0.02198145
-0.00179393
-0.00472298
0.03072186
0.04211648
-0.02815507
-0.14267427
-0.00689475
0.01062958
0.04168221
0.02419456
-0.03959611
-0.04173288
-0.00449773
-0.01233747
0.00491728
-0.01585981
0.03975393
0.01155654
0.01884468
-0.06202421
-0.01482187
-0.00679422
-0.01262157
0.00890013
0.04127885
-0.01952353
-0.02656179
0.01275999
0.01259251
-0.00009362
-0.04189090
-0.01161955
-0.00685601
0.03702090
-0.00975677
0.03297459
-0.01769196
-0.03101351
0.04941786
-0.05665065
0.02535411
-0.02596605
0.02066568
0.14896828
-0.04119769
0.00297798
0.07776215
-0.01871888
-0.01768455
-0.01559134
-0.05284074
0.00864587
-0.01412554
-0.00692862
-0.05390548
0.01054235
0.01686082
-0.01077586
0.01279532
-0.04720302
0.09860709
0.05684852
-0.07604150
-0.00288838
-0.00346423
-0.05136548
0.00245448
0.01154506
-0.02696537
0.00576420
-0.00805822
0.00372284
-0.01741968
0.01260216
0.07852400
-0.00552158
-0.03139097
-0.03383672
0.02303354
-0.00316404
0.02421779
0.01538402
-0.00609288
0.02741501
0.02497942
0.03398483
0.00468028
-0.00124331
0.01026231
-0.02326313
-0.00030562
-0.00124816
0.03139947
-0.00199352
0.06239039
-0.05170021
-0.02477682
-0.00484124
0.04129330
-0.06795176
0.01775554
-0.12000934
0.00791068
-0.01044590
0.04852341
0.01277775
-0.06372820
-0.00665697
0.01591595
-0.01334921
0.00617737
-0.02409163
0.02428550
-0.02258467
0.07052914
-0.02743316
-0.04227912
-0.02244603
-0.02359876
0.02721220
0.01921580
-0.01134630
-0.00798320
-0.02090041
-0.00558622
0.00859594
-0.03315491
-0.00730055
-0.00228299
-0.01075788
0.00870392
0.14370905
-0.03039825
-0.00429374
0.04196734
0.07884252
-0.00890448
-0.02311531
-0.02215148
-0.04311431
0.00439516
-0.03807224
-0.00254581
0.00696399
0.01928016
-0.00392411
0.00994920
0.03807823
0.02709049
-0.03286734
-0.04791433
-0.00674044
0.01202881
-0.02546186
0.02943331
-0.02715860
0.00677837
0.02369299
-0.08535439
0.00977912
0.00918831
0.02803429
0.01131571
0.00845205
-0.01001264
0.01434737
-0.01714053
-0.01381945
-0.02549005
-0.04664068
-0.01588158
0.00988222
0.01605923
-0.06755590
-0.03116027
0.00903413
0.00930044
0.04935189
0.00033255
0.00952322
-0.05025061
-0.02705272
0.03048468
0.00129087
-0.03742015
-0.00241634
-0.02394220
-0.00490135
0.00537643
0.03768775
-0.13231698
-0.01755904
-0.02308646
0.04360197
-0.01217353
0.06289220
-0.02384999
0.01439144
-0.01187702
0.00657080
-0.01806003
-0.02270443
0.04753927
0.00227140
-0.03661742
-0.01045215
0.02277509
-0.01444830
0.00857006
-0.00325577
-0.01102570
-0.00726612
-0.00902951
0.00456888
0.03595053
-0.01264672
0.00500296
0.00495508
0.01167774
-0.04880166
0.02798078
0.00458266
-0.03546113
-0.00919926
0.03495023
-0.01355040
0.05559955
-0.07600366
0.00371773
0.03192555
-0.01853865
-0.02358675
0.06345135
0.03834790
0.06083975
-0.01707322
-0.01740053
0.03368115
0.01519107
-0.02663838
0.01295946
-0.01795385
-0.00016357
0.04706575
-0.04753054
0.02667973
-0.01446225
-0.02064091
0.03228854
-0.01001712
0.03602757
-0.02591181
-0.03349154
0.04089386
-0.04895735
0.02172338
-0.03457337
-0.02611455
0.00251594
-0.00894147
-0.02215752
0.00601252
-0.00942713
-0.02575293
-0.03375668
-0.01282205
0.03012647
0.05301713
-0.00640874
-0.02979556
0.01958460
-0.01260641
-0.04273541
0.04960626
0.01027261
0.03004169
0.01228438
0.08791955
-0.00736985
0.00618060
-0.00509200
0.07740042
-0.01048693
0.01064884
-0.03070509
0.00583859
-0.04749851
-0.02824224
-0.03535614
0.04415798
0.03072104
0.02245560
-0.02424202
-0.03891430
0.01948007
0.01979585
0.00536282
-0.01024632
-0.06223485
-0.02878105
0.05657736
-0.03205046
0.00661779
-0.00433737
0.03033034
-0.02022281
0.03113367
-0.04694690
-0.03160597
0.03410365
-0.04283082
-0.04658415
0.03345482
0.01313787
-0.01248325
0.00931264
0.01601391
-0.01530290
0.00978632
0.03692322
0.03324642
0.01722510
0.07564253
0.03893070
-0.02838655
0.01627710
0.03513442
0.04291778
0.02383983
0.01033389
-0.00821541
0.01234964
-0.01868288
0.00317535
0.02253044
-0.01356890
0.01400591
-0.01144052
0.01840628
0.01104580
-0.00498788
-0.01992132
0.02223028
-0.02702027
0.00357491
-0.01185912
-0.01228060
-0.01442508
-0.02707236
0.00717556
-0.03411269
0.03422701
0.05753731
-0.02725398
-0.03583954
-0.00179731
-0.03060306
-0.03721331
0.00097683
-0.01978434
-0.01813772
0.02526141
0.00047136
0.06279714
0.00248894
0.00116823
0.00316434
0.02156359
0.03564339
0.01467421
0.02663420
0.00677763
0.00872412
-0.06737901
-0.00302225
-0.00908814
-0.02264445
0.05063336
0.00741905
0.03055218
-0.03028978
-0.01952156
-0.01520913
0.00891587
0.00541639
0.01732394
-0.03866222
0.01969842
0.02483561
-0.02050086
-0.01637825
-0.01766600
-0.02509220
-0.01355189
-0.00460817
0.01052827
0.04543282
0.01111068
-0.01371076
0.02395290
0.02562285
-0.00739578
-0.01071282
-0.01211234
0.05167417
0.01121357
0.00267787
-0.01537227
-0.00176762
-0.03796186
-0.04043517
-0.03469062
0.04904312
-0.02687967
0.06136350
-0.02447267
-0.01489357
-0.00377399
0.07164276
0.02417244
0.01326522
0.02915966
-0.00195835
0.01263134
-0.00785295
-0.01016040
0.08847877
-0.01442041
-0.00601907
0.02096063
-0.07858362
0.01259879
0.05949371
0.05063846
-0.06805547
0.04339401
-0.06241070
-0.07363217
-0.06239986
0.08559883
0.00182604
-0.08285408
0.13138607
0.07852775
-0.03679610
0.03121032
0.06486950
0.02644308
-0.02402188
0.10406185
0.03970886
0.04999027
-0.07354158
0.01772417
0.00810517
-0.13601096
0.04387295
-0.00013674
0.00192595
-0.04909482
0.03148434
-0.11368771
-0.01804979
0.00695345
-0.06456170
0.03913689
-0.09839656
0.10358731
0.01035930
-0.05908222
-0.07707253
0.03223320
-0.03066877
-0.04699474
-0.02510444
-0.08787660
0.00561365
-0.00717073
-0.01763211
-0.01959204
-0.03351114
-0.02843272
0.08735958
0.02780632
0.00481009
-0.02226419
-0.06640594
0.02603635
0.00560104
-0.03026125
0.00790356
0.02405841
-0.07426037
-0.01524352
0.10950528
0.03676808
0.03229995
0.04389503
0.02567278
-0.06906632
-0.02987817
-0.06340635
0.07407363
-0.07969733
0.11806326
-0.07454909
-0.02547194
0.06831540
-0.00585428
0.02185089
0.05288037
-0.11571854
-0.08917940
-0.00124218
-0.06657241
-0.13074881
-0.05054626
-0.08784812
0.03979144
-0.00484394
-0.03535599
0.03536473
-0.04316566
-0.04188532
-0.04404268
0.02613731
-0.05932234
-0.04547116
-0.02681064
0.00468773
-0.00671659
-0.03792720
-0.01439360
-0.05495013
0.00646224
-0.02788980
-0.00813744
-0.01118043
-0.04980477
0.00471578
0.05883468
0.00592959
-0.11918784
-0.02360648
0.01732193
0.03328394
0.00545503
-0.05758713
-0.01370785
-0.03041890
-0.02471142
0.00531350
0.00310726
-0.04099070
-0.02421364
-0.03727337
0.06091814
0.04206122
-0.01994166
-0.01747383
-0.02041958
-0.02864954
-0.02639128
-0.01438385
-0.01286687
-0.00765953
-0.01506179
0.02833400
0.02459914
0.03703979
-0.02120527
-0.03121008
-0.01880651
0.01068912
-0.01606610
-0.01210893
0.00879133
-0.04431532
-0.05492590
0.05500446
-0.01246973
0.05201343
0.02515538
-0.00473137
0.01178442
-0.00506969
0.03244895
-0.02052250
-0.03889481
0.02070522
-0.01646972
-0.00437249
-0.01985984
0.03265135
-0.00790757
0.00545243
0.03065025
0.05028600
0.01788323
0.00833080
-0.01763394
0.02684962
-0.02583288
0.03886086
-0.01610364
-0.01352608
0.02407597
-0.04795286
-0.02573078
0.03427417
-0.00412668
-0.08462727
0.01055043
-0.00831885
-0.06938161
-0.00527582
-0.02290049
-0.00486963
0.02831215
-0.03062818
-0.01957732
0.02119862
0.02111544
0.07991439
-0.02478763
-0.02273655
-0.00667623
0.02913886
-0.08114620
0.01296106
-0.02394905
-0.02598971
-0.00067345
-0.03299400
0.01134486
-0.02470790
-0.00117483
-0.06186808
0.00163752
0.03030200
-0.01049222
-0.02269104
-0.02327854
-0.00875877
-0.03570047
0.03387307
-0.00104301
0.04948486
-0.02033183
0.04794160
0.01897710
0.03936781
-0.02801097
-0.09561981
-0.01528739
0.01814170
-0.00728240
0.00180687
-0.01873495
0.04574000
-0.03249871
-0.05723774
0.00703825
-0.02302488
-0.01161496
0.02831027
-0.03181140
0.02453186
-0.04947465
0.02137866
0.02558172
-0.00515680
-0.03175319
0.00431993
0.02198316
0.00178393
0.08013020
-0.10711014
-0.03916984
-0.00510569
0.01119238
-0.03481610
-0.01517049
0.00949165
0.00358556
-0.01794007
-0.03417459
0.00708770
0.01025071
-0.02449399
0.00593862
-0.02339702
0.01197287
0.01738543
0.00360582
0.05816702
-0.00259076
-0.00736123
-0.00183133
-0.03607523
0.03451498
-0.00425211
-0.01142717
-0.04353369
-0.02249772
-0.01153739
0.32150573
0.23107305
0.00253699
0.06505191
0.01242835
0.00680145
0.00605235
0.02025825
0.12268815
0.05310571
-0.03722515
0.01660281
-0.03480419
-0.00066692
0.03663144
-0.00881418
-0.03257933
-0.02634797
0.06161625
0.02891119
0.07566308
0.07087862
0.00331695
-0.00567618
0.03528653
0.03319939
0.01288419
0.08447745
0.09730627
0.04919798
0.01064913
0.02427641
-0.01852514
-0.00122631
0.01260984
0.02870136
-0.00253830
0.00554825
0.00472601
-0.00335343
-0.01641284
-0.03092861
0.01172254
0.09294195
0.04519063
-0.01067182
0.01708732
-0.00424067
-0.02130598
0.18166186
0.08099088
0.01940281
0.00331464
0.00894804
0.04382138
-0.02393336
0.02990802
-0.00579996
-0.01391937
0.30043861
0.15217684
-0.02420563
0.01460993
-0.04151413
0.02851592
0.17086735
-0.01324122
0.11010651
-0.00451196
0.03576702
0.03012786
0.00804842
0.02357697
-0.00323911
0.00108932
-0.02606311
0.02016349
0.00743830
0.02150328
0.05159155
0.01574299
0.01021457
0.00462584
0.06144543
0.03675714
-0.01883878
0.03180800
0.04028796
0.00781078
0.05991816
0.00067105
0.03278871
0.12317564
-0.01488781
0.01429081
-0.00743763
0.05684367
0.09604803
-0.00623226
-0.00469858
0.03466536
0.02490227
0.02961748
0.01159532
0.01372522
0.05294389
0.01293402
0.01628833
-0.04728712
-0.03197989
0.06804782
0.00856084
0.01570077
-0.04249113
0.14918545
0.02938578
0.04082600
-0.02715476
-0.01895827
0.02940712
-0.03356614
0.01724521
-0.03193656
-0.09076051
0.01175286
-0.06004851
0.02998257
0.05238817
-0.01190036
0.03865205
0.04777734
-0.04026987
0.02721813
-0.00054060
0.03129410
0.02942414
-0.02921115
-0.02148815
0.10252840
0.04617744
-0.01540845
0.07053025
0.03344952
-0.03986426
-0.01297800
-0.05570455
0.01380750
-0.02912095
-0.01630033
0.02689975
0.00457361
-0.02697886
-0.02441121
-0.00229778
-0.02344525
0.05261004
-0.01955076
-0.00716796
0.06050091
0.02194361
-0.09346810
0.05358749
0.11939384
0.18071140
0.00573343
0.03470933
-0.01457726
-0.03621542
0.03878173
0.02459295
-0.01470077
0.00614514
0.03417205
0.00464093
0.02512518
0.03948980
-0.05450486
-0.00651959
0.06025152
0.05087492
0.04863862
0.02590554
-0.01418328
0.06645538
-0.06976368
-0.00777090
0.03134153
0.04043599
0.02668083
-0.04176807
0.04398143
0.03503896
0.10074987
-0.08064871
0.09004587
0.07851618
-0.11403728
-0.03083132
0.04513684
0.03282053
0.04762509
-0.13025190
0.00484539
0.04135516
0.00420179
0.04663610
-0.01273148
-0.05167564
-0.05766938
0.05128774
-0.13514316
-0.00148564
-0.01433533
0.00232589
0.06205411
0.04200392
0.07619917
-0.02806851
-0.02453727
0.12334482
-0.04924578
0.08650801
-0.03266538
-0.04397167
-0.08215536
-0.07528392
0.02597622
0.06854069
-0.04885065
0.05318397
-0.03919527
-0.03449327
-0.05417285
-0.00519876
-0.02285646
-0.04530777
0.02720340
-0.02042792
-0.00151175
0.01570492
0.00849977
-0.01451121
0.00907045
-0.05660229
0.01828605
0.00400459
-0.00103038
-0.05882619
0.01430332
-0.06110108
-0.02447552
0.01523673
-0.10481378
0.00825411
-0.03898263
0.00126592
0.02658082
0.05804242
-0.06576399
-0.09753138
0.01634965
-0.02322194
0.06421534
0.05698210
-0.09199007
-0.01296697
-0.02350841
-0.02235916
-0.02322903
-0.00686375
0.00069834
-0.02168769
0.08323944
-0.02096452
0.00385904
-0.03355301
-0.00831848
-0.01318101
0.04536204
-0.01219066
0.02687940
0.05376718
-0.05997864
-0.04113773
-0.00202210
-0.01170758
0.00722704
-0.00806480
-0.02236210
-0.01343281
-0.03784994
-0.12725244
0.05894540
-0.00586656
0.01767272
-0.11114404
-0.03877732
0.11294807
0.05830972
0.00488054
0.01418972
-0.01395030
0.02568696
-0.02703021
0.05571330
-0.02426214
0.04326016
-0.06864873
0.02941092
-0.09833589
-0.03790086
-0.03334220
0.00513352
-0.03242553
-0.00056425
-0.10735126
-0.02346289
-0.06060273
-0.01013544
0.02938785
0.00710958
0.01191085
-0.01189753
-0.02252875
0.03276096
-0.06048772
-0.01795961
0.12643671
-0.00807443
0.07811020
0.09575762
-0.03468538
-0.10464583
0.06306977
0.00870830
0.06287524
-0.03301156
0.07451054
-0.08343324
-0.03653416
-0.08609858
0.00444242
-0.03632228
-0.07785976
0.06017683
0.02747674
-0.03411147
0.04763497
-0.08709393
0.01903944
0.12353478
0.03398999
-0.01749254
0.03303944
0.04986075
0.13076566
0.00208879
0.01776418
-0.08673957
0.01698077
-0.01929389
-0.02820721
0.00406148
0.05474817
0.03608942
0.06344671
0.06626952
-0.03737806
-0.10341036
0.04903957
0.06110414
0.10331894
0.06388838
0.05309395
0.01438703
-0.03339063
-0.08225862
-0.07216357
0.07227398
0.05955065
-0.02644530
-0.04275567
-0.05669304
-0.00235379
0.10407363
0.10562266
0.04441755
0.09247510
0.01153972
-0.02274730
-0.03697754
0.04460255
0.00231987
-0.07519097
-0.02696802
0.03453169
0.01811511
0.03414310
-0.02560759
-0.03033959
-0.02343369
0.01699735
-0.08877560
0.05214475
-0.03583071
0.00610241
0.00342825
0.00516661
0.03049276
-0.01920612
0.01369349
-0.00926900
0.02002451
0.00082448
-0.01121813
-0.03880104
0.02668443
-0.00160602
-0.01909556
0.00268969
0.02747872
-0.00993421
-0.01490319
0.03433796
0.01615054
0.01182058
-0.01318249
-0.01630747
0.03863687
-0.01306612
0.01811890
0.02441473
-0.00098091
0.06662444
0.01344144
0.18052889
-0.01373465
-0.01653004
-0.00951035
-0.09219249
-0.00717129
0.00548306
-0.01437897
0.03648870
0.07114858
-0.00555042
-0.00157923
-0.02690664
0.08075982
-0.03277916
-0.02140034
-0.10363484
0.00162932
-0.00680406
-0.02608759
-0.00405451
-0.00977185
0.01935343
0.02718456
-0.01426881
0.02759592
-0.01612256
0.02150981
-0.02032537
-0.00591572
-0.01483124
-0.04002823
-0.02629946
0.00648594
0.03122817
0.02720856
-0.01097270
0.01681657
0.03016039
-0.00027332
-0.01581658
-0.03356057
0.00309620
-0.02212343
-0.01368577
-0.01470092
0.11549054
-0.01296830
-0.03141207
0.06707475
0.06964344
-0.01622390
-0.02210360
-0.02766562
-0.01161369
-0.00565919
-0.01339497
-0.02488522
-0.00252818
0.04190801
-0.01326671
0.04472045
-0.01227245
0.08735397
-0.01309043
0.02420328
-0.02865289
-0.00106029
-0.00160795
-0.01712674
0.00470136
-0.02231688
0.00397184
-0.06798588
-0.00319484
0.02846249
0.01110519
-0.01563696
-0.01026432
-0.00937190
-0.00438459
-0.02084427
0.01306477
-0.00442339
-0.00743312
-0.04302874
-0.00059836
0.03633447
0.04060476
-0.01227486
0.01657443
-0.00965419
-0.01096159
0.00683400
-0.01073180
-0.02888795
-0.07641517
0.00243192
0.01865454
-0.00624770
0.13722306
-0.02089389
0.05740370
0.00378881
0.00079166
-0.01769609
-0.00295806
0.02601009
0.00175910
-0.04501109
0.06899731
-0.00265025
0.08020363
0.01080746
0.01208385
0.00440325
-0.01244300
0.02152705
-0.01607613
-0.05712719
-0.00666616
0.00929687
-0.00232059
0.01877900
0.04711276
-0.01612585
-0.01333380
-0.00103760
0.06649259
-0.00401855
-0.01940045
-0.00381801
0.00821010
0.01169244
0.02625209
0.02126639
0.01218934
0.01867849
0.00215208
0.01027061
0.01731915
-0.01657971
-0.10160461
0.03153467
0.04832441
-0.03402864
-0.01461847
0.00915011
0.02422983
0.04659979
-0.09549979
0.00084220
0.00138039
0.01825918
0.02091253
-0.00501835
0.04210773
-0.01980857
-0.00774578
-0.05514488
-0.01591476
-0.01733037
0.00158615
-0.00487701
0.04855051
0.02619177
-0.01074606
0.03148216
0.05233500
-0.04530528
-0.00861157
0.03577231
-0.00832406
0.03421700
0.02315563
-0.02089638
-0.01370008
0.00100529
0.02676994
-0.02948562
0.01623034
0.01549096
0.00842139
-0.01372219
0.03810503
0.00524290
-0.00316856
-0.00459804
0.02287624
0.01139397
0.05981798
0.00628430
-0.02171448
-0.01886295
0.01171844
0.04529949
-0.04203071
0.02265168
-0.05136460
0.02241251
0.02012994
0.00644544
-0.00277442
0.02055965
-0.00388990
-0.04485939
-0.09419245
0.00977566
-0.06492979
0.01425397
0.01610767
-0.01161466
0.02805162
-0.00157183
-0.00835984
0.00424535
0.00392394
0.02127121
0.03232052
0.02103479
0.04085442
0.00768712
-0.01869442
0.00979493
-0.02944742
-0.00906462
-0.01915801
0.05358295
-0.05682248
-0.02291135
-0.02510421
-0.01321792
0.03904658
0.01845751
-0.00555249
-0.02751379
0.00838310
-0.00696827
0.09176341
-0.00623211
0.00073443
-0.00526383
0.02315069
0.01849894
-0.03378076
0.06087304
-0.00269215
-0.00161759
0.01734612
-0.01367197
-0.02346913
0.00212579
-0.00959752
0.00262890
0.00387811
-0.05273704
0.02669672
-0.04212520
-0.02040427
0.02748393
-0.04411101
0.00098939
0.00691128
-0.06485576
0.05782958
0.02013397
0.00752626
-0.02053049
0.00315632
0.02605473
-0.01713265
-0.04613696
-0.06950105
0.03553118
-0.04322524
-0.04269637
0.02667490
-0.00014451
0.06857027
0.00116386
0.02145602
-0.00651765
-0.00945849
0.02168570
0.03368949
-0.01584040
0.07489064
0.01207696
0.00122527
-0.04252814
0.00568022
-0.00851824
-0.00338680
0.00153267
0.03819731
-0.04855903
-0.02398982
0.06299873
-0.05352258
-0.03159882
-0.00207082
0.06492108
-0.03531914
0.02806245
-0.01546907
-0.02182486
0.00718906
0.02773041
-0.01556612
-0.04626971
0.02662909
0.03173431
-0.01717522
-0.00512678
-0.01113289
0.04873686
-0.02044201
0.01099771
-0.03875699
-0.01747709
-0.02302899
-0.02595849
0.02082591
-0.00803288
-0.01648922
-0.07699453
-0.02910349
0.10705175
0.01274225
0.03433864
-0.01876072
-0.00118264
-0.00641250
-0.03996744
0.02370430
-0.03510478
-0.00406237
0.03428578
0.04359532
0.02392603
-0.03387977
-0.01906875
0.02857972
0.02006317
-0.00226244
0.00233236
-0.01712719
0.02461914
0.03090979
-0.03249876
0.03385635
-0.00380570
-0.05450028
-0.01213315
-0.00433173
0.02612283
0.01173239
0.00619299
-0.00667628
0.01044878
0.02579524
0.00680371
0.01862153
0.02220604
-0.00450226
-0.02921699
-0.00635499
-0.01429471
0.02759619
-0.01669837
-0.00850825
0.00908655
-0.00986989
-0.02989965
0.00689211
0.01180805
-0.05888860
0.00415982
0.00352899
0.00000470
0.05601194
-0.03125952
0.05069789
-0.04726232
-0.01582001
-0.04419869
-0.02065046
0.01119883
-0.03648244
-0.01303431
-0.01300028
-0.00237587
0.03913804
-0.02577877
0.00779990
-0.01115014
-0.02229084
0.03552938
0.04050854
-0.02423937
0.01729899
0.01036795
0.00498739
-0.02167767
0.06018910
0.00222751
-0.01891741
-0.02342647
0.00874607
0.01065973
0.04081328
0.04675278
0.04386177
0.01389936
-0.00952844
0.02549956
0.04093541
0.00987757
-0.01982633
0.03596183
-0.03529044
-0.02184466
-0.01209401
0.04597985
-0.01277950
0.01882409
-0.03475730
-0.04095867
-0.01062291
-0.02627063
0.01257474
-0.01214669
-0.01766146
-0.01318859
0.01742929
0.00774542
-0.02623947
0.03432312
0.01893895
0.01048206
0.03369353
0.01643150
-0.07533623
0.02385280
-0.01424106
-0.05112435
0.06801271
-0.15239097
0.06858043
0.06168166
0.01683412
-0.03197853
-0.02842561
0.10071132
0.00614905
-0.07858297
-0.01832450
-0.16830650
0.08085629
-0.01334841
0.00172692
-0.05536987
-0.05386147
0.04946563
0.16784364
0.03761621
0.02010982
-0.02312288
0.03943381
-0.11867939
0.01508139
0.07570064
-0.08436219
-0.02948004
-0.04134445
-0.09021422
0.05720641
0.02404216
0.06112449
-0.00688415
-0.05365041
-0.10760494
0.01349871
0.02037454
-0.09133282
-0.01797134
-0.04514100
-0.07930002
-0.00235061
-0.02689108
-0.03051551
-0.01024498
-0.00636598
0.07479690
0.02407118
-0.02713591
0.05150389
-0.04256373
0.03725773
-0.02983821
0.11645292
-0.01906315
-0.00249965
-0.08575163
-0.05957039
0.01095721
0.02610871
0.05280892
-0.06833684
0.03377192
0.19184394
0.11157515
-0.03242041
0.03295851
-0.04442954
0.03765384
-0.02787850
-0.07757987
0.07087964
-0.01454409
-0.02528435
0.01690051
-0.11158567
-0.05010891
-0.03317479
-0.04781185
0.01074055
0.04228881
-0.11783399
0.07422972
-0.00857071
-0.01106355
-0.10968019
-0.04084488
-0.07177798
0.00369297
-0.06438710
-0.03726406
0.06561667
-0.01051754
-0.08246750
-0.00146283
0.05314787
-0.05416348
-0.03495271
-0.00347060
-0.04436176
0.00815960
-0.01278651
-0.01702868
-0.02515915
0.00676103
-0.00968132
0.05099619
-0.01707794
-0.05901139
-0.02690421
-0.00066743
-0.00968485
0.02089705
0.04314386
-0.01177820
0.09585666
0.04854912
-0.02339333
-0.02343740
-0.07291108
-0.03339937
-0.00969786
-0.07915809
0.01810217
-0.09332836
0.15517429
0.02314301
-0.00676564
-0.11400431
0.00254470
0.04558689
-0.03187364
-0.02631194
-0.03461248
-0.00429813
0.01924134
0.01225116
0.06861170
-0.13588604
-0.06599808
0.03288016
0.02776552
-0.01159332
0.01638936
-0.04342275
-0.03879838
-0.04752287
-0.00169850
0.00519650
-0.03843607
-0.00465980
-0.01951476
-0.01469760
-0.01316624
0.02513312
-0.04904625
0.08493866
-0.05099760
0.01746780
-0.06096610
-0.05225167
-0.03233007
-0.01776614
-0.01907439
-0.03942852
0.04249910
0.02741621
-0.04688440
-0.01328689
0.00769017
-0.04483204
-0.05776851
0.08002549
0.01103212
-0.08791906
0.03854246
0.00688833
-0.00280995
0.05451871
-0.07995363
0.03406675
0.02604820
-0.07225330
0.04707415
-0.12461121
-0.03703805
0.02120175
-0.00287378
0.05054660
-0.00517821
-0.00201828
0.08448865
-0.04985879
0.01761656
-0.08145490
0.02664145
0.00210852
-0.01944181
0.01929576
0.00929134
0.03756495
0.03055551
-0.13107844
0.02238604
0.07072143
0.02498532
-0.00002428
-0.01838270
-0.00064781
0.02856163
0.01315554
-0.04817599
0.00027607
0.00042826
0.00875875
0.05448478
0.09015221
-0.01674567
-0.00139709
0.00163676
-0.01999964
0.01201437
-0.04421234
0.08986753
0.02059289
-0.03541233
-0.01617849
0.02839968
-0.01055717
-0.02866340
-0.03615132
-0.01611492
0.00464068
0.05777044
-0.07366655
-0.01200535
0.01087198
-0.00001754
0.10687960
-0.00593465
-0.03320812
-0.02180218
0.01625475
0.04569197
-0.01531986
0.01973003
-0.01177679
0.01953766
-0.00382894
0.03070815
0.08020987
0.03788470
0.02664212
0.03596142
0.00251104
0.00174400
0.00525087
-0.01360818
0.05885237
-0.05612135
0.01271891
0.00744447
0.00092694
0.03746153
0.05205765
0.02690079
0.02542106
0.02413043
0.03325969
0.00651493
-0.06262749
0.01695027
0.00167428
0.00029436
0.06996571
-0.02704458
0.00293572
-0.00916395
0.04077276
-0.03047231
0.01583461
0.01209774
-0.00730878
-0.00340544
0.03498949
-0.03115949
0.02369509
-0.02482635
0.04017087
-0.02888930
-0.02447547
-0.01475107
-0.01085644
-0.00182027
-0.01215303
0.00353466
-0.01222171
-0.02354660
-0.13615024
-0.02309611
0.02245107
0.00240726
-0.00551887
0.00118969
0.01837652
0.01927172
0.01845066
-0.01172219
0.01241795
0.02687123
-0.00924171
-0.00425342
0.02568127
-0.12791604
-0.02674237
0.01507206
-0.00290027
0.05274864
-0.00964748
-0.01452175
-0.08278894
-0.04091407
-0.01642067
0.02344284
-0.02527534
-0.05881890
-0.04236560
-0.02140352
-0.00890276
0.00711237
-0.06750567
-0.01074976
0.01608260
0.00456739
-0.00750090
0.09180850
0.02265969
0.07482678
-0.01969385
0.02661233
-0.00437939
-0.00601450
0.06616333
-0.00290960
-0.01615138
-0.02883799
0.03751092
-0.00828249
0.03476205
0.00230585
-0.02285518
0.00203149
-0.01667003
-0.00536544
0.02664315
-0.01324649
-0.01833922
0.00851890
-0.00825917
0.01980709
0.03329273
0.02327670
-0.03642308
-0.03423586
-0.03882000
0.00068877
-0.03423619
-0.10185435
0.02791305
0.03425822
-0.02292598
0.00354162
-0.01348742
0.03593534
0.01764781
-0.09643245
-0.02606551
-0.00345729
-0.03628460
-0.13227949
-0.09928288
-0.04130374
0.02394100
-0.03023892
-0.01126295
-0.07149043
-0.00389095
-0.00032473
-0.02186063
-0.00181558
-0.04320682
0.01320505
-0.00811691
-0.01918592
0.02753634
-0.00757847
0.01459503
-0.01454125
-0.03729113
-0.00079367
-0.01006865
0.01032435
-0.04363109
-0.07299572
0.02318423
-0.02303935
-0.00933772
-0.07898754
0.01198185
-0.12734035
-0.01427664
-0.03403261
0.00001311
-0.03492084
-0.04865654
-0.02383996
-0.01720907
-0.00277136
-0.05802459
-0.00005881
-0.00308278
-0.01102926
0.02209569
0.00895782
-0.02139797
0.00019329
-0.04000345
0.05227902
0.02868154
-0.02133495
0.00816576
-0.00971109
-0.04952961
0.02367260
-0.01720839
-0.03444621
-0.01213691
0.01572280
0.00525645
-0.03588680
-0.00521340
-0.00496310
-0.05813466
-0.02614676
-0.01010721
-0.00903061
-0.02873227
0.02494146
-0.02783797
-0.02534201
-0.02142730
0.00073413
-0.05406071
0.09173439
0.00212254
-0.03237716
-0.04267303
-0.03395803
-0.00618162
-0.01996149
-0.04067355
-0.02406071
0.01547435
0.02377621
0.00616228
0.01205059
0.02666412
0.00680017
-0.08283974
0.08989050
-0.03186822
0.03307092
-0.00332833
-0.01752166
-0.02119329
0.03997667
-0.05296252
-0.04331588
0.00071542
0.05402268
-0.03501313
-0.03854264
-0.04290698
0.01041931
-0.01305984
-0.04744974
0.01842703
-0.01363201
0.03456195
-0.01016442
-0.09209041
0.00694963
0.02171211
-0.02178500
-0.03473409
-0.02587185
-0.02300935
0.07086720
0.00750696
0.02978964
-0.01350399
-0.01263845
0.04465536
0.01848682
-0.00838353
-0.04426211
-0.04420315
0.00605689
-0.00812445
0.06645039
0.03195874
-0.00538973
-0.04235302
-0.01073127
0.00274885
-0.03672125
-0.03448376
0.03726783
0.01298105
0.02196932
0.01854701
0.02338148
-0.06995875
-0.05445984
0.00056559
0.04902244
-0.01308008
0.07828339
-0.02876975
-0.00429002
-0.01862838
0.00315268
-0.03735462
-0.03811824
-0.04654073
-0.02531752
0.03229363
0.00966688
-0.02528059
-0.06286789
0.04139192
-0.03084941
-0.02771723
-0.03691806
-0.04921886
-0.01678843
-0.01542856
0.03105794
-0.01727273
0.01379257
-0.00147913
-0.05219499
0.03513945
0.00102037
-0.06669407
-0.04202944
0.01792729
0.03762689
0.05637318
0.11644635
-0.02200352
0.07992370
-0.00772783
-0.01604975
0.01720178
-0.00847624
0.07396792
-0.05687459
-0.03750876
-0.03503695
-0.10709918
0.03422181
0.00549345
0.00876874
-0.04577002
-0.05039519
-0.01527310
0.09834899
0.00775543
0.08350054
0.00109742
-0.02488098
-0.02814421
0.04742221
-0.00613692
0.00001460
0.01781335
0.00155159
0.01866937
0.02976776
0.03555633
0.00848596
0.00975349
-0.01947405
0.00456617
0.09974806
0.09189280
-0.07715557
-0.01058364
-0.06263866
-0.01632284
-0.04058543
0.13367645
-0.01863807
-0.01936038
-0.10460685
0.05288823
0.05656660
0.03872341
-0.01074468
0.10944726
-0.00688505
0.00882540
-0.02311895
-0.05552256
-0.04338797
-0.02220365
0.09372683
0.06467530
-0.00690826
-0.04091553
-0.03622951
0.00480809
0.04787878
-0.05813066
-0.06061736
0.00668817
-0.02134044
0.07558195
0.03272396
0.02712232
0.01160999
-0.03619002
-0.03387623
-0.04970872
-0.05445611
-0.03586761
0.05843905
0.02820283
0.01675378
-0.04513066
-0.05686850
0.01689165
-0.05913402
-0.00568923
0.04723426
0.09182183
0.08042242
-0.05175166
0.00513847
0.00047847
0.04800277
0.07167556
0.03565486
-0.05878532
-0.12903260
0.00282540
-0.03155868
-0.03501321
0.06376164
0.06034296
0.04640263
-0.05136203
-0.01166363
0.03733658
-0.02932567
0.04060818
-0.04155723
-0.10852131
-0.00450987
-0.00309461
-0.00746606
-0.00974413
-0.01169265
-0.03690260
0.03689179
-0.00922758
-0.00094473
-0.01497491
-0.02731483
0.04043939
0.00276859
-0.06116860
-0.02481155
-0.00625275
-0.03229161
0.02346284
0.02590050
-0.02069612
-0.03565566
0.00889885
-0.03645019
-0.03504141
0.02401749
0.00447487
-0.01938373
-0.07522310
0.00263732
0.00030751
-0.03180697
-0.01313124
0.03151463
-0.05023036
0.08409631
-0.04565591
0.11132704
-0.03151374
0.01560841
-0.01871322
0.01494413
0.00161009
0.02283062
0.02874019
-0.02128048
0.01618314
-0.05080440
-0.00345341
-0.00097040
0.01964368
0.02402111
0.01711076
-0.05840150
-0.00059415
-0.03983599
-0.00709564
0.01059873
-0.05694258
0.01851225
0.03910120
0.00857358
-0.02123153
-0.06105172
0.01842197
-0.05448714
0.00355799
-0.02830499
-0.00913455
-0.03075060
-0.02438237
0.01534060
0.00198222
-0.01357833
-0.00296138
-0.00686527
0.01371295
-0.00118716
-0.00886972
-0.02368842
-0.05129923
-0.04367867
-0.03073638
0.05774676
-0.03117223
0.02791357
0.04112617
0.01161313
-0.04112667
0.01554211
0.01424914
-0.05956423
-0.03271699
-0.07406567
0.01773149
0.01625147
-0.00014275
0.03285361
-0.04193562
0.03188004
0.01183978
0.00151993
-0.02462426
0.01069183
0.03729259
0.01098866
0.01122050
-0.01921593
0.03284919
0.22484738
0.02109685
-0.00692004
-0.02541050
-0.03223712
0.00730053
0.02076328
-0.00975038
0.01281338
0.00681304
0.01491196
-0.04375111
-0.01936778
0.03047261
0.00426221
-0.00684404
0.08771191
0.02420509
-0.01746983
0.00888022
0.02839844
-0.00176966
-0.02603613
0.01599093
0.08293530
0.01979134
0.03713281
0.03522334
0.02152065
0.02767107
-0.02371668
0.06217679
0.02525906
0.03977346
0.01987288
0.00765047
0.00883992
0.01507561
0.02143849
-0.01109973
-0.04374131
-0.00339881
0.00465838
-0.01575683
0.00733948
-0.00911358
-0.01684998
0.03133252
0.01294183
0.02844726
-0.02413908
0.00862946
-0.01424020
-0.02959820
-0.00355133
-0.01461544
0.01364010
-0.02077628
0.00009595
0.01528814
-0.01103192
0.01528313
-0.02840920
0.01404932
-0.01082164
0.02830643
0.04336115
0.01979314
-0.02117136
-0.01971907
-0.08622620
-0.00467228
-0.05093222
0.02932101
-0.01562721
0.01647105
-0.02667603
-0.03408398
0.01422079
-0.02945603
-0.01605606
0.00842219
0.02018509
0.01196169
0.04514251
-0.07567537
0.09301906
-0.14800774
-0.09927474
-0.09597270
0.02301591
0.00056734
-0.07679989
0.14391717
0.00053109
-0.02331873
0.12719341
0.03853428
0.08271521
-0.05289710
-0.06888632
0.06450328
0.05808024
-0.07937268
0.09797269
-0.03713783
0.02957839
-0.03199580
0.01600561
0.03772305
0.01719212
-0.02938627
-0.01011946
0.00238028
-0.02870810
-0.01182586
0.02950856
-0.03974719
0.02211347
0.03038178
-0.01495378
0.00074585
0.00758906
-0.01938282
-0.05529412
-0.06335459
-0.05920169
0.01686266
0.00820129
-0.08391353
-0.00243303
-0.03834604
-0.01399870
0.08353091
0.04927669
-0.08204658
-0.15977430
-0.03323280
0.01627413
0.04473488
-0.02243726
-0.03339648
0.00982469
-0.05454981
-0.00130963
0.01222966
-0.00176770
0.03886896
-0.03745463
0.12229183
-0.04546040
-0.00800604
-0.04767385
0.00715759
-0.05819862
0.08386081
-0.06312250
0.02719012
0.03031077
0.01543593
-0.02778136
0.02140922
-0.01658511
-0.01510215
-0.00265012
-0.02675670
-0.06906862
-0.03960265
-0.09855071
0.09220100
-0.01045810
0.00674803
-0.07142394
-0.04452391
0.11416902
-0.01016065
-0.01154048
-0.00682051
-0.03175244
0.02997579
-0.00124862
-0.01755963
0.04018417
0.04802625
-0.05647035
0.00658141
-0.01082774
-0.00051554
0.00746227
-0.00186588
-0.02731002
-0.02586835
-0.00621677
-0.02723658
-0.02517330
-0.00813325
0.01288384
-0.01456761
0.00303104
0.01579757
0.00069907
-0.00703122
-0.02450804
-0.00215980
0.00828265
-0.02268753
0.03991724
0.01444421
-0.10485996
-0.02863164
0.03610138
-0.00038762
0.01112619
0.01441022
-0.00657029
-0.03754436
-0.05285987
-0.00941303
0.02133572
-0.02940365
0.04581873
-0.02810361
-0.04830742
-0.00991261
0.03299390
-0.12951970
0.01072695
0.02354639
0.01419460
-0.04697886
0.01747422
0.00252699
0.09754867
-0.00191289
0.02200074
-0.02928317
0.00481976
0.04097997
-0.02283277
-0.02589650
-0.02145863
0.01392959
0.02236158
0.01645528
0.03387236
-0.03378421
-0.01172272
0.01499583
-0.02845352
-0.02275238
-0.02101997
-0.00661938
0.03525052
-0.01222438
-0.00796585
0.06237093
-0.00043202
-0.01260628
-0.00367733
0.03608059
0.02605087
0.20500411
-0.04973786
0.01390976
0.03648277
-0.02155331
-0.04753853
0.04532593
0.03708645
0.07139619
0.04920626
-0.02535068
0.06304663
0.01202753
0.07716438
0.04028950
0.02046442
0.00929461
0.04191712
-0.05181770
-0.04023030
0.02565558
0.03688043
0.06512707
-0.03521864
0.03279483
0.00885807
0.00674289
0.08294790
0.04383286
0.04089056
-0.00461803
-0.00048310
-0.01855439
-0.01808527
-0.03552285
0.03417377
0.00339288
0.04659758
0.00478389
0.00502307
-0.04727060
0.00273993
-0.00848139
0.00783208
-0.01646636
-0.01096236
-0.01994589
0.04470663
0.00409852
0.07225876
0.06186776
-0.06158698
0.03061447
0.00748713
0.03449850
0.00279788
-0.02244120
-0.02177556
0.03559553
-0.03069957
-0.01380014
-0.01460725
-0.01045173
0.01841553
0.04064118
-0.05219636
0.00076020
-0.07862329
-0.05072965
0.01442482
0.03386440
-0.00856304
0.00397526
0.00847720
-0.04402522
-0.01754607
0.03732636
0.03440596
0.01902535
0.01962737
0.07723869
-0.00507297
0.02701846
-0.01147526
0.03276863
-0.04099262
0.02853146
-0.03812853
0.03183487
0.04992650
-0.00061989
0.00027991
0.01654581
-0.06571282
0.03647594
0.00087983
-0.00319720
-0.01527245
-0.00039860
-0.02162365
0.03423615
-0.02584293
0.01608219
-0.04350147
0.00914434
0.13497876
-0.00712342
0.01188464
0.07310808
0.00499006
0.02794200
-0.05606870
-0.05647976
0.03680133
-0.08109342
0.11723846
-0.04207684
-0.01977492
0.05742513
0.00701425
0.15924951
-0.00021261
-0.01778652
0.05461305
-0.12926364
0.03725914
0.01894696
-0.01112393
-0.05888623
-0.06391945
0.04638558
0.02224362
-0.00878952
-0.00379888
-0.00932222
-0.00024709
-0.07514504
0.02699141
0.01746493
-0.08860286
-0.02597686
0.01215183
-0.05748842
0.04095814
0.05830064
0.10219590
0.03589588
-0.01532201
-0.06388413
-0.00389356
0.01650393
-0.03133775
-0.02206181
-0.05659415
0.00462434
-0.00522353
-0.08364796
-0.04009712
-0.04646806
-0.00092276
0.02624037
0.02955681
-0.03573556
0.00329831
0.02641388
0.01713151
0.03208233
0.07757404
-0.13243467
-0.04541568
-0.02698886
0.02425503
0.06225447
0.00590201
0.05623472
0.00752971
0.02181787
-0.07267641
0.06845006
-0.04862664
-0.00871872
-0.01222303
0.11818533
-0.03571754
-0.02563734
0.05072564
0.00596402
0.00943363
0.02445994
-0.07579072
-0.01281023
-0.01534727
-0.04587838
0.00935051
-0.00449907
-0.08236200
0.03515312
-0.05017423
0.01223647
-0.04850063
-0.02736533
0.04514944
-0.03828626
0.04032784
-0.05929169
-0.02514188
0.01363597
0.01441274
0.00548259
-0.05445626
0.21626267
0.04665845
-0.05966410
-0.01853049
-0.08690313
-0.01913918
-0.02386792
-0.02505316
0.02905907
-0.00627410
-0.24768189
-0.07305004
0.00082600
-0.06489424
0.07724956
0.00266774
-0.01024681
-0.06004791
-0.02862609
-0.01579568
-0.06017532
-0.00138564
-0.01655263
0.04280819
0.06183856
0.03585417
-0.00730603
0.07582795
0.04220039
-0.02765962
-0.02316387
0.00394789
-0.06647314
0.05734538
-0.06018408
-0.00715805
-0.03386495
0.09841375
0.04171377
-0.01838586
0.03632400
0.00561833
-0.08646204
-0.09065297
0.06616169
0.03785014
-0.05047505
0.01761120
0.01114655
0.17498447
0.12177950
0.03013128
-0.01449460
0.00441864
-0.07288232
-0.01335936
0.01227375
0.02461069
-0.02633869
0.03584735
-0.04891089
0.01050910
-0.07106555
-0.04317737
0.04794014
0.06049066
-0.00576117
0.03154598
-0.04182776
0.04368294
-0.03712956
-0.05519592
0.06347126
0.03654218
0.01594999
0.07824952
-0.00441236
0.02175387
0.10400113
-0.01266848
0.05956294
0.15243188
-0.10774846
-0.01549104
0.04484880
0.09585857
0.04015489
-0.13151394
-0.08571081
0.01870182
-0.01498859
-0.03177821
-0.03673142
-0.01788162
0.03206101
-0.00642077
0.04157107
-0.03686939
-0.02244793
-0.01307016
-0.04493799
-0.05426598
-0.02754437
-0.00958802
0.04260168
-0.00783565
-0.14825007
-0.02511889
-0.02409625
-0.00977494
-0.01415890
-0.02097832
-0.01678021
-0.01579856
0.00076225
-0.02022736
-0.01475653
-0.01123193
-0.02954425
0.02418896
-0.00824447
-0.00655435
-0.04417071
0.01894899
-0.01073440
0.00379765
-0.01121140
0.02599503
-0.06763013
-0.01768821
-0.02917320
-0.00300798
-0.03849630
0.07114104
-0.02763745
0.04073989
0.06287423
0.01162573
-0.05680427
-0.03307881
-0.00777909
0.06158677
-0.06004966
-0.01531721
0.00615102
0.02583039
-0.00566648
0.00229178
-0.00927731
-0.02740932
-0.01008533
0.00174544
-0.03479199
0.00498938
-0.00361202
-0.01630494
-0.03870991
-0.04252275
-0.00180822
-0.02243679
-0.00084867
0.03248652
0.00777283
-0.00848208
-0.02520887
-0.00194893
-0.03125568
-0.07328168
0.02144140
0.00601448
0.00992025
-0.02915364
-0.03198164
0.01400457
0.01714373
0.00849125
-0.00419846
0.06468799
-0.05307928
-0.02571672
-0.01294039
0.01314422
0.01985350
-0.10884020
-0.01439324
-0.00933555
0.06031232
0.01159792
0.01694200
-0.05788755
-0.00108842
0.04810067
-0.04986984
-0.05686324
-0.02482835
-0.00391794
0.02802307
-0.00007068
0.02295141
0.00217083
0.07772940
0.16671941
-0.16161023
-0.02901996
0.00161176
0.00534347
-0.02289825
-0.01099326
-0.02081485
-0.01454260
0.00981394
0.00597896
-0.05260840
0.05780622
0.05773934
0.01146821
0.02373389
0.17960133
-0.02871223
-0.02553677
0.00769488
0.06397068
-0.03902788
0.09675544
-0.02223828
0.00441500
-0.04655223
0.01060365
0.02189233
-0.03657134
0.03377543
0.03222140
0.07672970
0.00188117
0.09979356
-0.07752734
0.02384989
-0.00548995
0.00051027
-0.00486245
0.00083800
-0.06431777
-0.04948009
0.00350272
-0.06672769
0.02159691
0.01686272
0.04933515
0.11272588
0.02425742
0.06261799
-0.00066697
0.08971251
-0.02064500
-0.05055479
0.05063740
0.03831350
0.04150068
0.06999686
0.07739341
0.01465111
-0.07812582
-0.10267521
-0.00839902
0.01168985
0.00651279
0.10911497
-0.02859732
-0.08430748
-0.04236212
-0.14320628
0.12153029
-0.00653172
0.00804972
0.01739901
0.03102716
-0.01570662
-0.06559791
-0.05793348
-0.15438004
-0.02789845
-0.03458550
-0.00573305
-0.01312174
0.03770591
-0.01202135
-0.01016299
0.00508489
0.05534852
-0.01890674
0.00457137
-0.01970110
0.00920194
-0.00569144
-0.02123806
-0.00096440
-0.01627827
0.01782983
-0.01930971
0.00694785
0.01945773
-0.01401892
-0.00523262
-0.00352010
-0.02184048
-0.01559457
-0.01859062
-0.02630575
0.01395986
-0.04489850
0.00007232
-0.01879881
0.04214260
-0.00714910
-0.01034508
0.01468218
0.02145292
0.00991420
0.04319348
-0.01412013
-0.01847033
-0.03267588
-0.01959142
0.01798671
0.00814186
0.01053360
0.00659103
0.02149014
-0.02582013
0.03825812
-0.07927599
0.00092819
-0.02799042
0.01601637
-0.03910383
0.05485740
-0.00215696
0.06586353
0.00474592
0.00194633
0.01226631
-0.03099240
0.00482042
-0.00097062
-0.00962176
-0.00731987
0.00874337
-0.01153741
0.00168984
0.00635807
0.01961709
-0.00108768
-0.01250164
0.04517281
-0.00500481
0.00384881
-0.01692230
0.05586514
-0.00571512
0.00291973
-0.00883093
-0.00263114
-0.03135643
-0.01193982
0.05728589
0.01655878
0.03397501
-0.08953725
0.01586141
0.01399588
-0.05614835
-0.01019809
0.01718025
0.01881772
0.03475450
0.01405278
0.03859015
0.02496352
0.00722547
-0.01983650
0.00139616
0.02817248
0.02051978
-0.03767057
0.10500306
-0.00709422
0.00720943
-0.03490588
-0.02176382
-0.00604824
0.00017942
-0.00770255
-0.02579383
-0.01044468
-0.03211644
-0.02495066
0.00402356
0.02032695
0.02660398
0.00304904
0.01669059
-0.03176665
0.03116970
-0.02675235
-0.00343419
0.04477799
-0.02170662
-0.00986843
0.05069362
0.03448679
-0.01739391
0.02907943
0.01862333
0.00489833
0.05196672
-0.02460694
-0.03271308
0.00108920
0.00715163
0.05459110
0.00353231
0.01715613
0.07756045
-0.00868600
0.04031879
0.00431323
0.02043759
0.01225267
0.03761342
-0.00645343
-0.03919474
0.06752063
0.01025724
0.07277496
0.00197072
-0.00188192
-0.03248149
0.00075738
-0.03636966
-0.01725612
-0.00542429
-0.00437045
0.00966320
0.05919383
0.00386311
0.02680466
-0.06683869
-0.01426668
0.04943389
0.01257314
0.00093704
0.00944242
-0.01095876
-0.00728291
0.01315250
-0.01817418
0.00888599
0.01460843
0.08283684
-0.03274225
0.03558929
0.01531348
-0.01026453
-0.07783920
0.01399748
0.05976712
-0.03976801
-0.01086512
0.01471636
0.07032982
0.06418474
-0.12403274
-0.03156514
0.01207247
0.00378168
-0.05733990
-0.00713509
0.01019425
-0.00186004
0.00146567
0.01331021
0.02193473
-0.04758969
-0.03201627
0.03096548
0.01596721
-0.01452354
-0.02295197
-0.05083662
-0.00887709
0.00795680
-0.01941309
-0.02188564
-0.04817647
0.01789348
0.04348809
-0.03751875
-0.09250382
0.00519515
-0.07278835
-0.02846370
-0.00667367
0.05139232
0.03406221
-0.05026988
0.01455494
0.04394529
0.00411731
0.05283158
-0.05520277
-0.04902140
0.02834994
0.05372129
-0.03493743
-0.07585647
0.02938119
0.03045337
0.00000944
-0.01154107
-0.03433568
-0.06836729
-0.02248804
0.00163522
-0.03100406
0.00073390
0.00994776
-0.02745034
-0.09053043
0.03431066
-0.04936454
0.00770937
0.00488127
0.04006615
-0.01199705
-0.00959795
0.01344776
0.07751537
-0.02383159
-0.02393513
0.02982313
-0.02394273
-0.00096836
0.04532859
-0.03114030
-0.01056307
0.04451149
-0.04256412
-0.02644281
0.02327938
-0.05126492
-0.09612376
-0.01244441
0.00969341
-0.01710463
0.14377126
0.04598516
-0.03505903
-0.02865329
0.02190123
-0.06953155
-0.02017175
-0.01037660
-0.06057933
0.08475103
-0.01459676
-0.05109426
0.02306179
0.06455285
0.00043416
0.04972738
-0.00008155
0.05067709
0.00686041
-0.04334838
0.03403746
-0.00655050
-0.04291935
-0.02537798
0.00662040
-0.08926792
-0.01679519
-0.05417771
0.00294316
-0.02237247
0.01076418
-0.12150868
-0.06749661
-0.01726981
-0.02350833
0.00187073
-0.00764274
0.01440031
0.02385498
0.02655278
0.03499785
0.00415222
-0.02416665
0.05298431
0.02536719
0.06352308
0.03290834
-0.03434810
-0.12436259
0.06185213
0.03503624
0.08067328
0.00967991
-0.04077886
-0.11315777
-0.00064527
0.03891284
-0.01836400
-0.05993246
0.00044348
0.01459405
0.07020319
-0.00218209
0.01322941
-0.05328895
-0.04449468
0.05285809
0.05610736
0.01034733
0.08979380
0.04862009
0.02570648
-0.01172738
0.03219273
-0.06108936
-0.04215606
0.01889439
-0.00946026
-0.02480595
-0.02419835
0.02906491
0.01752478
0.08691704
-0.03243445
-0.04259083
-0.04241714
0.02320132
0.06189981
-0.01148818
0.03782406
-0.01972304
0.00194656
-0.00879770
-0.08836074
0.08472820
0.02358576
-0.01884923
-0.06658977
0.04960528
-0.00005651
-0.02154056
0.05407188
0.01772377
0.04631404
0.01853273
-0.05261761
0.04990072
-0.00915791
0.03722731
-0.07736949
-0.04069025
0.01213145
0.06686299
0.00249052
-0.01177238
0.03304777
-0.02746941
-0.04858073
-0.06711923
-0.11061203
-0.00455076
-0.03660417
0.03497612
-0.06634863
0.00544793
-0.00197994
-0.01291700
0.08361576
-0.02003787
0.01979972
0.03906452
-0.00087180
-0.05633980
-0.03404225
0.01185184
0.02681070
0.01599785
0.03304174
-0.01860477
-0.03770845
-0.01072432
0.01765468
-0.04590026
0.00578975
-0.05198971
-0.03026415
-0.02178898
-0.06594882
-0.02357490
-0.03430900
0.08149710
-0.09451688
-0.02673892
0.02010279
-0.00025142
0.02877813
-0.00795978
0.00233275
-0.01540916
-0.03275595
0.07435276
-0.03204928
-0.02358058
-0.06986266
0.04016041
-0.00412870
0.02621487
-0.07645100
-0.01830724
-0.02564460
0.07145812
0.02843544
0.04405723
0.01641210
-0.03949346
-0.00465853
0.01774647
-0.04975053
-0.04862928
-0.01476849
0.02468692
0.01826216
-0.00556315
-0.01313544
-0.03436784
-0.02665466
0.01097034
-0.03385278
-0.01608886
0.05280116
-0.00263437
-0.03624809
0.04831849
-0.11116652
-0.00066916
-0.01728179
0.03024971
-0.11763647
-0.07000919
-0.03090204
-0.02080196
-0.01327716
0.02491643
-0.04383138
-0.00465073
0.06687621
0.04161597
0.00212440
0.06387310
0.03727150
-0.02505709
0.01408484
-0.00487710
0.07430273
-0.12468002
0.00208117
-0.04495423
0.02594333
0.01880754
0.02528291
0.05574632
0.01144437
-0.03067343
-0.00693846
-0.05031038
0.04211286
-0.00121042
-0.05585969
-0.01743150
-0.06186368
0.01431144
-0.02199912
-0.01272178
0.01764675
-0.03121717
-0.00024004
-0.02492589
-0.03635966
-0.02031829
-0.02606112
-0.01402864
0.01970574
-0.00052568
0.03321627
0.00349330
0.01701338
0.01129182
-0.01983817
-0.03475320
0.00451573
0.03275902
-0.02749193
0.01488148
0.02202498
-0.01862634
0.00701720
0.04127934
-0.00171156
-0.01043551
-0.00240853
0.04179047
0.00749366
-0.01361042
-0.12579940
-0.00702645
0.00212646
0.08770613
-0.04595927
0.00747478
0.03417365
0.09210199
-0.01127582
0.01289582
-0.01321824
0.01409163
-0.01652352
0.05213894
-0.05130887
-0.03009087
0.00316486
-0.01727484
0.02262405
0.00266671
0.00448389
0.05679893
-0.00728688
0.00944787
-0.03472683
-0.02288959
-0.01713624
-0.02775003
-0.00326198
0.02675155
0.10098319
-0.06172401
-0.03261833
0.03553399
-0.02200578
0.00901685
-0.01724000
0.02665290
0.09110989
0.01721805
-0.01099818
-0.06167426
-0.01212414
0.01294931
-0.02227524
-0.00756340
-0.02487070
0.05784637
0.00833807
-0.00403082
-0.02597406
-0.01154544
0.00922469
-0.01748611
-0.02852968
0.01248665
-0.02291444
-0.13925390
-0.03925835
0.05952943
-0.00641312
-0.01108895
-0.00788134
0.00423796
-0.05193922
0.00582362
0.03363825
-0.02456515
0.01298409
0.00017227
-0.00165353
-0.00896159
0.04574667
0.03217810
0.02762170
-0.05232357
0.03709531
-0.00623010
-0.00436192
0.00790420
0.06933334
0.04011909
0.03128492
-0.06112947
0.07330874
-0.00152345
0.05565668
0.02371334
0.01210655
-0.07337364
-0.03084776
0.05306201
0.04082286
-0.03155670
0.00567647
0.02798463
0.03997537
0.00132001
0.01232409
-0.00264720
-0.03498818
-0.00253745
-0.00144783
0.01303122
0.00532121
-0.01523478
-0.02509191
0.00350204
0.01150504
-0.02205133
-0.01012795
0.02141633
-0.00927215
0.00279578
-0.02682754
-0.00325587
0.04884489
-0.03780864
0.01229856
0.01171211
0.01831073
0.00854620
-0.03773556
0.01298857
0.03563943
-0.01893669
-0.09921421
0.04811147
0.02833602
-0.09765785
-0.06041004
0.02245765
0.01062997
0.01266936
-0.12287878
-0.04269105
0.03771784
-0.03556526
-0.08034841
0.03558063
0.03537335
0.03086116
-0.05034401
0.08371063
-0.04414329
0.09033622
-0.01969676
0.04102254
-0.02843064
-0.03431169
-0.02958544
-0.06024386
0.08305501
0.24292758
-0.00591250
-0.02435242
0.03045620
-0.01926990
-0.05042001
0.03200579
-0.05614651
0.00764615
-0.02720780
0.02684459
-0.01201549
-0.05378335
-0.03089859
-0.01415417
-0.00192805
0.01273920
0.02231677
-0.00435587
0.01413616
-0.02681737
-0.06773711
0.06558514
0.01276733
-0.02313184
0.07021637
0.00764184
-0.18480541
0.04120525
0.07162195
-0.03349661
-0.04678446
-0.12163065
0.09985489
0.01639582
-0.03149468
-0.06401087
0.05806752
0.01269357
0.15145008
-0.04227343
-0.01996147
0.02386919
-0.00613047
0.02601884
-0.05925177
0.01810091
-0.05742338
-0.00291748
0.03558408
0.01616192
-0.00053621
-0.03794260
0.02196768
-0.02653486
-0.03423692
-0.02100354
-0.08145214
-0.00694871
0.06068365
0.04060417
0.01296984
0.02442031
0.00373492
0.11880584
0.00791969
0.00169891
-0.00141312
-0.16679332
-0.35057613
0.00247987
-0.02505263
-0.05767583
-0.05637830
0.02687237
-0.02695129
-0.11400507
0.16767909
0.04661044
0.03089406
-0.02631563
-0.01828394
0.00691472
-0.00647886
0.07490189
-0.04584347
0.03075908
-0.00904657
0.01184456
0.00986308
-0.02535066
-0.02643838
-0.05250477
-0.02906170
-0.00456784
-0.01087017
-0.06734296
-0.02341317
-0.04166280
0.01697751
0.00524503
-0.06075935
-0.01945079
-0.05280978
0.01561560
0.00144363
0.00031833
0.02749412
0.01546150
0.04707433
0.00741311
0.05585711
-0.02455069
0.02910430
-0.00875779
0.04057481
0.02477161
-0.02009972
-0.06691949
0.00289883
0.02653362
-0.04514426
0.02996423
0.12840369
0.00119937
0.00084487
-0.02859367
0.00218881
0.02879431
-0.02910394
0.00069656
-0.01344023
-0.08518460
0.04960212
0.00730951
0.03604626
0.01600786
-0.00987193
-0.00592595
-0.01966349
-0.00130613
-0.04671464
-0.00607135
0.01006354
-0.00720334
-0.01784858
0.05934111
0.02134996
0.00634026
-0.02537847
-0.03424527
0.02297733
-0.01102828
0.00156709
-0.01678846
0.03614302
0.00632971
-0.04687792
0.02984064
-0.00772730
0.03288464
0.02060514
0.03421051
-0.01439629
-0.00155819
-0.06873973
0.00938745
0.02971820
-0.03943330
-0.01992726
0.01415940
-0.00509147
0.05384847
-0.03358028
0.00157129
-0.01965348
-0.03024197
-0.06318688
-0.00243916
0.03380140
0.03986498
-0.02613214
0.07588286
0.00708937
-0.00024897
-0.00085722
-0.00231288
-0.00686716
-0.00432119
-0.01475406
-0.00151614
0.13398695
0.01458891
-0.01145359
-0.03123590
-0.05509449
0.03344322
0.01262754
-0.03439372
-0.07254245
-0.00556850
-0.06961133
-0.03482246
-0.00418003
0.03092508
0.00163343
-0.02193935
0.04192230
0.00208615
-0.00250343
0.04510736
0.01783433
-0.03780045
-0.00101192
0.02017166
-0.05274717
-0.07645744
0.08796536
-0.00155631
-0.06669469
0.04342468
0.06493665
0.02142396
0.00318082
-0.07917454
-0.04428143
0.04442975
-0.00172019
-0.02423377
-0.00036153
0.06727759
0.06246344
-0.02444442
-0.01513707
-0.00126817
0.01229825
0.02853584
-0.01879465
0.05636032
0.01120054
-0.00514140
0.07796824
0.03727632
-0.00901238
-0.01725573
-0.02776172
0.01633778
0.00136966
-0.03447646
0.01339112
0.00504040
-0.01223743
-0.04995001
-0.00217127
0.02574815
0.00040775
0.10690258
0.04137862
-0.02704663
-0.01475599
0.02172979
-0.19226898
0.00967783
0.03971948
-0.03249151
-0.02899558
0.02983272
-0.02007614
0.00908662
0.06946117
-0.03136199
0.04366003
-0.00867008
0.00482322
-0.04729512
-0.04590867
-0.04556600
-0.04692716
-0.05309401
0.12698151
-0.03431641
0.03174300
-0.03392036
-0.04196622
-0.02205089
-0.03160893
-0.00463798
-0.00332882
-0.03078132
-0.01005071
0.06652331
-0.03784140
-0.06639332
-0.06217762
0.08439603
-0.04754671
0.03570035
-0.09517609
-0.03734940
-0.01645937
-0.09893746
-0.10000912
-0.00161532
-0.05603693
0.01930653
-0.02445021
-0.01596529
-0.07206890
-0.08344791
0.05485817
0.04046860
-0.04964242
0.07976896
-0.00136483
-0.03517380
-0.04798706
-0.03889596
-0.07661533
0.03631460
0.02333241
0.03002092
-0.05015801
-0.13153222
0.01024942
0.01164686
0.02330329
-0.00574688
-0.01108943
0.00035238
-0.00421951
-0.02150151
0.03628898
0.11491075
0.03420346
-0.05213333
-0.08815238
-0.02637043
-0.03915634
-0.04068936
0.04852924
0.00921037
0.07103761
0.06267431
-0.03783328
0.01332567
0.07506099
0.00967298
0.00238869
-0.06708422
0.05443146
-0.03428923
0.00301843
0.01782222
-0.02631105
-0.02215712
-0.06227133
-0.05599282
-0.10521065
0.07213576
-0.10684563
0.00319173
0.01776908
-0.05871603
-0.03695692
-0.00849792
-0.07039800
-0.01559615
-0.03926281
0.01613583
-0.02930429
-0.02455517
0.01083522
0.00099332
-0.01815614
-0.01373863
0.00224736
-0.00573163
0.01166375
0.00141412
-0.00561883
-0.02274513
-0.01648436
0.04669376
-0.00322636
-0.13852419
0.00866416
0.00044497
-0.00195949
-0.00297846
-0.01475869
-0.00661897
-0.01624759
-0.01706647
-0.03485467
0.00763451
0.03201123
-0.00835811
0.00792716
-0.01580124
0.07044927
-0.01869296
-0.01363637
-0.01085550
0.01536515
-0.01197114
0.01229632
-0.00488182
0.04744730
-0.02294714
-0.01219404
0.00508808
0.07351219
0.03638137
0.02398723
0.03778284
-0.02197527
0.01912085
0.00182083
-0.00576427
-0.00905197
-0.01471102
-0.02836965
0.01867506
-0.02833289
0.01643934
-0.01561265
0.00693908
-0.01252457
-0.00964597
0.01787803
-0.00510805
0.02927936
0.00040109
-0.01271635
-0.00942606
0.01716484
0.00671412
0.00856159
-0.01390561
0.07380204
-0.01274186
0.01693267
-0.01279123
-0.00021691
-0.01014243
-0.03762576
0.00656127
0.01383509
0.02637475
0.00770321
-0.01462026
-0.00508918
0.01801937
0.06536944
-0.02116065
0.04604803
-0.01025388
0.01433385
-0.00368391
0.02067120
0.07966493
-0.17692083
0.02594320
-0.00692601
-0.00526555
-0.03786059
0.00597625
0.01684301
0.01584196
0.01877202
0.04150275
0.00135908
-0.05934027
-0.01489504
-0.01326270
0.03396565
-0.00355219
-0.01775164
-0.01825848
-0.00374157
-0.03297938
-0.01108058
0.00747229
-0.04598772
-0.00512995
0.01189756
-0.01137394
0.01906297
-0.02917286
-0.01834385
-0.00812641
-0.06653546
-0.03168577
-0.02742647
0.03088852
-0.16078408
-0.00662489
0.00422037
0.02921425
-0.07213432
-0.02258655
0.01183471
-0.02952458
-0.02106735
-0.01310064
0.06878494
-0.03739917
-0.02522853
-0.01003841
-0.02901466
-0.00977878
0.02891744
-0.26770878
0.05282069
0.00333604
-0.03927229
-0.06256431
0.00044968
-0.00367114
-0.01825462
0.01698695
-0.01938086
0.00623744
-0.01292287
-0.05920397
-0.00373112
-0.02276059
-0.02398558
-0.01533394
0.01737154
-0.05891057
0.02081641
-0.00415928
-0.08102961
-0.01403693
-0.05119733
-0.00586122
-0.00515075
-0.00849737
0.05463964
0.03507285
-0.00827923
0.01613067
-0.02399284
-0.04464081
0.02266586
0.06291159
0.00901837
0.13001108
-0.05647033
0.04741334
0.02163383
-0.04167957
-0.05357673
0.04269515
0.04098743
0.00035827
0.21022379
-0.02148255
0.09731928
0.02236281
-0.10291059
0.10756063
-0.00073084
-0.01346497
-0.00572491
-0.03279972
-0.08258898
-0.06985459
-0.00512799
-0.00820519
-0.03769986
-0.00458601
0.01080383
-0.06903799
-0.01261781
-0.09947587
-0.04118136
0.05495131
-0.02957586
0.00676718
0.01970561
-0.00752749
0.01176047
0.03359856
-0.04785166
-0.04954016
0.04184739
-0.00393920
0.01516468
0.10907859
-0.09215200
-0.03660768
-0.02930075
-0.04161935
-0.00483856
-0.04281419
0.07149904
0.01146397
-0.04067090
0.03590971
0.03642698
0.00223671
-0.06894580
-0.06345423
-0.06393324
-0.05322091
-0.02151891
-0.12395019
-0.00450085
-0.00135359
0.01411455
0.02879515
0.04017337
0.00755573
-0.03117135
-0.06649345
0.07551380
-0.04965616
0.07121097
0.17741051
0.08660834
-0.03485743
0.00573608
0.04604372
0.06791381
0.01390087
0.06426385
-0.05525149
0.15714735
0.05778620
-0.01951284
0.08214992
-0.01058349
-0.01155855
-0.02474737
-0.04152341
0.02501528
0.01660750
0.02281579
-0.01317787
0.02428753
-0.07649539
-0.03456560
0.04716346
-0.06667447
0.09869697
-0.03741638
0.00676223
-0.02588855
-0.01504066
-0.01958947
-0.00957743
0.02728838
-0.01644976
0.06131705
-0.00856129
0.03748009
0.04643712
0.00469255
0.00114589
-0.00968397
-0.01668898
-0.09551372
-0.06143240
-0.02453627
-0.00598669
0.00799396
-0.06163998
-0.06056322
-0.04196524
-0.02177620
-0.03251633
-0.06622655
0.03601497
-0.02826423
-0.00537549
-0.00232319
0.05214559
-0.03024314
-0.02034639
-0.07595653
-0.06666707
-0.03871799
-0.04084699
0.01232022
0.02368589
-0.05983690
-0.04330993
-0.00778089
-0.02577561
-0.00814721
-0.08029954
0.06354260
0.01487062
-0.01395525
0.14458230
0.00950755
-0.00612183
-0.04191029
-0.02703366
-0.06264054
-0.07535426
0.02643494
-0.14701828
-0.01822892
-0.00610624
0.04151874
0.00453357
0.01707859
-0.02982222
-0.05178511
-0.02288207
-0.00610899
-0.01782459
0.04165632
0.20838207
0.03889837
-0.02300523
0.00128847
-0.04074604
0.07849456
-0.06647766
0.03362837
-0.04187625
0.04219582
-0.01922844
-0.02550254
0.03756935
-0.02257007
-0.02870969
0.04079368
0.01515865
-0.02041101
0.00326913
-0.00158584
-0.03231692
0.02861599
-0.00883684
-0.08420162
0.07361034
-0.04370526
0.06559394
-0.02044379
0.00324529
-0.03417631
0.02069791
-0.00020373
-0.00829768
0.05349846
-0.01363518
0.09525042
0.02884608
0.00926549
-0.02296824
-0.02145323
-0.04964748
0.03794669
-0.11306427
0.00201400
-0.08469356
0.01151024
0.09830807
0.05693462
0.02308122
-0.02077253
0.05385054
0.06660370
-0.03633591
0.01384481
0.01973781
-0.01861295
0.02347588
0.01002445
-0.01397415
-0.04180885
-0.00068876
0.02588306
0.00005608
-0.02696279
0.03897275
-0.02729280
-0.04241148
-0.03456406
0.04208402
-0.00809743
0.01142747
0.01991352
-0.00490184
0.06775089
0.04065180
0.04604533
-0.00925383
0.03682813
0.00247326
-0.03185995
0.00692250
-0.03420650
0.02959207
0.01383448
0.03071486
-0.04419688
-0.04382075
-0.00220232
0.07431848
-0.01829647
-0.02499668
-0.14312668
-0.00015194
0.00664436
0.03822653
0.02627989
-0.04631028
-0.02055071
0.07633158
-0.00492563
0.00545331
0.01877694
0.01970286
-0.01718598
0.05382460
-0.04238794
-0.00286019
-0.01153169
-0.03986750
0.00703155
0.03624616
-0.01018545
-0.03925145
0.03685778
-0.02244858
-0.00235098
0.04549009
0.03958397
-0.00239470
0.01229377
-0.01924613
0.00553802
-0.01987760
-0.05074429
0.08391845
0.02202057
0.00188051
-0.05535666
-0.03000633
0.07929044
-0.01321832
0.00036866
-0.01565236
-0.02784570
0.01161233
-0.06825966
-0.00803907
-0.00100621
0.02654056
0.02158504
0.06851803
0.01024831
-0.00357505
-0.04762161
-0.00450565
-0.01585291
0.01388201
0.01493465
-0.00602006
-0.02828324
-0.03864324
-0.00111453
0.01050314
-0.06404823
0.03486742
0.02449421
0.03329851
-0.00990230
0.00189776
-0.00409122
0.02524394
0.01652726
0.01208788
-0.01430753
-0.02275043
-0.01595493
-0.03884934
-0.03245681
-0.00000574
0.00309678
-0.06447356
0.00731650
0.03781871
-0.01876379
-0.00828349
-0.00202206
-0.00126557
0.00055168
-0.02008836
0.00265270
0.00775866
0.05122810
0.01657762
-0.00573215
0.03523410
-0.03487309
-0.00399826
0.00566887
0.02723018
0.04638758
0.02911486
0.01791462
-0.02541378
0.02414603
-0.02922351
0.01992328
0.00956554
0.02876442
0.00180531
-0.00180976
-0.04320446
0.01644096
-0.01829725
-0.03340473
-0.03399432
0.01052284
0.03331708
0.04895272
-0.02969038
0.00218860
0.00382569
0.03086504
-0.01162634
0.03134660
-0.01843307
0.00666515
-0.00350960
0.03193832
-0.03531363
-0.02718346
-0.02804015
0.01460400
0.03555393
-0.02415096
0.01802401
0.02198250
0.01682566
-0.03986677
0.03733786
0.01573985
0.01558830
0.00382444
-0.00219546
-0.00199580
-0.00446802
-0.03644749
0.04891640
0.02785759
-0.02433040
-0.02312374
-0.04193734
-0.01944314
0.01231447
-0.03552736
-0.04672328
-0.01465778
-0.00447967
-0.04751954
-0.02368596
0.04858095
0.00200231
0.03108819
0.00683552
-0.00991987
0.02378539
-0.01189729
0.01793364
-0.01269863
-0.01717480
0.08789137
-0.03220925
-0.01333885
-0.00268398
-0.00590052
0.03577290
0.03816907
-0.01487140
0.02323597
0.01481159
-0.02007323
-0.00495858
-0.00475893
-0.01933813
-0.01220214
0.02217806
-0.01988858
-0.02494619
-0.03225313
-0.04807263
0.01159890
-0.00804761
-0.00406689
-0.05153755
-0.07044786
0.01880960
0.01595688
-0.01285942
-0.00586630
-0.03484758
-0.02417842
-0.02049869
-0.01046240
0.02086151
0.00486389
-0.01647522
-0.00275710
-0.01552688
0.02885018
-0.01855371
-0.02579915
-0.02668098
-0.03699408
0.02468502
0.00933010
-0.04144451
0.00606671
0.00793010
0.03593469
-0.01573207
-0.02192813
-0.01580282
-0.00687234
-0.02483567
-0.00813211
-0.01092513
-0.04014178
0.00618994
-0.04003840
-0.04410651
-0.01509990
-0.00935756
-0.01870139
-0.03270790
0.04955677
0.03657745
0.02365530
0.08872367
0.02825793
-0.02249806
-0.05584953
-0.05804753
-0.02942756
-0.01705283
0.00639599
-0.01616744
0.01993539
0.02211245
-0.00609023
-0.03550680
-0.02396682
-0.00871492
-0.03325807
0.04071876
-0.04400322
0.00042541
-0.00317177
0.02268458
-0.05570330
-0.02915422
-0.00240569
0.00608153
0.06343355
-0.01817534
-0.03397384
0.00393724
0.04379054
0.01719162
-0.01140211
-0.02087967
0.01498939
0.00582100
-0.00567103
0.02167543
-0.03432387
-0.03703666
0.01384950
0.01619886
0.05472759
-0.02308095
0.00070088
-0.02037071
-0.00196487
-0.04686886
-0.03605551
0.03319218
-0.02966869
-0.03854555
0.02975161
0.01937007
0.01508889
0.00308120
-0.04170575
-0.01606460
-0.05974548
0.00276592
0.02841022
-0.03686978
0.02958966
-0.04178742
-0.00376256
0.02642338
0.03168000
-0.03461839
0.02311436
0.01584459
0.01952158
-0.00832426
-0.00110452
-0.03223458
-0.00120165
0.05269873
0.02346814
0.10657809
0.03789516
0.00946208
-0.08885173
-0.00054619
0.04123596
-0.00186441
-0.00570755
0.02807448
0.01151502
-0.07061601
-0.01692013
-0.02164361
-0.02459899
0.03615497
0.02615111
-0.01126397
0.02446094
0.06928327
0.04322236
0.01748777
0.01252118
0.02633890
-0.00785515
0.03269082
-0.00344562
-0.00168870
-0.02868534
0.01133975
0.02021630
-0.01413215
-0.03275481
-0.04425211
-0.00453153
-0.04810768
0.00102399
-0.00520362
-0.02714415
0.03945372
-0.02301819
0.03705103
0.03355408
-0.06289565
-0.00212809
-0.02248839
0.03588606
-0.02240098
-0.03537664
0.00234369
0.18663532
-0.02706168
0.00426916
-0.03534902
-0.05482920
0.03400870
0.03683117
0.02319591
-0.03003186
-0.03006532
-0.00985008
0.00538680
0.02853134
0.03152191
0.01819763
0.04621317
-0.01516552
0.05323134
-0.00634290
0.03411764
-0.00169688
-0.01687883
-0.04338265
-0.02909461
-0.05447817
-0.00265840
-0.00978480
0.01526316
-0.02356737
0.02273640
0.00778576
-0.03706285
-0.01047487
-0.00628434
-0.00620587
-0.07081905
-0.00875823
-0.03905512
-0.04065834
0.04937743
0.01676178
-0.02597483
-0.01238708
-0.02232419
-0.01503255
0.01918430
-0.00958351
0.00026578
-0.04566707
0.00196329
-0.03537351
0.03361713
-0.01076596
0.04329664
0.06246061
-0.01037871
0.02233690
-0.01311030
-0.02875358
0.00693139
-0.01825468
-0.00563324
0.05180034
-0.01897773
-0.00875424
-0.01346788
-0.00468606
-0.01402715
-0.00353204
-0.00498903
-0.02897970
0.01617572
-0.04929159
-0.01631329
-0.00725657
-0.05068251
-0.01984684
-0.06278221
0.02188379
0.08714218
-0.00647529
-0.04356247
-0.03195305
0.02327508
-0.00170554
0.00459593
-0.03040556
0.00806313
0.00941725
0.02810603
0.06406605
0.00819817
0.00419686
0.06865413
0.02474884
-0.00164514
0.01161449
-0.05506208
-0.01107248
-0.03504433
-0.02321521
-0.00344487
0.00323551
0.00753579
0.01598067
0.01290508
-0.00917453
0.02807189
0.02328684
0.01007944
-0.03372980
-0.13915946
0.00029898
0.01288961
-0.00391177
-0.03863132
-0.01151019
-0.06600285
0.00120473
-0.00848839
0.02960086
-0.02339887
0.01164246
-0.02549834
-0.01223817
0.00213808
-0.03019259
-0.01743863
-0.01642521
0.02772358
-0.01699007
-0.02730731
-0.01523490
-0.03310275
0.00113977
-0.00987295
0.00833120
0.00008079
-0.02252223
0.00808955
0.05342989
-0.00104406
0.05121774
0.00158466
0.01270988
0.00963366
-0.02439368
0.04433174
0.03980188
-0.03245866
-0.00495720
0.02171248
0.00124865
-0.05568766
-0.02957552
0.05189051
-0.03089806
0.03414913
-0.01799088
-0.02100935
-0.01855958
0.03002840
-0.02636837
0.07468522
0.04206348
0.00084468
-0.03189505
0.00767053
0.01455600
-0.01868284
-0.02011910
0.00222745
0.02463754
-0.03648498
-0.08299754
-0.01842402
0.01637746
-0.05256616
-0.01886950
0.03869236
-0.03437527
-0.00182920
0.04761095
-0.00625676
-0.00441961
-0.07459927
-0.03261034
-0.02197244
0.02703331
-0.05283615
0.00570451
0.02780585
0.07217716
-0.00594974
-0.04533825
0.01056436
-0.00656368
0.09807382
0.03319427
-0.05523780
0.00309483
0.00034687
-0.02101926
-0.01936085
-0.01735886
-0.03406242
-0.02332430
0.07969626
0.00308708
0.06873773
-0.07461346
0.01780942
-0.00681088
-0.02778110
0.02290813
-0.00698795
-0.07675444
-0.01000599
-0.03722497
-0.05237205
-0.01480767
0.00630657
0.02864441
-0.00188012
-0.06036662
-0.01467691
-0.00096579
-0.05607013
-0.01126216
-0.03082681
-0.02755073
-0.05896365
0.03435829
-0.00689682
-0.03262497
-0.03648106
-0.07059287
0.00598726
-0.02293014
-0.04592335
-0.05389568
-0.00819418
0.02977579
-0.06958621
0.04887800
0.00414193
0.00068940
0.05531584
0.00609596
0.01412332
-0.05773168
-0.01216906
-0.04352943
-0.03670149
0.05014276
0.07178733
0.06123495
0.03375414
-0.00975484
0.01330206
-0.03402625
-0.00172790
0.03880550
-0.03845720
-0.02351420
0.01671922
-0.02665651
0.01818661
-0.00138471
-0.02167721
0.00245382
-0.00461115
-0.00900571
-0.07146200
-0.03529854
0.01063851
-0.00556414
-0.00132205
0.07596360
0.03123574
0.02278875
-0.02785494
0.03352139
0.02625172
-0.02752056
-0.00589882
-0.00352360
0.00247158
0.05070751
-0.01267676
-0.02401584
-0.01747736
-0.01533797
-0.02782537
-0.03674077
0.00065396
0.01538793
0.04561761
0.00520329
0.00960391
0.02773767
-0.04228801
0.02355124
-0.02436977
-0.02348643
-0.05453506
-0.03589490
0.00046350
-0.02690102
-0.02990163
-0.04273319
-0.06050718
-0.02140791
0.02462638
0.00988449
-0.01074213
-0.03462340
-0.01135405
-0.01653802
0.02928320
0.02848836
0.02196748
0.00813360
0.02528007
0.02235402
0.00620570
0.00114487
0.00124859
0.00503176
0.01388187
-0.02003532
0.04211861
0.07180797
-0.00992225
0.02481221
0.10019733
-0.00916001
-0.07303553
-0.02994633
0.01158469
0.04979784
0.00585132
-0.03530039
0.01831785
0.00050912
-0.00454234
0.00678301
0.03040421
-0.06240491
0.00694570
0.00282626
-0.02044418
0.06079349
-0.06017075
-0.05303456
-0.05438845
-0.04065564
-0.03459584
-0.03991577
0.05629332
-0.00444100
0.06940504
0.04610953
-0.02517857
-0.00770549
-0.11687333
0.06448989
-0.01474241
0.00184907
0.01472962
-0.03328726
0.00780415
0.02764412
-0.01584744
-0.00507557
-0.07347224
0.03756912
0.12893811
0.03064170
0.01866031
-0.03074487
-0.06714488
0.09216433
-0.01109180
-0.06054388
0.03480451
-0.00462970
-0.01922976
-0.03111848
-0.02791565
0.00383997
-0.04395351
0.00512632
0.01873503
-0.02235521
-0.03142006
0.00979853
-0.05068213
-0.01333155
0.04587771
-0.00911765
0.03344721
0.00113522
0.00660871
-0.00360317
-0.03706267
0.02646614
0.04995054
-0.01133044
-0.01310528
0.04734160
-0.00122397
0.02302231
-0.06457658
0.03260091
0.01605532
-0.02717840
0.05334941
-0.01011305
0.01184288
-0.02473373
0.00592093
0.01022706
-0.03180712
-0.03180070
0.03779010
0.05103365
0.07728833
-0.00236437
-0.07007286
0.01765115
-0.10135611
-0.05216737
-0.01472135
0.01159093
-0.03604121
0.00329048
-0.01092905
-0.03770651
0.04175106
0.02083595
-0.06846242
0.01722998
0.02421756
-0.02089948
-0.01682239
-0.07713622
0.01146187
0.02946670
0.01901017
0.01887360
-0.00982824
0.01590848
-0.02720217
0.02244577
-0.04590288
-0.04040406
-0.00840097
-0.00610029
0.05052176
-0.00807335
-0.01286722
0.02154467
-0.00867420
0.00248231
-0.06004649
-0.00058311
-0.00724043
-0.02677557
-0.01977311
-0.03018714
-0.00672181
0.06471518
-0.03293569
0.00431901
-0.01277387
-0.05150563
-0.00001432
-0.00426919
-0.02631053
0.13693117
-0.03041577
0.01122728
-0.03449659
0.00723358
0.00787742
-0.02102083
0.00312607
-0.02739224
-0.00556654
-0.02481929
0.00861210
-0.04070525
-0.01024868
-0.02520668
-0.04013282
-0.02682167
0.00924911
-0.02135082
-0.02127186
-0.02013601
-0.02086828
-0.03219260
-0.03891994
-0.06324811
0.01811146
0.00503002
0.00104474
-0.01961372
-0.01566947
-0.00022550
-0.02237821
0.01496233
-0.00432278
-0.01403216
-0.02209674
0.01043356
-0.01979356
-0.00497865
-0.00163150
0.00517069
-0.02157345
0.00171343
0.00409611
0.03155055
-0.01975979
0.05935170
0.01140451
-0.03817120
-0.03205954
-0.01976261
-0.00160799
-0.01562227
-0.01989904
0.02203032
-0.04575386
0.01727324
-0.00314396
-0.02631498
-0.05896406
0.01061769
0.00147857
0.06015532
-0.01675185
-0.02193225
-0.11808562
-0.03474833
-0.04353759
-0.05276155
-0.04482771
-0.01730408
-0.00521997
0.03585862
0.09964781
-0.02138914
0.01099859
0.01730044
-0.10130695
0.07111675
-0.01745605
-0.02054530
-0.03144534
0.01904459
-0.01643330
0.05229751
0.05510700
-0.05851149
-0.07929440
0.10108814
0.14708762
-0.01128032
-0.01496664
-0.06223678
-0.02649847
0.23322350
-0.05158434
-0.13031407
-0.01140825
0.00688386
-0.00826810
0.03036617
-0.03663550
-0.04459599
-0.05794507
-0.01981080
0.04104346
-0.01974757
-0.01506191
-0.02416044
-0.02237726
-0.02980768
0.07279657
-0.09475421
0.02504647
0.06382879
0.00362004
-0.00883572
-0.00203089
-0.00326522
0.09409804
-0.07348503
-0.01803889
0.03627272
-0.01070488
0.04200364
0.00909405
0.02698467
0.04098145
-0.06982665
0.05408081
-0.00414880
0.03725114
0.00675827
-0.03822140
-0.01110276
-0.03685112
-0.05596117
0.01490450
0.04116694
0.05459797
-0.03682313
-0.04274780
-0.04967940
-0.12191619
-0.04973559
-0.06557016
0.01500323
-0.00923990
-0.04397407
-0.04109073
-0.02187875
0.05548743
-0.09921393
-0.00191222
0.01506495
-0.00628627
0.10632130
-0.07065691
-0.10074863
0.02870356
0.00850359
-0.02607117
-0.05537952
-0.01623102
-0.02718080
0.00540341
-0.02743904
0.01605631
-0.00484972
-0.01481232
0.01790550
-0.03644855
-0.03578713
-0.14081302
0.04117636
0.04307921
-0.04462102
-0.07305920
0.03484676
-0.02798396
-0.00372871
-0.02013934
-0.00043068
0.01069137
0.07725091
0.13094336
0.01565609
0.01474814
-0.03396355
0.02476283
0.03557866
-0.01747377
0.02312471
-0.00199812
-0.03967187
-0.01096614
-0.02689485
-0.01805308
-0.00241504
-0.00037334
0.00255518
-0.01110052
0.01697914
-0.00132127
-0.01441518
-0.02604642
-0.03036125
-0.07755654
0.01045681
-0.00634278
-0.03213296
-0.00818752
-0.00269956
-0.00158193
0.05181192
0.05689052
-0.00481840
-0.00443927
0.00416947
-0.03027172
0.03502186
0.00529653
-0.02285499
0.05931600
-0.02944442
0.02647520
-0.00132527
0.01533627
-0.00048773
0.00177088
-0.02251830
-0.02919855
-0.00639222
0.00497144
-0.00450561
0.07075778
-0.03271832
-0.03901300
0.00478962
-0.01010245
-0.03743203
0.01748284
0.03061057
-0.01608862
0.00020552
-0.04980716
-0.05151429
-0.02069928
-0.02381945
-0.00673607
-0.01016160
-0.02250753
-0.00855779
0.00363846
-0.02715915
-0.02042633
-0.00004741
0.08357046
0.03697121
0.02755262
-0.00802557
0.01514167
-0.01086515
0.01835779
0.01569596
0.03745127
-0.00517448
-0.02139941
-0.00716114
-0.01317846
-0.01914516
-0.01642169
-0.00560889
-0.00236941
-0.01080463
0.00132205
-0.02321115
-0.02850813
0.01350236
0.00856033
0.00865857
-0.00633165
-0.00123699
0.01156897
0.00942586
-0.00315979
-0.04751587
0.01359036
0.01949595
-0.00924969
0.01799624
0.00110646
-0.00264854
-0.00201173
-0.00337753
0.01893316
0.00376166
-0.04284295
-0.02397100
-0.00547298
0.01541721
-0.01612002
0.00823594
0.01569624
-0.00531499
-0.01099754
-0.00473329
-0.02277948
0.02033100
-0.00434223
0.00385083
-0.02483821
0.04054749
0.02781950
-0.02640228
-0.01798588
-0.00072174
-0.00429383
0.03392886
-0.00397233
0.01332259
-0.01297368
0.02160278
-0.02758904
0.00659958
-0.01393986
0.01348800
-0.02563589
0.01378415
0.00309315
-0.03054702
0.00181982
-0.03935874
-0.00913896
-0.03292258
0.00281624
-0.00055831
0.02517170
0.02979657
-0.00862247
-0.03044983
-0.00697318
0.03567414
0.01797483
-0.00109131
0.01241894
-0.02282167
-0.04181284
-0.04917634
-0.01399742
0.02232552
-0.01718530
0.00016476
0.07095826
0.02229428
0.01573299
0.00469638
0.01009578
-0.00024283
0.01393947
-0.02067571
0.00610028
0.03201795
0.00845132
0.03044874
-0.01804823
-0.02115368
-0.03410120
-0.03318641
0.01115313
0.00319285
-0.01654348
-0.05466301
-0.01129534
0.00938835
-0.02402630
0.01056560
0.00656854
-0.00824719
0.00627069
0.01697116
-0.01670620
0.00723732
-0.01614014
-0.00248394
0.01999128
0.00639766
0.01455354
-0.02907822
0.02066672
-0.04514688
-0.01441733
0.05858460
-0.00325214
-0.02006781
-0.00452100
0.01423203
-0.05300691
0.01405631
0.00971371
-0.01560453
-0.00311376
-0.01867896
-0.01244422
0.00016210
0.00476003
0.00495362
-0.02682200
-0.08906069
-0.00069863
-0.04182018
-0.02206996
-0.01767190
-0.03540578
0.02268290
-0.01552321
-0.01750704
-0.01979313
-0.02711206
-0.02931164
-0.02423940
-0.01001941
0.02830096
0.00591670
-0.01647286
-0.03780431
0.02098028
0.01124117
0.00209931
-0.02882056
-0.01716863
-0.00056712
0.01001855
-0.00690603
0.05074715
-0.01272742
-0.02438322
-0.00861588
0.00738544
0.00830731
-0.01857065
0.00405326
-0.01322326
-0.03967970
0.02944046
-0.00034089
0.01744252
0.00660412
-0.01347382
0.00247944
0.01762121
-0.01877763
-0.04397236
0.00218813
0.00556112
-0.03034236
0.04392398
-0.06481668
-0.00261787
-0.02538598
-0.04689177
0.00562835
0.00533586
0.02194114
0.00076017
0.11007755
-0.01262545
-0.01302234
-0.02067755
-0.00574375
-0.00152931
-0.00319444
-0.05396004
0.10203281
-0.01219255
0.00863169
-0.01289236
0.00107369
0.03273370
0.00495003
-0.14427945
-0.00740664
-0.03460636
0.05252638
0.02089463
-0.00687428
0.01589859
-0.01687163
-0.02890300
0.00045749
0.01141892
0.00023876
-0.01667687
0.00852154
0.00692801
-0.01899570
-0.00447422
-0.01281940
-0.00812012
-0.00173310
0.00856652
0.01714153
-0.00403990
0.03324463
0.05841943
-0.00834361
0.06255974
-0.01337092
0.03822555
-0.00001267
0.01340761
0.02172582
-0.01241519
0.02935641
0.00914602
0.00409379
0.00185544
-0.02006455
-0.02662394
-0.03353346
0.01291406
0.02598696
0.01694668
0.00267034
0.04088914
0.03448915
-0.07337555
0.03220446
-0.02023630
-0.04582778
0.04289390
-0.04038870
0.03292282
-0.03844841
0.03376510
0.03097644
-0.01892533
0.01205205
0.00654787
0.02813969
0.02856874
-0.04049934
-0.03714910
-0.00273048
-0.01736572
-0.05889643
0.00734224
0.00063451
-0.02250336
-0.04584632
0.03256108
-0.05447411
0.05621656
0.02250654
0.00899691
-0.01814251
-0.01043146
-0.06964935
0.03000424
0.00002501
0.01048897
-0.01380107
0.03394810
-0.02493378
0.02979834
0.02394631
-0.01670848
-0.03141608
0.07022502
0.02629660
0.02164636
-0.03913827
-0.06115820
-0.02842598
0.03584433
-0.00914108
0.02652152
-0.00663075
-0.02121496
-0.01526829
-0.00396327
-0.01874208
-0.03844405
-0.04058807
-0.03434994
0.01440261
0.00797854
-0.00709419
-0.02761445
-0.02497187
-0.02110723
-0.02531928
0.02286966
-0.04874666
0.02629408
-0.00600629
-0.01954947
0.02540045
-0.00892070
-0.06761415
-0.04995671
-0.00237624
-0.00233577
0.03386464
0.02473910
0.01266956
-0.01361389
0.02132697
-0.01075710
-0.01368933
-0.03385894
-0.00834324
0.00072886
0.04477937
0.00693683
-0.02024068
-0.00104427
-0.01888617
-0.01747874
0.04608959
-0.03805731
-0.05940985
0.04745711
-0.00713982
-0.03591022
-0.00465753
0.01277914
0.01410811
-0.00859265
0.00174263
-0.06832021
-0.01223547
-0.07995653
-0.01132837
-0.00551042
0.01823645
0.07637014
-0.01082836
0.05864102
0.01197228
-0.01663536
-0.07784727
0.01068445
0.01738064
0.03723203
0.01119842
0.03343922
0.03198250
-0.04188479
0.02065105
0.00567650
-0.04643736
-0.02887268
-0.11838392
0.01701616
-0.02255155
-0.01271953
-0.05864615
-0.03925747
0.03554809
0.01523504
-0.03092141
-0.02730627
-0.01647246
0.01527751
0.02896451
-0.07465582
0.01487722
-0.05063957
0.03544359
0.01551426
-0.00291250
-0.00139960
-0.05479120
-0.00224961
-0.04504101
0.01211759
-0.01420866
0.02467216
-0.02297782
-0.00582000
0.04374583
0.01396598
0.01837537
-0.01838074
0.00275850
-0.00064994
0.01127759
0.01479943
-0.00126023
0.01151053
0.01753140
-0.02128158
-0.01130340
0.04189442
-0.01398353
0.00503320
-0.03960541
-0.00202714
-0.04338964
-0.01089735
-0.03546084
-0.02535991
-0.05021413
0.00995417
0.00781296
0.03057305
0.00128322
0.01663601
-0.04903650
0.04905107
0.01727591
-0.01453498
0.01117233
0.01644697
0.03732504
-0.01770940
-0.03086939
-0.03940203
-0.03527631
0.01544620
0.00250538
-0.04469868
0.00978114
-0.04184200
-0.03662862
-0.04456289
-0.03967960
-0.02933283
-0.02547782
-0.06435482
-0.07119984
0.03936028
-0.00101959
-0.05296014
-0.03664270
0.01025463
0.01088415
-0.00551798
-0.00992410
-0.01635927
-0.01023156
-0.00533695
0.02118510
-0.04404109
0.03013377
-0.02168261
-0.03057135
-0.04089755
-0.09839631
0.02827259
0.05516169
-0.03277615
0.00302991
-0.00137892
0.00873796
0.00091414
-0.03201924
-0.01546785
-0.01876868
0.06164179
0.11998223
0.02287932
0.04014962
-0.07087991
0.00271690
0.03218559
0.01414762
-0.12986371
-0.03014805
0.00273593
-0.00100570
-0.01366342
0.00192745
-0.02849431
-0.00357611
-0.03947736
-0.00170328
0.00732923
0.01541055
-0.04565492
-0.01916778
-0.01673906
-0.01567243
0.01891022
0.01193469
0.00131072
-0.02856901
-0.00044691
-0.02056011
-0.01541609
0.01299272
-0.02136578
-0.00993631
-0.00012561
0.01212555
0.01892406
-0.02197942
-0.03927334
-0.02791915
-0.01936177
0.01838741
0.02179713
-0.00415476
0.00486249
0.01806372
0.03908691
-0.01471432
-0.00711425
0.03528364
0.03455899
0.12862158
0.01199555
-0.01758043
-0.04300652
-0.09557945
-0.01152780
-0.01206588
-0.02993797
0.02526536
0.01936055
-0.00002729
-0.00714382
-0.02127993
0.00062167
-0.00824193
0.03344157
0.03472295
0.03365891
-0.00197396
-0.03038292
0.02508771
0.02179521
0.01649546
0.01770072
0.01256488
0.01631361
-0.00596130
0.00594823
0.02999274
-0.01620939
-0.01478937
-0.00223132
0.00963722
-0.00002851
-0.02690866
-0.01136088
-0.02256984
0.03204042
-0.01255704
-0.01259400
-0.01290409
0.04312586
0.00549620
-0.00027849
0.03304497
0.01896787
-0.02160572
0.00847738
-0.00322534
-0.03632335
0.01153386
-0.01346107
-0.01417720
0.06311607
-0.01775930
-0.00418731
-0.00638260
0.02648905
-0.01301960
0.01475158
0.01723131
-0.00597464
-0.02931988
-0.00620330
0.00212295
-0.00044442
-0.01110758
-0.00857077
0.01268750
-0.00621672
-0.01101030
-0.00344446
-0.00049622
-0.01936387
0.00409840
0.03012377
-0.05066698
-0.04799923
0.01411618
0.00168089
-0.01292620
-0.03047317
0.00403863
0.02665672
-0.03235206
0.05080830
-0.02224681
0.01911961
-0.00342618
0.02870614
0.00460552
0.01255675
0.02465347
-0.00392960
0.00743892
0.00493377
-0.00595456
0.04291502
0.00074114
0.00763795
0.02266561
0.04492615
-0.02755827
-0.01540457
0.01898488
-0.05526774
0.00334902
0.00571622
-0.03198386
0.01628969
-0.01821746
-0.02075882
0.02099049
-0.04311455
0.01555623
-0.00135128
-0.02079836
-0.01121728
0.02985423
-0.00241900
0.01163237
0.03344348
-0.00098304
0.04002445
-0.03247565
-0.01277225
0.01324370
-0.03260064
0.03404659
-0.02242989
-0.07171319
0.02481056
-0.00889523
0.00221805
-0.04550088
0.04820307
-0.01530668
0.02796187
-0.01340787
0.01320232
-0.01758186
0.08332932
0.04254460
0.00122962
-0.01105561
-0.06226043
0.00299331
0.06122564
-0.00951585
0.02802396
-0.00883427
-0.00773317
-0.06237220
0.00238712
0.00847869
-0.00257949
-0.00214589
0.01607070
-0.03477754
-0.01337551
-0.02182640
0.00139923
-0.01647126
-0.01015996
-0.02068932
-0.01113285
-0.02123088
-0.02311442
-0.03017149
0.00358553
-0.00453762
-0.00563376
-0.04550586
-0.05762445
-0.00267778
-0.00053942
0.00970199
-0.00552853
-0.01966635
-0.03117383
0.03191477
-0.02953733
-0.00620787
0.00947816
0.00293983
0.00220306
0.01044413
-0.00331751
0.00807131
-0.00251955
-0.00218813
-0.03477785
0.08469817
-0.02033575
-0.03103528
0.00717484
-0.02381689
-0.00719094
-0.00369001
0.03479091
0.02942236
-0.00004839
0.00029624
0.00455794
-0.02591515
-0.00378063
0.03210075
0.01642532
-0.05168076
0.02189686
-0.02531310
0.02990444
-0.01243434
0.03944130
-0.03506035
0.00443539
0.03098949
0.00623492
-0.00485276
-0.00942873
0.02022210
-0.01533864
-0.00533227
-0.02160215
-0.00848673
-0.00242985
-0.00625533
0.01113153
-0.00063027
0.00022470
-0.02054415
-0.01765432
0.04002871
-0.01817330
-0.01783366
-0.00149527
0.02529457
0.01009504
-0.02160740
0.00834200
-0.02785031
-0.00856771
-0.00487777
0.00367002
-0.00074552
0.07106023
-0.01975419
0.01379692
0.00361593
-0.00212644
-0.01749432
0.02300774
0.02058139
-0.02434137
-0.02742717
-0.00695823
-0.00689954
-0.01073958
-0.03138107
0.00036589
-0.00165041
-0.04218255
-0.01299785
0.00158886
0.02375828
-0.03580902
-0.02795666
-0.01407246
0.00275418
-0.03755162
-0.02205795
-0.03324192
-0.02367265
-0.02069397
0.00750396
0.00046400
-0.02330281
-0.00843828
-0.01584611
-0.01877854
-0.00038184
0.01760215
-0.01008047
-0.00758257
0.02102607
-0.01156161
0.01919640
0.00064402
-0.01954489
-0.00110797
-0.01877364
0.09383737
0.08989795
-0.00160884
0.00792811
-0.05625052
0.00072835
0.01534805
-0.03653035
0.00438820
-0.02130477
0.03297413
-0.03047646
-0.03119986
-0.02321663
-0.04885968
0.01894693
0.00850273
-0.03373517
0.02119540
0.04159568
-0.07197431
-0.05193829
-0.04144998
-0.09502254
0.02201810
0.01730853
-0.07127236
-0.01566190
-0.00850206
0.14268245
0.00038945
0.12478641
-0.08300755
-0.02707586
0.04626476
-0.02220004
-0.00912007
-0.01931519
0.23406851
-0.02667939
0.11574103
-0.06816722
-0.01932146
-0.02197996
0.00526352
-0.10762500
0.04403559
-0.04995947
0.01741111
-0.03258865
-0.01470631
-0.00802622
-0.05588142
-0.00901821
0.02435760
-0.04334835
-0.00035675
-0.03712289
-0.01576279
0.01917945
0.00172488
-0.02163471
0.03568844
-0.01007913
-0.00939192
0.01825749
0.00645141
-0.07299197
-0.08313423
-0.01258194
0.01429200
-0.04167975
0.02576043
0.02154738
-0.05377211
-0.06477033
0.02565756
-0.01446640
-0.01987758
-0.02951183
0.09026624
-0.02405917
-0.01079133
0.05663642
-0.03469346
0.00474905
-0.07848206
0.03751537
0.02064700
-0.00217382
0.00113564
0.03750844
-0.03444756
-0.01287115
-0.03036681
0.04963640
0.00449187
-0.00947269
-0.04747939
0.01320875
-0.07245561
0.00132576
-0.03091107
0.01647074
-0.00421687
0.02119052
-0.00641195
-0.00009726
0.02179974
-0.01886405
-0.00897798
-0.04190012
-0.05205298
0.05015899
-0.01303910
-0.05228783
0.05022160
0.05459838
0.02434244
-0.03489434
-0.01311324
-0.09338998
-0.03830152
0.01116854
-0.00036724
0.02245452
-0.01129755
0.05749828
0.00897007
0.01054136
0.02880642
0.02978347
0.00141696
-0.01848350
0.02477932
-0.01801848
-0.00084718
-0.03065731
-0.05147617
-0.00846269
-0.04378084
-0.04349590
0.01849222
-0.01267420
-0.03988506
0.02065717
0.02819218
0.00713837
-0.02066990
-0.01725424
-0.00539269
0.00710420
-0.00015506
0.00372495
-0.04161208
-0.01579866
0.01145490
-0.00091642
-0.02836493
-0.01305929
-0.02635458
-0.02443975
-0.00343775
-0.00401736
0.01762293
-0.03587656
-0.04102150
0.02720420
0.03922312
-0.03780956
-0.07545595
0.01778898
-0.01485292
0.04385865
0.00119294
0.03153484
0.04608888
-0.04510868
0.00022844
-0.03560995
0.00065247
0.00361477
-0.02337324
0.02157695
-0.00091556
0.01334298
-0.00641445
-0.00303435
0.01292652
-0.02343049
-0.03815227
0.01333571
0.06616176
0.01627684
0.00710800
-0.02237985
-0.02682563
-0.01970447
0.01969200
-0.00180457
0.03553832
-0.02916687
-0.04145968
0.01358389
0.01478179
-0.01074164
-0.00039714
-0.01179773
0.06667510
0.01035199
0.02316085
-0.01330402
-0.05920639
0.00882239
-0.00780393
-0.02062569
-0.02958855
0.05918140
-0.02274566
0.09827663
-0.02429861
-0.00955327
0.01313313
-0.03173789
0.01845378
0.00334080
-0.03425658
0.01987843
-0.02215857
0.01377020
-0.02259344
-0.00954072
-0.02159783
0.01564795
0.04056937
0.01128076
0.01432748
0.02027810
-0.00211001
-0.02907615
0.07823744
-0.00388359
-0.07606021
-0.01772225
-0.01511087
-0.01744835
0.02129829
-0.01575842
-0.01615458
0.00462536
-0.00630842
0.04897529
0.00183660
-0.00316317
-0.02318499
-0.05993769
0.00493042
0.09838159
0.00515170
0.02221265
-0.00213941
-0.05151172
-0.00469073
0.01787553
0.00174202
0.05847653
-0.09936858
-0.00436751
0.00677942
0.00147534
0.00239726
-0.05271643
0.00000878
-0.00371673
-0.03725879
-0.00855012
-0.00129280
0.00373535
0.00128911
-0.01936941
0.03311629
-0.00240897
0.00007902
0.02664118
0.01922881
-0.02597483
0.03101445
-0.02676639
-0.00878190
-0.03751400
-0.00589931
0.00411987
-0.02208113
-0.00428831
-0.00550296
0.03193559
0.00786516
-0.01010060
0.00648051
-0.01250195
0.03133989
0.00243799
-0.05377008
0.00743726
-0.03738522
0.00049420
0.03336587
0.10916390
0.04165826
-0.00799731
0.01439071
0.01054926
-0.02693073
0.10424236
0.01750302
0.10252765
0.05400701
-0.02659990
0.00563529
0.03193983
-0.04502998
-0.02748381
-0.00822631
0.03460033
0.00592539
-0.00857941
0.00868465
0.00681404
-0.00874923
0.05293193
0.01622388
0.03180752
-0.01617738
-0.00690259
0.00075603
-0.07862352
-0.01141454
-0.01667707
0.02871522
0.00484633
-0.03095441
0.04204782
-0.01239889
0.01984446
-0.00322963
0.02291060
-0.00112853
-0.04045660
0.00204430
0.03432463
0.01754310
0.00773503
0.00348605
-0.01512632
-0.04385503
0.03441508
-0.03325304
-0.03081516
0.01778116
0.01058788
0.03332451
-0.00797558
0.04447482
0.00731713
0.00515643
-0.00410683
-0.03640554
0.02011792
0.02665147
0.02686054
-0.01509977
0.01615584
-0.00368566
-0.00588914
0.00427346
-0.02766941
0.02547091
0.02003135
0.04233071
0.02056142
-0.05845739
-0.01652077
-0.03299202
0.05417667
-0.02220672
0.01131320
-0.01609411
0.03400345
0.01015211
-0.00134126
-0.00542544
0.05799583
-0.02774558
0.03150463
0.00242963
-0.02371731
0.00341468
0.00524466
0.11435845
0.01165553
0.01433069
-0.01135635
-0.00160372
0.06178877
0.02190595
0.12588806
0.01488233
0.00570429
0.00338433
-0.07473296
-0.01201110
-0.02408047
-0.02978746
-0.00697848
0.02818163
0.14751925
-0.02160305
-0.00880235
-0.03313114
-0.00137959
-0.03953726
-0.02369893
-0.02920985
-0.02126068
0.04956830
0.03129652
-0.10756879
-0.11516842
-0.03723224
0.02511874
0.09533326
0.02376465
-0.09388053
0.01945498
-0.01461159
-0.01291540
0.01074815
0.02122702
-0.04484281
0.00392418
-0.00279588
0.00280466
-0.00382070
-0.07106525
0.01047866
0.04295814
-0.00588562
0.00902173
-0.00320426
0.05562905
-0.05301547
-0.03674644
0.02804861
0.00077907
0.00962963
-0.01588228
-0.01543230
0.00997106
0.03200097
0.03734402
-0.04143143
0.00722478
-0.01751061
0.00541577
0.05358776
-0.05591759
0.01951847
-0.03138211
0.01081735
-0.03032125
0.01675108
-0.01903079
0.01851608
0.01621274
-0.01141948
-0.03100008
-0.00764399
-0.04998732
-0.01099558
0.04105015
-0.03401323
0.19947602
0.05126789
-0.01556499
-0.01991973
-0.02097736
-0.00379169
-0.00430274
0.07889139
-0.02125803
0.01758424
-0.03545696
-0.01086162
0.00064640
-0.03696159
0.01962818
-0.05704105
0.00506988
0.03923386
-0.11180320
0.00994171
-0.02514235
0.01247104
-0.00243453
0.01549102
-0.03985194
-0.01388559
0.01724316
0.01448465
-0.04993917
-0.01807473
-0.10686586
-0.01697763
-0.02275641
0.02553590
-0.06444121
0.07062659
-0.05344406
0.00140563
-0.02230072
-0.03925126
-0.03789920
0.06751995
0.03572853
-0.06108953
0.03856947
-0.08621739
-0.04889411
0.02625837
-0.01324608
0.07128017
-0.00539549
-0.02108764
-0.05073642
-0.03251591
-0.01433705
-0.04156612
-0.06069917
-0.02607010
0.00737959
-0.01067982
-0.06423961
-0.05305004
-0.00839836
-0.04481196
-0.03427927
-0.02277802
0.02813711
0.05443016
-0.01438859
0.01090029
-0.02452826
0.05092584
-0.03799577
0.05322272
0.04186627
-0.01956682
0.04686885
-0.01344773
-0.01476430
0.03597513
0.04001228
-0.03177327
-0.01648349
-0.00673149
0.02556190
-0.00765343
0.06403872
-0.00463761
-0.00798079
-0.03064723
-0.00718120
0.04838648
0.01952725
-0.02101341
-0.07327804
0.00072239
-0.04062616
-0.06771692
-0.02502776
0.03954757
0.01822657
-0.00288861
-0.00046528
-0.04496698
-0.01912385
-0.04873009
-0.02485647
-0.03993532
-0.01877549
0.08997632
-0.04054853
0.00148071
-0.01176751
-0.00395163
0.03864440
0.01347703
-0.00477794
0.00146420
0.00290829
-0.01075322
0.01940263
-0.02605630
-0.00629907
-0.06833223
0.00757095
-0.01830816
0.06284612
-0.01034173
-0.04186444
-0.01368113
0.01910320
-0.01004764
0.00863976
0.03418758
0.01039852
-0.04152820
0.03910556
-0.00986190
0.02773236
0.01588042
0.01479279
0.01716840
0.01264405
0.04315583
-0.00348317
-0.00467963
-0.04721143
-0.02915427
-0.01926854
0.01257565
0.00675217
0.02552670
0.02132427
-0.02778788
-0.01106030
-0.00029117
0.04027957
-0.03107408
-0.04211534
-0.00685590
0.05266770
-0.05548005
0.06230249
0.02184714
-0.01178130
-0.01747523
0.02162190
0.01643291
0.01856650
-0.11153458
-0.02230247
0.00807716
-0.03920269
-0.06521365
0.01632562
-0.05534937
-0.05604575
0.00833394
0.01934288
-0.02797738
0.03204135
0.00063680
-0.03148640
0.01173751
0.01415752
-0.00844241
0.00168947
-0.00677102
-0.02382526
0.00076213
0.05530565
0.02069326
0.04361340
-0.00830090
-0.04590504
-0.04995814
0.02015707
0.01685946
-0.04947954
-0.07582079
0.03269983
-0.03642141
0.02158738
-0.01944899
0.05047094
-0.09078478
0.01963625
-0.00091135
-0.03641478
-0.01476296
0.03673790
-0.00496201
-0.03547448
-0.01206357
-0.02463438
0.02238132
-0.03758113
0.01276620
0.01979346
-0.02224373
-0.03461372
-0.00265648
-0.03274379
-0.01851464
0.02276282
-0.00997470
-0.01710510
0.02004020
-0.01457657
0.01003351
-0.00681576
-0.01401202
-0.01571655
0.03026204
0.08242350
-0.00974193
-0.01197874
0.00031011
-0.01908121
0.00833757
0.00669590
-0.04691618
0.01025086
-0.01491382
0.00038464
0.02005931
-0.01630832
-0.02273315
-0.01756071
0.06541508
-0.01904722
-0.01851203
-0.01414258
-0.06284314
-0.01496395
-0.00214842
-0.03307328
-0.02385741
-0.00619766
0.00326992
-0.01400537
-0.01828654
0.05288608
-0.06387126
-0.02566718
-0.07440176
0.02064757
-0.00933379
-0.02601619
0.00526104
0.01253530
0.00942213
0.02370318
-0.01260165
0.03255698
-0.00477859
0.01569668
-0.02008034
-0.02348264
-0.01037140
-0.00636922
-0.02087230
0.01531134
0.00880565
0.05366451
-0.02702798
-0.03401090
-0.01851310
-0.03604732
0.00250726
-0.03126625
-0.00727108
-0.02499279
-0.01045951
-0.01987385
0.06481323
-0.00153459
-0.02075722
0.02482530
0.03925733
0.00726564
-0.00883260
-0.01007493
-0.03119195
0.01040711
0.00124325
0.05728097
0.02116731
0.05783414
0.01982793
0.03030887
-0.00536672
-0.02681351
-0.01263420
0.00579691
-0.01666862
-0.00110326
0.00011328
0.01476510
-0.00248453
-0.03566512
-0.00810888
-0.01486105
-0.00351207
0.02449064
-0.00910831
0.01356769
-0.00023860
0.02429897
-0.03097128
-0.05182672
-0.04323428
-0.01437753
0.00630777
-0.03952899
-0.06726184
-0.00659795
0.05213664
0.00064367
0.00422401
0.00753603
-0.01806462
-0.01490254
-0.01569229
-0.02908236
-0.06307881
-0.02637724
-0.00977258
0.00871782
0.05350744
0.00073885
0.03017611
0.02082777
-0.02416886
-0.00380192
0.00201619
0.02896579
-0.01148106
0.00083166
0.00763403
-0.01594756
0.02679575
0.00260348
-0.01419585
0.00836190
-0.00211557
0.00113823
0.01211957
-0.04562920
0.00914062
-0.02835075
0.01734118
-0.00168313
0.00863022
-0.01047492
-0.00718248
-0.00242189
0.02094015
-0.01409808
-0.01194038
-0.01549114
0.00367797
0.01733271
0.00473898
0.05278201
0.02184380
-0.00697798
0.00337040
0.00722126
-0.00479960
0.00188038
-0.00381357
0.00885195
0.00408926
0.01611496
-0.00159624
-0.01659071
-0.01549565
0.01220253
-0.00272380
0.00920795
-0.01928576
-0.06487633
0.01329431
-0.03536682
-0.02424965
-0.02415180
-0.01221430
-0.04360127
-0.03661646
-0.03999079
0.02294120
-0.00152598
0.01711728
-0.01788178
0.01395127
0.01400054
0.00591393
-0.01249891
-0.00410538
-0.00892779
-0.01704131
0.04030400
-0.00025284
-0.00885830
0.00422663
0.03546310
0.00023600
0.00439797
0.00701848
0.03799003
-0.01741847
-0.02576509
0.04266982
-0.00799608
-0.02219832
0.01089871
0.00505470
-0.00080677
0.01784663
-0.00839064
-0.01080663
0.01480568
0.01013407
0.04371046
-0.00917311
-0.00034504
-0.04293373
-0.02111124
0.00582318
0.00825855
-0.00475547
-0.01064857
-0.01437011
-0.04290616
-0.04098672
0.00196538
-0.00926259
-0.01280571
0.02243572
-0.02052429
-0.01701631
0.00366991
-0.01531272
-0.01818275
-0.00111520
0.04290330
-0.00589289
0.01533140
0.00582947
-0.00819925
0.02388811
0.00290426
-0.01534759
-0.01707864
-0.01645244
0.03218179
0.02161621
-0.00806678
0.01634280
0.00930601
-0.01941684
-0.00785684
0.00607493
0.00897102
0.02042551
-0.00666230
-0.00355610
0.00484810
0.00445826
-0.00118199
-0.00534706
0.05179052
0.03488185
-0.00031787
-0.01844753
0.00750237
0.00273351
-0.07714944
-0.00785227
0.00261292
-0.01605097
-0.01551068
0.00400860
-0.08434033
0.06188830
-0.00647848
-0.03115130
-0.01313496
0.01168807
-0.09334881
0.04020733
-0.03146129
-0.00995139
-0.00069822
0.05149787
-0.01222496
0.00129909
0.06049814
-0.04718614
-0.00974611
0.01691950
0.13861817
0.02577749
-0.02262894
-0.03023667
-0.03806085
0.11072788
0.00272045
-0.00177386
-0.01651605
-0.00228464
0.01356305
0.01938995
0.01279517
-0.00677382
-0.01683917
-0.00810080
0.01369576
-0.00165620
-0.01484661
-0.02883516
0.02407755
0.00365379
-0.03691244
-0.01883077
-0.00160278
-0.04085457
-0.01539644
-0.00323142
0.04570108
0.00155994
0.03240019
-0.02350980
-0.02081924
-0.00173973
0.03161383
-0.01748810
-0.00037683
0.00285259
0.05832875
-0.00939124
0.00130161
0.00710028
0.02526532
-0.01940775
0.00175834
-0.02500175
-0.01515468
-0.03699057
-0.01743240
0.04550252
0.10174485
-0.01916002
-0.03293916
-0.00424657
-0.03811284
-0.04636659
0.01249861
0.01203867
0.01243208
-0.01090914
-0.05488195
0.02704844
-0.03711520
-0.05082827
0.02498654
0.02355701
0.02181756
0.05644404
-0.03307590
0.04188193
0.00001297
-0.01995418
-0.03137693
-0.03752341
-0.02322936
-0.00497385
-0.03323799
0.00252068
0.00830354
-0.01565532
-0.01674481
0.03436293
0.00959804
0.00108028
0.00205111
0.01015087
-0.00417294
0.00263181
-0.03414422
0.01765379
-0.02587362
0.01874418
-0.00830516
-0.00731571
-0.03057140
0.04197703
-0.01014790
0.06419160
0.01267062
-0.01983070
0.02587835
-0.00864108
-0.02314125
0.01064302
0.00196055
-0.00541890
-0.01147356
0.03664681
0.01301221
-0.00237518
-0.03205747
-0.00723306
0.02245456
0.01023919
-0.01469162
-0.02708047
-0.00608788
-0.03309373
0.01670565
-0.02082772
-0.01054206
0.00818024
-0.00316139
-0.01096428
-0.03018484
-0.01267778
0.01132762
-0.00501370
0.02210098
0.02413671
-0.01980387
0.01113467
-0.03058273
0.01373828
0.01687534
-0.00885182
0.01762905
-0.02812342
0.03791793
0.00101993
-0.01385929
0.00344294
-0.00944110
0.01397728
-0.01960550
-0.00871948
-0.01398127
-0.01462368
-0.02088927
0.02552033
-0.01355912
0.00028527
-0.02026069
0.00296900
0.00394672
0.00028623
0.00053240
0.00301572
0.01633545
0.00400293
-0.04744923
-0.00303999
0.01930589
0.05152065
0.01571462
-0.00831054
-0.00922861
-0.02499032
0.01121304
-0.03962914
-0.10476693
-0.00472464
0.02496351
0.01639536
0.01365543
0.02603255
0.10714508
0.05660840
-0.08232417
-0.04753800
0.09627866
-0.03316754
-0.02691564
0.02732693
0.00362367
0.06023213
-0.08842135
0.07586576
-0.01913337
-0.04834464
-0.00377016
0.07995665
-0.02660006
0.00150417
0.00612147
-0.04923498
-0.06195802
0.00260462
0.02669864
-0.00410632
-0.01358360
-0.00595632
-0.04736443
-0.02544710
0.00945537
-0.00758728
-0.04469717
-0.01888736
-0.02809299
0.02049954
-0.06061791
-0.03849302
-0.00666502
-0.01312285
-0.01177000
-0.03009555
0.01823550
0.07424135
-0.07861425
0.03255585
-0.01559457
0.03646885
0.01733325
-0.01891435
0.09417973
0.01543728
0.02469160
0.06417573
0.14474180
0.02504531
0.00896788
-0.01239004
0.04656455
0.01374268
0.06006957
-0.00865675
-0.05271483
-0.14998935
-0.02038894
-0.03482990
-0.04379440
0.08825414
-0.11524182
-0.00910530
-0.07102830
0.01167717
0.02607061
-0.01163157
-0.00830832
-0.02761124
0.00819685
0.02879801
0.00168940
-0.05524470
-0.02920639
0.02069994
0.02372241
-0.01000605
-0.00951887
0.03687388
-0.01616542
-0.04302287
-0.01587376
-0.06785987
0.01782258
-0.00927017
-0.02821462
0.03350891
0.00768997
0.04353295
-0.05225748
-0.00516348
0.02060786
-0.01315858
-0.04855232
-0.04490988
-0.02599875
-0.02656636
-0.03592288
0.00676044
0.03350205
-0.02797559
-0.01150590
-0.05671342
-0.02314890
-0.02232042
0.00082533
0.03459979
0.00859984
-0.04727578
0.05991092
0.01848979
0.00919239
0.02471582
-0.01229316
0.00543699
-0.06036015
0.02039054
-0.04820186
0.10950667
0.00129714
0.00926387
0.02712736
0.02471403
-0.02338630
0.01236796
0.02570917
0.00933442
0.00362970
0.01887382
0.02187542
0.02130833
-0.00620439
-0.03411804
-0.03636390
0.00259455
0.01712462
0.04074055
-0.01331484
-0.02025660
-0.05519722
-0.00281477
0.02493077
-0.00518791
-0.03799641
0.00920006
0.05804354
0.02386008
0.02216151
0.05448237
0.08252648
0.01743908
0.00999927
0.01449994
0.00746610
0.00766339
-0.02733387
-0.00616954
0.03789695
0.00694594
-0.00100946
-0.03230259
0.00365628
0.00243887
0.00903470
-0.05464527
-0.02806408
-0.03588523
-0.02922710
-0.04392555
0.04061635
-0.03477843
0.04124460
-0.02763306
-0.03613231
-0.01176373
-0.02804585
-0.03325344
-0.05815850
0.00732538
0.05464111
-0.01580149
-0.00073208
0.00458475
0.00481500
0.04149968
0.01895877
0.00451493
-0.01374332
-0.03042570
-0.02803371
-0.00736284
0.01475555
-0.05480948
0.04084188
-0.01739657
-0.00001981
-0.01537959
0.00841608
0.06808339
-0.00886585
0.00123111
0.05700896
0.00898254
0.06257118
0.02487295
-0.03877871
-0.03659897
-0.04133659
-0.02240397
0.01430528
0.08843319
0.00064422
-0.00347169
-0.04301103
-0.01932827
-0.02637760
-0.00210467
0.01055733
-0.02017833
-0.01936341
-0.01259887
0.02537797
-0.03862989
-0.04071324
-0.01393856
-0.03257199
-0.00791320
-0.03155098
0.01252889
0.01655364
0.00035854
0.04924800
-0.02072001
-0.02754970
-0.04907854
0.02454462
0.04248876
-0.00765896
0.02751965
0.02690497
0.00046033
0.00632987
-0.00414502
0.06842109
0.00808506
-0.02545628
0.00014190
-0.00339749
-0.02684803
-0.02777491
-0.01531917
0.01105290
-0.03951377
0.00352135
0.01344914
0.00426059
-0.00367689
-0.03216277
0.01255992
-0.03449778
0.01695252
0.06602582
0.03100015
0.00501582
-0.02806543
-0.00151145
-0.01287196
0.00555314
-0.00729070
0.05012397
-0.00131396
-0.00958017
0.05137539
0.02604645
-0.01493075
0.06641040
-0.06051343
-0.02679400
-0.00985474
0.04042385
-0.01526176
0.02667132
-0.03448205
-0.02523997
-0.01844723
-0.01007941
0.01303315
-0.02055990
-0.01853235
0.00303556
0.00667131
-0.09907467
0.00248050
0.00860567
-0.01333588
0.01102561
0.01785177
0.00747338
-0.04070771
-0.02143023
-0.00471178
0.02280821
0.04085752
-0.00635190
-0.04577193
-0.01462089
0.06539067
-0.02532213
-0.00202251
0.01505917
0.01486321
-0.01024152
0.02131663
-0.01791253
0.00252371
-0.01062488
-0.01020679
-0.00293407
0.00444976
-0.00904268
0.00381232
0.03383073
0.01722186
-0.00306441
-0.01742846
0.01357593
0.01468473
0.02077696
0.03998873
-0.02718100
-0.04730655
-0.01541497
-0.02205513
0.00613198
0.01216993
-0.03735703
0.00639129
-0.00143967
0.00124451
-0.00703916
0.01441792
0.01917161
-0.00632871
-0.01052682
0.02269040
-0.01819492
-0.00106281
-0.00713976
-0.00316464
-0.01025472
0.03523236
-0.02347232
-0.01614452
0.01399742
0.03486773
-0.00036826
-0.02734000
-0.05030160
-0.00780874
-0.00485513
0.01861309
-0.02752354
0.04670452
-0.01171550
0.02647615
0.00251507
-0.05946532
0.02748420
-0.09173545
-0.00288024
-0.01026294
0.00756788
-0.04623885
-0.01519330
0.02119371
-0.01622373
-0.01013720
-0.04104657
-0.03017956
-0.00627158
-0.01646245
0.01936011
0.00005180
0.04149743
-0.03124622
0.01866233
0.01751771
-0.01198223
0.00716506
-0.03748438
-0.00852897
0.00156839
-0.01305808
0.02146850
-0.02183522
0.00621403
-0.03207466
0.00166328
0.03291447
-0.03592255
0.00905227
0.02457476
0.01350676
0.01716440
0.00078076
-0.00783482
-0.00369552
-0.04840460
0.04909800
-0.00942562
0.06534372
-0.09377626
0.01644746
0.00842776
0.01883315
-0.00755201
0.03677357
0.00751129
-0.00578692
0.02592980
0.02318713
0.05800699
-0.01293913
0.02813702
0.00692310
-0.00049451
0.01026084
-0.01869501
-0.00185929
-0.00602258
0.02671675
-0.02557883
0.01394304
0.06247302
-0.01584241
-0.01303368
0.01326458
-0.00690211
-0.04402659
0.01423141
-0.02087664
0.00757428
0.04514232
-0.01838578
0.00967673
0.00964270
-0.01066074
0.00681569
-0.01746176
0.00501990
-0.03428588
0.00390242
0.01642752
-0.07815371
-0.03901713
0.01149823
0.03980480
0.00178927
0.00326748
0.04396151
0.02298652
-0.03311333
-0.02054773
-0.02372225
-0.02427843
0.01122392
-0.04980292
0.02208536
0.06941802
-0.00424564
0.05275250
-0.00187109
0.02189390
0.03675868
-0.04919419
0.02323803
-0.00045332
-0.01559177
-0.05256878
-0.05066410
-0.00953897
0.01799528
0.00917561
0.01678932
-0.00500280
0.03560496
-0.05046907
-0.05188425
0.03381573
0.03940238
0.07655953
-0.00601484
-0.05605769
0.05177968
-0.01342275
0.06508620
0.03959966
-0.01525723
-0.00152766
-0.03502041
-0.00026651
-0.01279861
-0.00941307
0.01409287
-0.01601677
0.03842634
0.00360191
-0.01493694
0.01589455
-0.00171778
-0.03848686
0.00104217
0.00379708
-0.01375871
-0.01716791
0.03820987
-0.03883655
-0.00923593
0.00603657
-0.01894914
0.06609608
-0.04642223
-0.04953186
-0.00736724
-0.01066996
-0.00544658
-0.00456846
-0.03589858
-0.03607685
-0.05000899
-0.02542860
-0.02762006
0.01878475
0.00347798
0.01310066
-0.02170732
0.00475969
-0.00552572
-0.03179600
0.01249391
-0.00451309
-0.00666106
0.03977588
0.04058306
-0.01949913
-0.00155743
0.02632767
-0.02465139
-0.03764407
-0.01577651
0.02650350
-0.03268671
-0.02111198
-0.00896411
0.04397218
0.00920254
0.00602668
-0.04688411
-0.14505801
0.03076996
-0.05933029
-0.00534794
0.00024022
0.03479178
0.02616318
0.00565282
0.01053776
-0.02420744
-0.04123028
-0.03836147
0.06709031
0.03659191
0.03214904
0.02473825
-0.04073845
0.02269739
-0.00967393
-0.01141579
0.02905613
0.00426128
-0.03291284
-0.00306930
0.03706983
-0.00235064
0.05321210
-0.00730000
-0.03301541
0.05058977
-0.10611189
-0.03288363
0.03138578
-0.06128529
0.02857804
0.01400681
0.01372942
0.02346168
0.00433543
0.05417011
-0.05755147
0.00609903
0.00460653
-0.02580929
-0.01751486
-0.04924833
0.00504648
-0.03816035
0.00168953
-0.01040363
0.03591085
0.05370973
-0.00841908
-0.01736743
-0.04581628
-0.00237584
0.00076268
-0.02475033
0.04236584
-0.04045130
-0.01067733
0.02811123
-0.00623898
0.03262030
0.02036197
-0.00843952
0.04274456
0.00577059
-0.00178868
-0.01583184
0.02266564
-0.02714356
-0.00722890
-0.01315898
-0.00106859
-0.01798050
-0.00679446
0.00357276
-0.02387152
0.00580986
-0.10154984
-0.00644535
-0.02514484
0.00359240
-0.00984006
-0.01818811
0.02680103
-0.06780428
0.00466072
0.00995554
0.02691956
0.02665115
0.04698882
-0.02148059
0.03676093
-0.01281852
-0.02475605
-0.00194052
0.02979837
0.08078734
0.01473316
0.09789950
-0.03260059
-0.06764384
-0.01165510
0.00824538
0.00978702
0.04619755
0.00120186
0.02993742
0.00097880
-0.03457423
-0.03848561
-0.02719571
-0.00205312
0.04446012
-0.03320101
0.01666146
-0.01292280
-0.01529925
-0.04184517
-0.01188708
0.02254763
0.01111514
0.03070597
0.10925198
0.01406156
-0.01227510
-0.01627026
0.03731154
0.01351899
-0.01034759
-0.00020269
-0.03040211
-0.01663874
-0.04327772
0.00472325
-0.01926484
-0.00264027
0.00439629
0.07016631
0.01017400
-0.00086006
0.01193118
-0.01267279
-0.00211575
-0.01033888
-0.09076899
0.00808355
-0.01909444
-0.04838677
-0.02305243
0.00246748
-0.01422924
-0.00030646
0.02645961
-0.02794593
-0.00008681
-0.00056549
-0.03910422
0.01339781
-0.07178099
-0.01679044
-0.00137767
-0.00930769
0.02608502
-0.02022845
-0.00148995
-0.02316683
-0.02033697
0.02624298
-0.00849365
-0.00495881
0.01336264
-0.02453244
0.09358566
0.02308990
-0.01579989
-0.02216498
-0.04519706
0.02727589
-0.02611993
-0.03415890
0.01791517
0.03195259
0.00384510
-0.02025459
0.00159966
0.02506445
0.00165393
-0.02158806
0.01905180
0.00251849
0.02068692
-0.02694970
-0.02147792
-0.04568807
-0.01769914
0.00844260
-0.01285818
-0.01131185
-0.03134450
0.01326207
-0.06850362
0.01554204
-0.03429824
0.02302415
0.01706937
-0.01329574
-0.02377458
-0.00018195
0.04177622
0.04027721
-0.02068048
-0.01548528
-0.00962989
-0.00185640
-0.02017515
0.02973237
-0.02186715
-0.01691779
0.03346140
-0.01744572
0.00741841
0.00245336
-0.00191351
-0.05031753
-0.02684687
0.08627043
0.01137005
-0.00411086
0.02805929
-0.01795180
-0.04127686
0.00460594
-0.00066950
0.01649813
-0.02173426
0.00353334
0.03249244
-0.00969916
0.01012347
-0.01820704
-0.02178184
-0.03093148
-0.02331372
0.03044620
0.01118523
-0.00582047
-0.02018332
-0.01254792
-0.02606464
0.05797106
0.00910923
0.00703766
-0.01629539
-0.01798768
-0.03344930
-0.01124676
0.00829301
0.00290140
0.03458871
-0.00278031
0.00459004
-0.00902040
-0.02732351
-0.00226665
0.01256242
-0.00834188
-0.02037040
-0.00439708
0.01121320
-0.02113534
-0.02336109
0.05442758
0.06417780
0.01201518
-0.02039137
0.01498767
-0.01269864
-0.00014804
-0.01767505
-0.00799527
0.00224067
-0.03982026
0.00529825
0.00656199
-0.02816371
0.01344168
-0.02520538
0.00656635
-0.00861979
0.00356465
-0.04578285
0.01275392
-0.07081883
-0.04019887
-0.08313616
0.03967829
-0.02725958
-0.06111369
-0.01372362
0.00943734
0.08743067
-0.00983968
-0.04772709
0.03117225
-0.03611927
0.04721333
-0.01032524
-0.03658589
-0.05035622
0.10839979
0.02760815
0.03289276
-0.06126063
0.08883811
0.02918779
0.01259061
-0.03691019
0.03526947
-0.03732580
0.04322472
-0.06323383
0.03549512
-0.05108619
-0.00507600
0.03285607
0.00630798
-0.00664122
-0.04786596
-0.02901388
-0.03031497
-0.01675829
0.00223617
-0.01915449
-0.00582602
-0.04157728
-0.02711102
-0.03934029
-0.00711934
-0.08522764
-0.05190708
-0.00297514
-0.03271377
-0.02906300
0.04971649
-0.02207405
0.01600522
-0.05364849
0.02184253
-0.01483925
0.00841341
-0.00327172
-0.02935024
-0.03752012
0.01638659
0.02209573
-0.02181039
-0.03177262
-0.04171757
0.06779724
0.06908496
0.00266592
-0.02927381
-0.00529482
-0.05838532
0.07196419
-0.02155109
0.01460148
0.01332301
-0.06956531
-0.05716345
-0.00914486
-0.05042707
0.05064655
-0.03344028
-0.01171015
-0.02709026
-0.01252647
-0.04556146
-0.00132383
-0.01770511
-0.04070055
0.06001828
-0.06963452
-0.04305468
-0.03103029
-0.00713106
0.05002721
0.01949603
0.02277801
0.02719726
-0.01815557
-0.00677948
0.02415432
-0.04478405
-0.02214252
-0.01990201
0.01323556
0.03744982
-0.01831717
-0.03196525
-0.01484324
0.01336138
-0.00655187
-0.03289332
0.00267558
-0.01900878
0.01261601
0.01331234
0.00764540
0.02785376
-0.04890761
-0.00024854
-0.00927024
0.01228255
-0.02178361
0.01397461
-0.00819733
0.07057811
-0.02263813
0.02347607
-0.00876520
0.01330771
0.01232790
0.01788217
0.00563949
-0.01232880
-0.01238063
0.01093555
-0.00029275
0.02864642
0.00628414
0.00623945
0.09685934
0.01042163
-0.01147180
0.01959463
0.03042258
-0.01736096
-0.02118614
-0.01194622
-0.04523451
-0.04310015
-0.01309461
-0.01784906
-0.02658779
-0.00683622
-0.02186748
0.00269053
0.00817045
0.01104464
-0.05093677
-0.00409407
0.03823604
0.03835344
-0.02132186
0.00024725
0.05010976
-0.02904936
-0.00579256
-0.04671502
-0.00314845
0.00473130
0.00279092
-0.00066180
0.02968577
0.02768523
0.01223734
-0.01379806
-0.00453442
-0.02322720
-0.00792971
0.00620382
0.00741534
-0.00688929
-0.00493526
-0.02287797
-0.01180372
-0.00830774
0.02651240
-0.02065415
-0.03101353
0.03634126
-0.15844387
-0.04330804
-0.01976033
-0.01222361
-0.02717890
-0.00640606
-0.04506600
-0.01046243
0.02402212
0.01292475
0.01579815
0.06051381
-0.12532033
0.02384937
-0.04472255
-0.00290072
-0.05172545
0.02812960
0.01300469
0.01642941
0.08523087
-0.05973677
-0.07096740
0.08675521
0.09838255
0.02256018
-0.02085794
-0.02294507
-0.11576223
0.08852457
0.00749041
0.05484557
-0.03641017
-0.01752542
-0.02088479
0.00765383
0.02928879
-0.05178732
-0.03960657
0.01102704
0.07871160
-0.00345922
0.01411982
-0.00829058
-0.03509362
-0.03526308
0.04803872
0.01375338
-0.02423413
-0.02282595
0.03041664
0.00080932
-0.03186486
-0.00738762
0.02421600
-0.01837397
-0.06414995
0.04952982
0.00162856
-0.04141966
-0.00825554
0.04008877
0.08993905
-0.01698455
0.03145013
0.00461792
0.03145530
0.00744909
0.02740747
0.03202820
0.00640153
-0.01314512
-0.01687235
-0.00479899
0.08889668
-0.04875220
-0.03473027
0.05218692
-0.11423484
-0.05051909
0.01583769
0.01292634
0.00880372
0.00726784
-0.00168940
0.03336550
-0.01979602
0.01552446
-0.01821376
-0.03133592
0.01051940
0.12933414
-0.00220731
0.02084246
-0.00227188
0.00606930
0.00623425
-0.04830680
-0.04708953
-0.01892835
0.00727630
-0.01053545
0.04040924
0.08412930
0.00277446
0.00248282
-0.05798854
-0.00409614
0.05764807
-0.00791071
0.01033471
0.00108980
-0.07251158
0.05045704
-0.05252476
0.03607494
-0.02599617
-0.07311848
0.03164990
0.08480467
0.00341379
-0.00572254
0.01975070
-0.01299903
-0.05908573
-0.00378600
0.02342765
0.02741593
0.02578474
0.01316197
-0.06214024
-0.02083986
0.01189247
-0.01669064
-0.00020948
-0.02269167
-0.00029554
-0.00640621
-0.01468582
-0.01405131
-0.01220359
-0.02491227
-0.04008311
-0.01294977
0.01025852
-0.01662543
-0.01935010
0.02580119
0.00994606
0.02174954
-0.00635253
0.03021782
0.09530056
0.02015193
0.00157577
0.03768599
0.05523736
-0.00695192
0.02714617
-0.02448835
0.11736405
-0.00312036
0.01500556
-0.00513916
-0.01129968
-0.15694536
-0.04306315
-0.02983243
-0.00983678
0.03640749
0.00978186
0.00065995
-0.08774143
0.00134977
0.05218668
-0.01306000
-0.01069715
0.00157384
0.00528490
0.02219947
-0.01738617
-0.00979123
-0.02822809
-0.02546914
-0.00467149
-0.06482740
-0.00468064
0.03310023
0.02087482
0.00106309
-0.01236041
0.00226388
0.00027431
-0.01375376
0.07752892
0.00441713
0.02979640
-0.02789632
-0.05674571
0.01629118
0.08624659
-0.02361179
0.01397029
-0.03982036
-0.00148858
0.05566917
0.04867955
0.00963100
0.06553242
0.02268579
0.01556310
0.03716861
0.03814991
-0.02777009
0.06702894
0.03791696
-0.05873288
0.01503152
-0.01147473
-0.00663882
0.09658772
0.06145080
0.00472974
-0.03502946
-0.03150410
0.02252373
-0.00233783
-0.03140698
0.01118664
-0.01645167
0.01267542
-0.00748690
0.02367705
-0.07156085
0.04740909
-0.02638833
0.05223994
-0.00060396
-0.06225690
-0.03603834
0.03014084
0.00236594
0.00239826
-0.02328954
0.03292934
-0.00234408
-0.00556734
-0.05762971
0.01539940
0.01597213
0.03220010
0.04194555
-0.03994088
-0.03682267
-0.11210585
0.01840040
-0.04724499
-0.00092383
-0.08469708
-0.00985448
0.00434902
0.01242791
-0.01376831
0.00472723
-0.00257792
-0.03375375
0.05956417
0.07146031
0.02421543
-0.00295282
0.03661595
0.06212726
-0.02119378
0.04090804
0.00539676
-0.00754773
-0.01298951
-0.04747744
-0.04858852
-0.07354146
0.00816653
-0.00239691
-0.05437746
-0.17850196
-0.00214852
0.04717935
0.00974992
-0.02190388
0.05423422
0.00296079
0.01702511
0.02328241
0.02206153
-0.01844371
0.06981817
-0.04284433
0.00616906
-0.01878661
-0.04428218
-0.06083065
-0.02633097
0.00435319
0.01277153
0.00487931
-0.00930741
-0.03722405
-0.00052734
-0.01094261
-0.02708575
0.00250079
0.02591139
0.00081482
-0.03912504
0.00409098
-0.00657457
0.02987901
0.01719932
0.01656946
-0.00503181
-0.02546690
-0.03733848
0.00895902
-0.01939893
-0.01873084
0.00825155
0.03118047
-0.01925693
0.00094380
-0.02472537
0.00178507
-0.01064903
0.02362830
-0.00988067
0.03213332
0.03563761
0.00356303
0.00651838
-0.03522958
-0.00390470
0.05941768
-0.06489421
-0.01314888
-0.02163033
-0.02416581
-0.01385412
-0.01933906
-0.01004899
-0.02732070
0.00035836
0.00927908
-0.02483412
-0.00107758
-0.00922595
-0.01984038
-0.04832403
-0.00860140
-0.01013362
-0.00101351
0.01276318
0.00030939
-0.00138978
-0.02216468
-0.01456502
0.03717465
0.00191399
-0.04018228
0.03101765
0.03823343
0.01773815
-0.03534728
0.02167833
0.01087967
-0.00912971
-0.02456786
0.01279893
0.03025896
-0.07042090
-0.03235665
0.02651630
-0.03543297
-0.00314805
-0.05830749
-0.01646883
0.01414022
0.00913586
-0.00665546
0.01787569
-0.00167265
0.00265212
0.01572076
-0.03406174
-0.01509309
-0.04402861
-0.00305212
-0.00532848
-0.02782581
0.02459884
0.02252979
0.03062280
-0.00078770
-0.00449221
-0.03260681
-0.00703129
0.02944251
-0.06645936
-0.03545858
-0.01761608
-0.06850434
0.04526517
0.06463131
0.00364797
0.00689370
0.00086561
-0.06128800
0.00222600
-0.00527294
0.00136851
-0.00767557
-0.01108256
-0.02458969
-0.03064967
0.03971584
0.01712373
-0.01960032
0.04196417
-0.00074750
-0.01285189
-0.04294352
-0.02453349
-0.01980284
-0.11968551
-0.02617668
0.00090745
0.00088999
-0.02733185
-0.01580378
-0.01974541
0.00205301
0.02547446
0.02436536
-0.07453513
0.02727417
-0.04665361
-0.01917258
0.00680752
-0.01819554
0.05762590
-0.03159538
0.08231721
-0.00310296
-0.00752284
-0.00386604
-0.03970547
-0.00552856
-0.01182835
0.00303514
0.02215864
0.07645032
0.01544753
0.06467722
-0.01754666
0.03581459
0.05502030
-0.01864725
-0.09928276
-0.05588014
-0.03961526
0.04898577
-0.03398056
-0.03008735
0.00046134
-0.03438866
-0.06274308
0.00347517
0.03941115
0.03924008
-0.04138510
0.08267064
-0.01286660
0.04479135
-0.00283664
0.02205063
0.04383243
0.02243804
-0.01896604
-0.01390275
0.02145545
0.00645731
-0.00220179
-0.00919912
0.00277119
-0.00588225
0.00898812
-0.01413668
-0.01486882
-0.00149306
-0.04034159
-0.00364171
0.01854723
-0.02598926
-0.00624211
0.02192119
0.03727059
-0.02577949
-0.02304467
0.00208141
0.01834695
-0.01559966
-0.01719680
-0.03851669
-0.00228338
0.07965334
0.00024573
-0.00511676
0.00552651
-0.01152140
0.05238052
0.01568373
-0.02177141
-0.00172196
0.02021827
-0.01633108
-0.00441126
-0.00668102
-0.01020975
0.03796975
0.00826909
0.03694254
-0.04796772
-0.01451293
-0.02239569
0.00513638
-0.00383774
0.01629305
-0.04006924
-0.02632497
0.01366599
-0.02630977
0.02117865
-0.00659879
-0.01185581
0.02838292
-0.01408606
0.01784375
-0.00475667
0.00218765
0.00763416
0.00244599
0.01705854
0.01138196
-0.00387656
0.03935107
-0.00757358
0.01795637
-0.00594927
0.00509139
0.02575344
0.02420448
0.01175614
0.01368918
-0.00190444
-0.00763337
0.01336893
0.02290878
0.01449520
-0.04560692
0.01286179
0.03005436
-0.02156078
0.00065638
-0.00921480
-0.04861685
0.01812775
0.00303273
0.03187054
0.02190557
0.02876820
0.02990628
-0.01164240
0.02569758
-0.00408673
0.00090116
-0.03348164
-0.04320076
-0.03918816
-0.00427532
-0.01734947
0.01804847
0.04788302
-0.02535642
-0.00275956
-0.00602285
0.03208795
-0.01640992
0.00395401
-0.02159556
0.03638666
0.00075992
0.04178547
-0.02232255
0.03833701
-0.00576628
0.00712791
0.02164219
-0.02951119
-0.05935490
0.01467569
0.04425401
-0.01085244
-0.02145127
0.03104999
-0.00873608
-0.00014369
-0.01551384
-0.00488293
-0.02316250
0.00551245
0.01236053
0.03129079
0.02491291
-0.01918526
-0.00726066
-0.05021972
-0.00247132
0.01503881
-0.00030852
0.04008043
-0.03339503
-0.02730708
0.03980271
-0.03286878
0.04916676
-0.00368241
-0.02457570
-0.02712905
-0.02967270
-0.00590234
0.00115091
0.00733730
-0.00767417
-0.02462470
-0.01068605
-0.00345488
-0.00429500
-0.02248416
-0.02510243
0.02832227
0.02585069
-0.01930009
-0.02772772
-0.01272684
-0.00387253
0.09023570
0.02690163
0.05140113
-0.03748043
0.02507409
0.00179510
0.04464879
0.01354401
0.00987075
-0.01224882
0.02432985
0.00983740
-0.02552107
-0.01413069
0.02102420
0.00628600
0.01953271
0.02218043
-0.00037518
0.01625043
-0.02000413
-0.04023102
0.04037004
-0.03404848
-0.04688879
0.00690734
-0.05803047
0.00184408
-0.05997034
-0.04299238
0.02036401
0.01861848
-0.06182821
0.03192722
0.04048269
-0.05398272
-0.01080723
-0.01830504
-0.01413986
-0.01083843
0.01526732
0.04487557
-0.00569223
-0.01185671
0.05910787
0.06004277
-0.02739673
-0.04148940
0.05060265
0.00524431
-0.01396773
0.04487318
-0.02813998
0.00455316
-0.00840981
-0.07575767
-0.04380853
-0.00396545
-0.03142372
-0.04497959
0.00799742
0.03751409
0.02361379
-0.00279469
-0.01731793
-0.02556308
-0.07243199
-0.03347784
-0.07577150
-0.02407502
0.03618062
-0.01046751
-0.03283510
-0.01429601
0.03533528
0.05556361
-0.01382346
-0.00279874
-0.01560702
0.00627839
0.02433877
-0.05456188
-0.01200170
-0.00911274
-0.00958642
0.00980666
-0.07602328
0.00004424
0.03256522
-0.00011823
-0.03020358
0.01642155
0.01653915
-0.01488016
0.07724017
-0.02508116
-0.04101361
0.02368903
0.04470775
-0.02767478
0.02595028
0.01351957
-0.01916010
0.00688342
-0.01009255
0.01364022
-0.02196740
-0.01303777
-0.04378354
0.00452807
-0.00281666
-0.00513988
-0.00696316
0.02568392
-0.00071196
0.05435233
0.02224405
0.05915644
0.00450379
0.01362805
0.03473650
-0.02705490
-0.00482878
-0.01082106
0.00765328
-0.03241566
-0.05481921
-0.03964945
-0.01813132
-0.01102019
-0.02369883
-0.04791528
0.03779001
-0.04648782
0.00016947
-0.01201568
-0.02259564
0.00063949
0.03237656
0.02357214
-0.04470439
0.01374342
-0.00118898
0.01081006
0.02101300
-0.04313627
-0.04919725
0.02372259
-0.06950465
0.05501718
0.01834572
0.02355657
0.01029626
-0.01917030
-0.00902545
0.02011672
-0.00021761
-0.03270655
-0.00364332
-0.04852131
-0.00511896
0.04501436
0.04064039
-0.02137065
-0.04089371
-0.03421338
-0.00570642
0.00379925
0.00648883
0.03454426
-0.01176598
-0.02345322
-0.00895008
-0.03811898
-0.02812343
-0.01956369
0.00136343
-0.00593168
-0.06610667
0.02147867
-0.05082552
0.00292120
0.01055782
0.01216162
-0.02330847
-0.01035743
0.03519924
-0.00141020
-0.04431204
-0.01032300
-0.02019441
0.02019872
0.01154792
-0.00126853
0.07225163
0.04078678
-0.02946659
-0.03800777
0.00314418
-0.05641767
-0.05495823
0.00652485
-0.01094634
0.01047120
-0.00464470
-0.02547395
-0.02796123
-0.05970673
-0.01463967
-0.01715721
-0.03754031
-0.04644345
-0.05952098
0.02242129
-0.02620216
-0.01133565
-0.03644437
-0.08556478
-0.01648795
-0.05620748
-0.01606019
-0.02204784
-0.01553208
0.00311737
-0.00782169
-0.04887404
-0.01433211
-0.02784507
-0.05726473
-0.07044666
-0.01509090
0.01396701
0.02388567
-0.03134699
0.01678590
-0.00194718
0.10535243
0.03285343
-0.01017717
-0.04136202
-0.04952474
0.06840329
-0.01151507
0.05376745
-0.01061879
0.01714153
-0.03271253
-0.06876443
-0.01973884
-0.04065976
-0.01776231
-0.05392513
0.06027808
0.02695394
-0.03557897
0.02949701
0.01430888
-0.02234469
0.00705280
0.02213075
-0.05194544
-0.04316190
0.05337999
-0.01784112
-0.03850462
0.04291318
0.06325157
0.08642667
0.04457811
0.02024188
-0.01490122
-0.05073670
0.02485630
0.00565783
-0.00072626
-0.02585131
-0.01166595
-0.01850488
-0.00337104
-0.02913025
-0.02356611
-0.00293953
-0.00923417
-0.00113122
-0.00621335
0.00403562
-0.03882053
0.01869466
0.00714784
0.00205261
0.00527243
-0.07339473
-0.00880012
-0.03888666
0.02492472
-0.00042169
0.07032859
0.02158132
-0.03794382
0.04599041
-0.04854607
0.00835152
0.04290884
0.00807409
0.00335605
-0.09295730
-0.01859881
-0.01624740
-0.02036053
0.03717141
-0.03516330
0.01527707
-0.01541330
0.04435515
-0.01085433
-0.01014443
0.03605343
0.01844239
-0.06572146
0.01491431
-0.08310198
0.00606425
-0.01555850
-0.03935244
-0.03552951
-0.05245877
-0.02446021
-0.00614301
-0.00286118
-0.06032526
0.00765717
0.03677633
0.07052467
-0.02740343
-0.00569093
-0.02345498
-0.04831731
0.03120362
-0.01946689
-0.03553355
-0.02588682
0.00636153
0.01044816
0.02628525
-0.00836937
0.00628931
-0.01159488
0.03160449
-0.02730403
0.00930160
0.00515078
-0.05126293
0.01345487
0.00163721
0.02691061
-0.00141890
0.03505603
-0.00593015
0.00077852
-0.02094608
0.03524086
0.02735454
-0.02914641
-0.07198475
-0.00058252
0.00540309
0.01682148
-0.01293107
-0.00521506
-0.05987021
0.06547756
-0.01921007
0.01775244
0.02604268
0.02802447
0.00869540
0.00372895
-0.02617157
-0.01012943
0.00684610
-0.04356231
0.02400106
0.02923439
-0.02763117
-0.02318544
-0.02110873
-0.02332674
-0.05248779
-0.00000816
0.01230662
0.00874306
-0.02645957
-0.03019926
0.02661549
-0.03627378
-0.04670659
-0.00458034
-0.00842908
0.01122635
0.02989073
0.00381209
-0.00277893
0.03383335
0.01949034
0.02326814
0.05330503
0.01294020
-0.00217738
0.01637393
-0.00986215
-0.06850223
-0.00112233
-0.01376915
-0.01469636
-0.01049968
-0.00623949
0.04680187
0.01714771
0.04104919
0.00964496
0.03640711
0.01099124
0.00908295
-0.02762276
0.00895328
0.01831453
0.02451994
-0.07039627
-0.01337081
0.01218520
-0.00060935
0.01805470
0.01774002
-0.02676501
-0.00381796
0.04051660
0.06368038
0.03719296
-0.04337465
-0.00037346
-0.02008288
0.02511838
0.03021025
0.02696525
-0.05179473
-0.00129870
-0.01992936
0.00363818
0.00975683
0.01442195
-0.01859939
0.01312320
0.00188637
0.01424977
0.03753425
-0.03568468
0.01130211
0.00691759
-0.01318462
-0.03571912
0.00396782
0.01084562
0.01825372
-0.01196433
-0.00298761
0.00958228
-0.01325810
0.00035162
-0.02575641
-0.01874872
0.00787258
0.02645617
0.02027393
-0.01789189
-0.00076513
-0.02597179
0.00716541
-0.00969818
-0.02236091
0.03970279
0.02764784
0.00797832
0.04972775
0.00770045
-0.01305644
-0.01579419
-0.00749290
0.01613347
0.01519441
0.04026560
-0.01889179
-0.06066944
-0.01890269
-0.01197578
0.01191404
-0.04526072
0.00423030
0.04910938
-0.02760130
-0.01334395
0.00075030
0.00886708
0.07169013
-0.06945580
-0.01416709
-0.01624878
-0.14094731
-0.02238686
-0.05847934
0.04001530
0.03606868
0.02198150
0.00953355
-0.02624536
0.00393958
0.00784791
-0.08806247
0.02102012
-0.02671988
-0.11584536
0.06366459
-0.02929302
-0.13360457
-0.04498526
-0.01825975
-0.02763841
-0.03652671
0.05243092
0.00839172
-0.02601476
-0.06647626
0.12711072
-0.00419920
-0.01116878
0.00755193
0.00779824
0.01737647
0.03635369
-0.03146337
0.01950549
0.00469012
0.01038641
0.00392069
-0.00916835
0.01548894
-0.00088428
-0.08157691
-0.06068633
0.02955009
0.02278410
-0.00296951
0.02343569
-0.06389695
0.00671807
0.04242424
0.09722376
-0.00476318
-0.02936195
0.02708083
-0.07212156
-0.04561244
0.01418126
-0.00862101
-0.03669757
-0.05424729
-0.03635960
-0.00315235
0.00129567
-0.00402324
-0.00460626
-0.00963344
-0.04594746
-0.06871000
-0.04597032
-0.02264692
-0.04574780
-0.00358435
0.04341223
0.09604033
-0.03834371
-0.05880072
0.00765653
0.00930004
-0.02993538
-0.05772801
0.01849836
0.00056914
-0.01930533
-0.05661925
-0.02936929
-0.06494448
0.14102034
-0.01870316
0.01722090
-0.01581127
-0.03897014
0.03687097
0.03922999
0.04160836
0.03159062
0.03354858
-0.02684971
-0.04733416
-0.03061240
-0.00073814
0.02688206
-0.02040523
-0.02306263
0.00113950
-0.02445929
-0.00396470
0.01002925
-0.00337023
-0.02080204
0.01132836
-0.01100403
0.01974027
-0.03105325
0.00179693
-0.06481947
-0.02935309
-0.03337964
-0.01372554
0.04874419
0.00644004
-0.02653234
-0.03247948
0.06248049
-0.02315168
0.00748922
0.01416353
0.00988620
0.01052521
0.01446750
0.00014738
0.00361224
-0.00570573
-0.00790224
0.02873362
0.01112992
-0.03949211
-0.00185170
-0.00340361
-0.01133487
-0.00176647
-0.02738342
-0.01093108
0.00233348
-0.04050859
0.01422866
-0.02924245
0.01818368
0.01823253
-0.03486208
0.00338812
-0.00771330
-0.01818775
-0.03164309
-0.02674548
0.01377397
-0.03505159
0.01481252
0.03059629
0.01061269
0.00528791
-0.01356076
0.02171030
-0.00725381
-0.02382413
-0.02224587
-0.02506337
-0.01052994
0.04188395
0.02210216
0.07900626
0.00577621
-0.00056338
0.03111096
-0.00764762
-0.00715173
-0.02333978
0.00436030
0.00530253
-0.00976142
-0.00425719
-0.00167842
-0.02434377
-0.04385106
-0.01165307
0.07552765
0.02898383
0.01145441
0.00058936
0.03471928
0.02795938
-0.00890498
0.01558301
-0.01270470
-0.07103705
-0.01363981
-0.05155829
0.01787988
-0.00747519
0.00097445
-0.00674666
0.01029729
0.05787216
-0.01835459
-0.03082882
0.00446939
-0.00021615
-0.02492696
0.02904784
-0.00404125
0.02001851
-0.00465179
-0.03545413
0.01288641
-0.03210028
0.01072939
0.02321102
-0.01135906
-0.02801669
0.07722218
-0.02541832
-0.00647514
0.00055538
0.00756046
0.01300983
0.00278185
-0.02087395
-0.05069576
-0.00701690
0.03872959
-0.00100305
0.01290030
-0.00474487
0.01318086
-0.09807209
-0.00201741
-0.01365027
-0.02639221
-0.00455733
0.00951600
0.01462502
-0.02438453
-0.01482439
0.00879094
-0.01668076
-0.00906442
0.00575458
-0.01169943
0.00790377
0.00192745
0.00655691
0.01264690
0.00118627
0.02758012
-0.00146597
-0.01782136
-0.03111288
-0.00983576
0.02677779
0.01720436
-0.01602605
0.01836671
0.01531958
-0.02142049
0.04747102
0.04502005
0.02334883
-0.00191799
-0.02869518
-0.01087244
0.03019410
-0.01140464
0.04512822
-0.01440526
-0.04704212
0.02401769
0.01164302
-0.01230366
-0.02037741
0.02662715
-0.00535712
0.03513291
-0.01236758
-0.01279581
0.02308844
0.00046229
-0.03037591
-0.04259651
0.11047553
0.01971603
-0.00115232
0.09980581
0.02961728
-0.04802931
-0.04938745
-0.03100245
0.06452350
-0.03705387
-0.00468229
0.00608663
-0.00873467
0.01390561
-0.01745078
0.02114262
-0.03619138
-0.06909136
0.02346739
-0.03075258
-0.02650227
-0.00233898
-0.01785104
-0.00418046
-0.06716003
-0.01432661
0.03986935
0.00320293
0.06480405
0.03601243
-0.05607734
0.03236483
-0.05525509
0.01541818
-0.02551435
-0.02505654
-0.10116931
-0.02432664
-0.02165316
-0.01300727
0.00824486
-0.03930251
0.03241507
-0.01876362
-0.03886465
0.07975785
-0.01324103
-0.03493326
0.01684918
0.01122514
0.00457577
-0.03043205
0.09262698
-0.00641233
-0.01981893
0.03842893
-0.04331665
0.05461464
0.04517933
0.06364644
-0.00642890
0.05888689
0.00808798
0.01069509
-0.00730582
-0.05374834
-0.03094207
-0.02773978
0.00379567
0.04574287
-0.06240321
-0.03876309
-0.03223742
-0.00378450
0.06194328
0.03347657
-0.00292355
0.02412184
-0.06242307
-0.02261319
-0.00486279
0.02091447
-0.04330821
-0.03136685
-0.05755102
-0.00783938
-0.00043649
-0.05623278
0.06974145
0.02026163
-0.04339174
-0.04869334
0.01689629
-0.01157478
0.01088612
0.01604257
0.00033661
-0.02299181
-0.00627930
0.02826155
0.02701581
0.02211165
0.01326243
-0.00271500
0.01268936
-0.00472821
0.05567674
0.02604861
0.02780320
0.02349284
0.01005425
0.02033877
-0.01924281
0.01552789
0.02867373
0.00399287
-0.00503450
-0.01527263
0.00994357
0.01292091
0.00815172
-0.00046093
0.00225326
0.00940696
0.00691825
-0.00614552
-0.01438083
0.00013781
-0.01019127
0.04682135
0.04311137
0.03391595
-0.02623962
-0.00377254
0.02264824
0.01342153
0.00783370
-0.01935803
-0.03909023
-0.01010600
0.01102619
0.00758589
-0.02597498
-0.00698606
-0.00746440
-0.00312284
0.00013498
-0.01384674
0.03186619
-0.00265470
0.00411673
0.00768927
0.00396814
0.01240037
-0.00102415
0.00016699
0.01447506
0.00454237
-0.00744599
0.03109686
0.00700945
0.00863542
-0.00511778
0.03812940
0.00393034
0.00536737
-0.02996498
0.01299394
0.01528817
-0.00047656
0.01484811
0.04024506
0.01277814
0.01004638
0.01004954
0.03948453
0.00537811
-0.03086253
-0.00176653
0.00775370
-0.00733912
0.01526773
0.02245143
-0.02250226
0.03886905
-0.04386329
0.02771597
0.00113056
0.01102785
-0.02704631
-0.02750531
-0.00602073
0.00993570
-0.01022415
0.03197660
0.02002745
-0.00823371
-0.00130472
0.00255320
0.02347038
-0.02729009
0.00884569
0.00255600
-0.00946027
-0.04373780
-0.00258039
-0.02653700
-0.02583728
0.00359323
-0.01167900
0.01175682
0.03301484
-0.01302669
0.03999351
-0.01744611
0.00848177
0.01777107
-0.01040684
0.01447061
0.08079310
-0.00198241
-0.02817309
-0.01894437
-0.04063810
-0.02689420
0.05231291
0.00082075
0.02965296
-0.02829525
-0.00158690
0.00992119
-0.00533167
-0.00442677
0.00097819
0.08385260
0.01514314
-0.00169729
0.00599841
0.01086731
-0.03461097
-0.01289099
-0.02568096
-0.02754957
-0.09588443
0.01371045
0.00463921
-0.01006580
-0.00155040
-0.02539149
0.02083112
-0.01778565
-0.00546026
-0.00099623
-0.02220521
-0.03672619
0.01281114
0.01222701
-0.02961167
0.00308479
0.00343518
0.00408599
-0.00803646
0.02303066
0.01158658
-0.06846394
0.02207379
-0.01544181
-0.01337326
0.01424532
-0.00023655
-0.07427274
-0.00279269
0.00211474
-0.01681375
0.00216967
-0.00303855
-0.00334517
-0.01747520
-0.03570471
-0.04337539
0.01079309
0.02285304
-0.02389626
0.01566670
0.00304655
0.03631866
-0.01056938
-0.03035681
0.00677590
-0.01778721
0.03552501
-0.02455941
0.00289495
-0.00230380
-0.01913489
0.01557433
-0.02552759
-0.00718586
-0.02526077
-0.00135865
-0.01230877
-0.02684484
-0.05154857
0.03080223
0.01719484
-0.02244011
-0.01325842
-0.05704287
-0.06562760
0.04335254
-0.02854970
0.00019397
0.03076889
0.00543768
0.04193183
0.06351312
-0.04572239
-0.02249716
-0.01731467
-0.02235773
-0.02882594
0.00204290
0.01086368
0.01282325
-0.05157715
0.00355853
-0.02879392
-0.02933192
-0.03415112
-0.03312246
0.05787519
-0.00775981
-0.01125552
0.02900869
-0.00293786
-0.03651163
-0.03540243
0.00089329
-0.00632983
-0.10971723
-0.03871845
0.06516786
-0.02728457
0.00107089
0.08252157
0.04659411
0.02400138
0.07177646
-0.00697188
-0.00274314
0.00021303
0.03288447
-0.06817367
0.03643192
-0.00438913
-0.02188358
-0.01407428
0.01430152
-0.03104980
-0.02743931
0.00572861
0.01309164
-0.00791555
0.03751903
0.00128782
0.00740709
-0.02008873
0.00223341
-0.00435013
0.00860222
0.02330481
0.04000841
-0.04244815
0.00862639
0.02238762
0.02379856
0.04072254
0.01941742
-0.02735805
-0.01418520
0.02235864
0.03313674
-0.00346680
-0.05940758
-0.00304710
0.01999481
-0.01797926
-0.09006553
-0.00202966
-0.05089715
0.01050362
0.03320442
-0.06814189
-0.00887125
-0.02293683
0.00950774
0.00694489
-0.03682880
-0.02790195
0.02105749
-0.02119203
-0.03094405
0.01024510
-0.01625630
-0.05035981
0.03697461
-0.00106071
-0.05636760
0.01586546
0.01949674
0.00719455
0.09737901
-0.03119544
-0.00781013
-0.02273626
-0.04239926
-0.04635208
0.03872491
0.01032424
0.01977276
-0.04979477
-0.01104253
0.00867527
-0.01711220
0.02500030
-0.02140047
0.00162483
-0.03216245
-0.04473785
0.07310441
0.00125785
-0.03018553
-0.00939336
-0.00761434
-0.03130385
-0.08726884
-0.02599145
0.00342094
0.00066381
-0.02236619
-0.02691254
0.06418179
0.02088401
0.09255868
-0.02112984
0.02773710
-0.04328737
0.06589141
-0.01810843
0.02168852
0.00976506
-0.02263502
-0.01298029
-0.00773641
0.06111618
-0.03757391
-0.00462632
-0.00835571
0.00807433
-0.00313232
0.00714240
0.01073105
-0.05302816
-0.03787266
0.03007383
0.05892750
-0.02521626
-0.00084691
-0.00216194
0.00342918
0.02026454
0.00265846
-0.00411998
0.02845051
-0.06409211
-0.02711590
-0.01018455
0.00911488
-0.01801534
-0.01884993
-0.05328625
0.01455109
-0.04324331
0.01660701
-0.03921176
0.00399148
-0.01614393
0.02739530
-0.08357690
0.01477315
0.02181014
-0.05845625
-0.00306667
0.01519064
0.00459969
-0.02145469
0.02470858
-0.00856193
-0.01408157
0.04159396
0.08877195
0.02961052
0.01429444
-0.05179409
-0.00956112
-0.01489750
-0.01786108
0.00834211
0.00087900
0.00294420
-0.01821636
-0.02640839
0.01341074
0.00578954
-0.01859900
0.02482743
0.01000772
0.02624555
-0.01310951
-0.02101254
-0.00609805
-0.03543519
-0.03022297
-0.00178363
0.00788065
0.01362336
-0.01763711
-0.00793886
0.00178526
0.00846319
0.00732958
0.01191562
-0.01020756
0.01325499
0.01416674
0.00117396
-0.02681195
-0.03414918
0.08281861
-0.03279798
0.02714834
0.02087540
-0.01762328
-0.01665464
0.00561724
-0.02609291
-0.02103353
-0.01001857
-0.02189256
0.02683700
0.11744257
0.00197470
-0.04138497
0.02946230
-0.05836054
-0.01825820
-0.03367414
0.03371155
0.01042819
0.02629992
0.00923330
0.00792114
-0.00300000
-0.02269861
0.02846062
-0.01661077
0.02302909
0.09315849
-0.00918214
0.06703509
-0.01790516
0.00832417
-0.02025796
0.02978908
-0.00027585
-0.00566455
0.02878552
0.01753560
-0.01273134
-0.04773476
0.03996185
0.02764731
0.00070061
0.01977047
-0.01209825
-0.01015258
-0.01551288
0.00684926
0.04978955
-0.01170132
0.00710086
0.00995236
0.03141627
0.05001609
-0.02802653
0.00760001
0.00490118
0.01173275
0.00821879
0.04911757
-0.00032078
0.01119906
-0.01355754
-0.00670443
-0.03112951
0.04265396
0.02344799
0.00346737
0.02684923
-0.01190118
-0.03056034
0.02042608
-0.00029380
-0.03699463
0.01914934
0.01746366
0.02186199
0.05057387
0.01296147
0.00192735
-0.02296037
-0.00397319
-0.00165991
-0.01766649
0.02924433
-0.01809594
0.05314047
-0.04899080
-0.01328115
0.00881663
0.03355597
-0.04483864
0.02223296
-0.01773711
-0.01939989
0.00477320
0.02345392
0.01922067
0.01612418
0.02122726
-0.02890202
-0.02666455
-0.01744158
-0.01731898
0.00660206
0.00148142
0.02381469
0.00947003
-0.01848478
-0.00345915
0.00461143
-0.05726487
-0.00087968
-0.01042238
0.00595448
0.00961126
0.00442036
-0.04241204
-0.03992253
0.00370304
-0.07881428
0.00682838
0.02905868
0.00299432
0.03140635
-0.00646072
0.00427599
-0.01125037
-0.01404076
0.03175016
0.01747204
-0.01281798
-0.01998757
0.01046248
-0.01336225
-0.01333945
-0.03683122
-0.01649299
-0.01172599
0.01649854
0.02291647
-0.01835121
-0.00623030
-0.03477719
0.01661100
-0.00599521
-0.01345800
0.01087467
0.00719614
0.00156951
0.02060893
-0.02671741
0.00508762
-0.00812561
-0.01813979
-0.04489984
0.02341822
-0.00986398
-0.01496806
-0.00026169
0.04450969
0.01303794
-0.01671179
-0.00312066
0.00789837
-0.02459792
0.00257871
0.00799453
0.00104467
-0.02933571
0.02732810
0.02366062
0.01154549
-0.01528964
-0.01892379
0.00538011
-0.00258844
-0.02800076
0.00578190
0.02511473
0.02674073
0.00556411
-0.01271490
0.01905550
-0.01738787
0.00051828
-0.00917835
-0.02345686
0.00665617
-0.03807473
-0.02141141
-0.03002351
-0.01426898
-0.01932955
-0.01223181
-0.00391416
0.02668443
0.01757710
-0.02421230
-0.00729944
-0.04494537
-0.00647840
0.01291029
0.01788809
0.06161989
0.00854985
0.01730258
0.00974533
-0.02527681
-0.00653861
-0.01473656
-0.01596590
-0.00442978
0.03924996
-0.03288818
-0.02006629
-0.00325317
-0.00174205
0.00095566
0.00858855
0.00695399
-0.02042149
-0.01105222
0.03469294
0.02652051
-0.01309562
0.00366076
0.01316460
0.02244011
0.00567490
0.03199764
-0.07531027
-0.01016368
-0.01456508
-0.00795163
0.03715876
-0.01287545
0.01507217
-0.00045059
0.02275495
-0.01197162
0.01226359
-0.00547874
0.00249536
-0.00328711
0.02149139
0.00645029
-0.00480264
0.05560232
0.02148228
0.01844486
0.06181539
0.00672210
0.01055109
-0.02337591
0.00534236
0.02654911
-0.01765936
0.00851086
0.05244469
0.00242865
0.02686150
0.01908619
-0.02243787
0.00961320
0.00244566
0.01369392
0.05792023
-0.00613033
0.02449157
0.01224490
0.02959025
0.03814793
-0.02661783
0.01149562
0.00046055
-0.00312538
-0.01005877
0.05953560
-0.03821305
-0.02105054
0.02993177
-0.00562383
-0.00449400
-0.00365655
-0.02498405
0.00991156
0.00096629
0.08973399
-0.02299303
-0.02488645
0.01648133
-0.00583073
-0.02309867
0.00388251
-0.02521699
0.00119606
-0.01584023
-0.00621702
-0.02498884
-0.04251423
0.01363399
-0.03228504
-0.08350439
0.00210088
-0.08173355
-0.00982423
-0.02791501
-0.00156964
0.00008982
-0.01472312
-0.00225311
-0.02239514
-0.00446242
-0.01738952
-0.01985284
-0.00544658
0.04982239
-0.01865821
-0.00863220
-0.00343024
0.00203822
-0.01947949
0.00014120
0.01590510
-0.00221518
-0.05392175
0.01321092
-0.05827346
-0.00103855
0.00875931
0.00636767
-0.01963709
-0.04009454
0.04179586
0.01605552
0.04162022
0.03326487
0.00169386
0.00906731
0.02701697
0.01145424
-0.02923566
0.00745372
-0.06890729
-0.00868024
0.04755339
-0.04099215
-0.00848604
-0.02075996
-0.00861656
0.06444384
0.01592082
-0.01500670
-0.01529621
0.01915471
0.01237407
-0.03254260
0.00135206
-0.00048723
-0.00610384
-0.00323144
0.03613465
0.00702251
-0.00866050
0.01981708
0.00332261
0.00324226
0.03578358
0.02635034
0.02527202
-0.07835779
-0.02427656
-0.00003104
0.01164423
0.03017684
-0.00349309
-0.04871061
0.02963135
-0.00083844
0.01447045
-0.00118415
-0.02335389
-0.01366516
-0.04197599
-0.02866090
0.02397675
0.01308761
-0.01443360
0.04020864
-0.00742954
0.01626470
-0.01265391
0.03193955
0.01805588
0.01486704
0.00198054
-0.03258918
-0.05348571
-0.00587824
0.00629595
0.00616390
-0.03061615
0.00042043
0.03041122
-0.00234949
-0.05373890
-0.02043716
0.00432785
-0.00152312
-0.01988061
0.00342995
0.00567664
-0.03227682
0.01712868
-0.03013739
0.05902170
0.02230546
0.03322069
-0.00963883
0.01438981
-0.00856314
0.00990316
-0.00447349
0.05190068
0.00630693
0.01499779
0.03384346
0.02805179
0.02352067
-0.12451670
0.00675407
0.05890078
-0.00935747
-0.00616343
0.02190492
-0.02808169
0.01797089
-0.01202049
0.00770966
0.01525878
-0.00473345
-0.00243104
0.01487545
0.00837551
-0.06300953
0.00149492
-0.04629266
0.02584921
-0.00609424
-0.02692446
-0.01257323
0.01042864
-0.01766823
0.03425738
0.00818448
-0.00267900
-0.02167738
-0.02938814
0.03944640
0.02385690
-0.03372066
0.03816178
0.00648727
0.01134703
0.01357312
-0.00091394
0.01692855
-0.02632600
0.01794109
0.00998564
-0.01860454
-0.01430833
0.02410577
-0.02099802
0.01103893
0.00792810
0.00790413
0.06663272
-0.01835472
-0.01048505
-0.01609611
0.01210950
-0.01014467
-0.01942742
-0.01317271
0.01360431
-0.00779551
-0.01429747
-0.00031407
-0.02025454
-0.00464741
0.01993506
-0.00177419
-0.01883579
0.00162487
-0.00046962
-0.02326266
0.03026677
-0.04053548
-0.00619018
-0.03388274
-0.00573015
-0.04825673
-0.04764365
-0.01160093
-0.01054351
0.01744156
-0.05098664
0.08494969
-0.02073696
0.00062583
-0.03842063
0.00839459
-0.01020577
-0.00400629
0.02210100
-0.02934340
-0.01975300
0.00270477
-0.05248765
-0.06877977
-0.03416973
0.00550253
0.02187564
-0.03468466
0.05468475
0.03265201
0.03419340
0.00866459
0.01800469
0.02467060
0.04891089
0.05369348
0.00565255
-0.06256658
-0.03822298
-0.00212262
-0.01851154
-0.00670438
0.02380365
0.06070714
-0.01620259
0.06355325
0.04870757
0.04378667
-0.05993244
-0.04603571
0.04142304
-0.01043726
0.02155182
0.04941311
-0.02578835
0.01052700
-0.06030094
-0.02547255
-0.00161513
0.06357818
0.00024067
0.01298416
-0.04350917
-0.01642782
-0.02279228
-0.08534047
-0.03311121
-0.00517714
-0.00058907
-0.02277275
0.01155029
-0.01219852
0.00413807
-0.04153508
-0.03657455
-0.06136904
0.02479850
-0.03462831
-0.00766639
0.06319191
-0.01176131
0.01929773
0.04351117
0.03097738
-0.00516603
-0.01876046
0.01842538
0.01659516
-0.02126568
-0.01333468
0.01057005
-0.01768499
0.01457668
0.00172059
0.02448529
0.04511937
-0.02266496
-0.03760916
0.01528484
0.00875539
0.00433671
-0.02551275
0.00512726
-0.02266905
-0.05700196
0.00837805
-0.01503820
0.02718857
-0.04550638
-0.04513039
-0.00296181
0.00208869
-0.00764367
-0.02286852
-0.00821012
-0.01571417
0.03808670
0.04452951
-0.03022350
0.03126586
-0.02415462
-0.03647802
-0.03603949
-0.01323692
0.02003462
-0.00549773
-0.06447091
0.01073218
0.00608493
0.01619277
-0.04714330
-0.04210202
0.04162907
0.00702681
0.02364900
-0.05978423
-0.01290079
0.01987163
0.00540211
-0.01654998
0.00967468
0.00270612
-0.01764576
0.01984939
-0.00403790
0.04784628
-0.05942266
0.02688072
-0.04961372
-0.01565107
-0.01122546
-0.02627048
0.01145148
0.02248874
-0.06004430
0.00134689
-0.00517887
-0.01573274
0.04140373
0.00520979
0.06056133
-0.03308283
0.02240303
-0.01519505
0.02670833
-0.00205170
0.02149459
-0.02189980
-0.02972886
-0.02546181
0.03727515
0.01042514
0.02153877
-0.01075381
0.02061757
-0.02609629
-0.01914674
0.05361860
0.00341589
-0.01155073
0.03753851
-0.04297799
0.03204080
-0.00382547
0.00531980
-0.03805285
-0.03331502
-0.01529498
0.00594338
-0.01174593
0.01363875
0.01401946
-0.00883165
-0.01645115
0.00347843
0.03755738
0.02998757
-0.04545402
0.00679629
0.01210329
0.01961387
-0.04799119
-0.00952853
0.00822007
0.07924671
-0.01372053
0.02801351
0.04414993
0.02917515
0.04839327
0.04383235
0.01856531
-0.01246979
0.01321057
0.01331316
0.03625790
-0.02149736
-0.02835681
0.02106835
0.00168489
0.02151809
-0.01858578
-0.02706886
-0.00176230
-0.01468222
0.05582049
-0.02213691
-0.01440138
0.01879852
-0.05487908
-0.02607296
-0.03003372
-0.04707814
0.04538346
-0.00383854
-0.02688705
0.00308771
0.00017869
-0.05323909
0.00934472
-0.00924139
-0.01099271
0.02869942
-0.04544327
-0.00401530
0.01179288
-0.01296890
-0.03698928
-0.01206115
-0.00168724
0.00051407
-0.03154890
-0.00804183
0.02906906
0.02077336
-0.03039947
-0.01802233
0.01937752
-0.03789509
0.01784665
-0.03509966
0.04466556
-0.00363012
0.01148449
-0.01341365
-0.03095967
0.00707098
-0.06137886
-0.00344606
0.02017760
-0.06510695
0.01751752
0.04860874
-0.01853463
0.00563173
0.03150364
0.01976337
-0.00813431
-0.00960307
0.02225507
-0.00903434
0.00174951
0.01480632
-0.01386114
0.08780206
0.04619203
0.01195315
0.03025104
0.01299233
-0.01262330
-0.01883391
-0.00036715
0.00160360
0.02995132
-0.00136066
-0.02270663
-0.04664188
-0.00903685
-0.01353777
-0.00205923
-0.00570507
-0.02439798
-0.01648066
0.00385578
-0.03869729
0.00197968
-0.00938603
-0.00657691
0.01176390
-0.02816637
-0.01391164
-0.01699213
0.01070584
0.00101848
0.00780990
-0.02374306
-0.01767713
0.01191021
0.06505836
0.03333164
0.02726711
0.03469501
-0.02328687
-0.01823344
0.00644453
0.00106941
-0.03684803
-0.04013555
0.03532160
-0.06259129
-0.02512067
-0.00991072
-0.03383314
-0.00054910
0.03554387
-0.00797779
-0.00954531
0.00360408
-0.03740506
-0.01058517
0.01387536
-0.01347799
0.00247975
0.00013226
0.01050820
-0.01775863
-0.04873763
0.00878760
0.01250757
-0.01124463
0.03679232
0.01947383
-0.01074271
-0.00234524
0.04207755
-0.02947878
-0.03753011
0.03618527
-0.01479684
-0.03632554
0.00836928
-0.01452113
-0.00601924
-0.01606300
-0.02341151
0.00632039
-0.01195811
-0.03110031
-0.00590985
0.00047545
-0.02794598
0.03736216
-0.02198503
0.00692556
0.00933993
-0.01486518
0.04929502
0.02894687
0.02057084
0.01688422
-0.01616943
0.00833801
-0.02781073
0.00535286
-0.05545852
0.00099518
-0.00322665
0.01572987
-0.01866212
-0.00060486
-0.02718067
-0.01453386
0.05246883
-0.01106503
0.02915713
-0.06037570
0.00303803
0.01066745
-0.00631757
0.00486731
0.00516519
0.03184041
0.05076710
-0.01326854
-0.06494511
0.03716672
-0.01689644
-0.01659010
0.01182130
-0.01404335
0.00476067
0.00914419
0.03943862
0.03090711
-0.09148929
0.03281823
-0.04950741
0.00202412
0.04659669
-0.01294341
0.01911150
-0.02348886
-0.06543639
0.01132874
-0.02412236
0.02052015
-0.05553574
-0.02788649
0.00862076
-0.00919360
-0.01892020
0.01833099
-0.02903042
-0.07936167
-0.00575236
-0.06423635
-0.02036167
-0.00858813
-0.02948638
-0.01830036
-0.00122818
-0.00033382
0.00093683
-0.04043546
0.00028542
-0.03912612
-0.00920399
-0.02708050
0.02768296
-0.00138263
-0.06395257
-0.01559419
-0.08098317
-0.00853051
0.00378919
0.01500317
0.04444866
-0.02155699
0.03173040
0.01665133
0.04499408
0.03103416
-0.05197896
0.00704456
0.09518388
-0.00235057
0.01177731
0.02853843
0.04130479
0.02283541
-0.06156984
-0.06525038
-0.01547483
-0.00048424
0.00903528
0.00778796
0.12645683
0.04474811
-0.04147233
0.03852768
-0.02083016
0.03352141
-0.01671485
-0.02538987
0.03702468
0.05926723
0.04843250
0.00862174
-0.00998013
-0.03190922
-0.00559249
-0.03455453
0.07730313
0.02807992
0.03899472
-0.02256164
-0.04048349
0.04236186
-0.01810262
-0.05315325
0.04959865
-0.03233433
-0.01693563
0.02926604
-0.01266069
-0.04340414
0.02286518
0.01239083
-0.02878412
-0.05014708
-0.00887937
0.00445080
0.00969350
0.00560260
0.00838720
-0.01162734
-0.04648079
-0.00213480
-0.01993707
-0.01146799
0.01238483
0.03422841
0.02337623
0.01159952
-0.01201787
-0.02295969
0.03210070
-0.02580798
-0.03775232
-0.04385904
-0.00801972
-0.02201700
0.01925527
-0.00117705
-0.05305468
0.01758816
-0.01016855
0.03595385
0.01840992
-0.03759673
0.02579531
0.01948256
-0.00260127
0.02636852
-0.00291123
0.02799466
0.00241871
-0.01914240
-0.05504814
-0.01155784
-0.01292164
-0.02138742
-0.03100011
0.01260022
-0.05119587
-0.05330991
0.00799251
0.05384364
-0.07542143
0.01325604
0.01798456
-0.01799778
0.00060499
0.00558657
0.03281521
0.00620491
0.00845789
0.01281365
-0.03239454
-0.01001651
0.00027347
-0.00761992
0.03452778
0.05543216
-0.01745185
-0.01084850
-0.01399240
-0.02678010
0.00544132
-0.00718770
-0.03009760
-0.03041949
-0.01299363
-0.01070390
-0.02098666
0.04473929
-0.00039297
0.08237308
-0.08459184
-0.00954187
-0.03241047
-0.01801020
-0.00579547
-0.00563282
0.03499956
-0.00116927
-0.03300872
0.01195355
-0.03037496
-0.00438904
-0.00131226
0.02231474
0.00371831
-0.01719965
0.02554225
-0.01690080
-0.00520264
-0.02623200
0.03377036
-0.01334383
-0.03352258
-0.00224719
0.00055426
-0.03516059
0.02283933
-0.01576314
0.01746703
-0.00219658
-0.00681843
-0.00326137
-0.02197423
0.01818457
-0.01533694
-0.03356740
-0.02528328
0.07333793
-0.03375229
0.00688033
-0.04215548
0.02325937
0.05094076
0.00295499
0.04471998
0.00203463
0.00865726
0.00924449
-0.01948821
-0.00841768
-0.01094866
-0.02547255
0.00769393
-0.01211608
0.01576387
-0.02266877
-0.00818052
0.00660809
0.00682316
-0.00534177
-0.03378429
-0.00477950
-0.00317437
-0.01174451
-0.00496512
-0.00956795
0.01894728
-0.05234296
-0.02627818
-0.03330425
0.01452639
0.01925124
0.01734605
-0.01573817
0.05327478
-0.03667044
-0.00232102
0.02994753
0.00996158
0.05496074
-0.02172432
-0.02544719
-0.00962667
0.02404516
-0.04388794
0.00814927
0.00308081
-0.00958619
-0.01744602
-0.00709833
0.02032156
-0.04553408
0.04855291
-0.03027457
0.01438015
-0.01634327
0.04380289
-0.00067103
0.01077142
0.02953931
-0.00033856
0.00637289
-0.00294013
0.01007013
-0.01356067
0.00027888
-0.02937315
0.00490231
0.02112584
0.00760237
0.01726514
0.01581571
-0.00734647
0.01043616
0.01050093
0.00695315
-0.00874885
0.03258111
0.01511213
-0.01264261
0.00534258
-0.02882755
0.01447837
-0.00985634
-0.01300672
-0.00707467
0.02726834
-0.02856842
-0.02241412
0.03142823
0.01419981
-0.00847976
-0.01161834
-0.05012913
0.00932597
0.00225545
0.02963994
0.05161904
0.00833858
-0.00226152
0.00493137
-0.02798866
-0.02718885
0.04371928
0.00549604
0.00777455
0.02924905
0.02442989
-0.01783628
-0.01932844
0.02328794
-0.04168363
-0.01177001
-0.00040516
0.01837541
-0.00337995
-0.02799682
0.00051672
-0.03201262
0.00364757
0.02290008
0.00384844
-0.02104668
-0.00548848
-0.00683225
-0.01741870
0.00900799
0.03249675
0.00089468
0.02321582
0.00991450
0.03429820
-0.00806364
0.00671844
0.02829603
-0.00820435
0.01367414
-0.02989613
0.03802047
0.05005153
0.00089371
-0.00270515
-0.01656974
-0.03496177
-0.01190430
-0.00983731
0.02065741
-0.00913887
0.00132564
0.01323223
-0.04574771
0.00450952
-0.01978135
-0.00557437
0.00087188
-0.01056549
0.05246947
0.04629750
0.00947867
-0.01621054
0.00125166
-0.01838569
0.05073377
-0.03964122
-0.01144526
-0.01872153
-0.01650955
0.01962010
-0.03819045
0.02053124
-0.11173253
0.01060497
-0.02143728
-0.03201637
-0.03332748
-0.02193984
0.00748650
0.05445170
0.00053258
0.01378864
0.00987851
-0.00195707
-0.04710080
-0.00344905
0.02026846
-0.04633778
-0.05803756
-0.01422442
0.05113376
-0.00055840
0.01779613
0.01192082
0.00075685
-0.01918728
-0.04119876
0.01374475
-0.02885385
-0.02449441
0.00231767
0.00018171
-0.01315061
-0.01113860
-0.04716669
-0.01265683
-0.05918500
0.00830035
0.00238287
0.00298036
-0.03833385
0.01472828
0.00632449
0.02292299
-0.00625459
0.00004761
-0.01532651
0.03549655
-0.00058163
0.03712923
-0.05263458
0.00956623
0.00689815
-0.01996661
-0.00356578
0.00053604
0.02120569
0.01823886
0.01271772
-0.06650889
-0.00907579
-0.02689786
0.00110009
-0.01928242
0.04485937
0.06538901
-0.03087860
0.01271076
0.05252202
-0.04121886
-0.00724334
0.01805573
-0.04109732
0.03212267
0.05709796
0.02449363
-0.03812973
0.02616364
0.02989417
0.03484047
0.00487376
0.01493095
-0.00386747
0.02844345
-0.03731074
0.02579675
0.00936117
0.02843893
0.02152856
-0.02032078
-0.02841002
0.00962727
0.00830676
-0.01013501
-0.01196055
0.00473480
-0.00024466
0.00609691
0.02213198
-0.01966294
0.00679415
-0.00811912
0.00208520
0.01538417
-0.00052499
-0.01431546
-0.00794082
-0.00009741
0.01741505
-0.01820142
0.02336671
-0.02840658
-0.00766324
-0.00188836
-0.01337671
0.01140804
-0.04493300
-0.04268861
-0.00400526
-0.00148481
-0.01212386
-0.01814265
-0.04487256
-0.00968540
-0.03329634
-0.00972830
0.00194203
-0.01584987
0.02501523
-0.00356210
0.00030470
-0.00983286
0.00963119
-0.03377503
0.04015870
-0.00747269
-0.01332325
0.00717766
0.01400453
-0.02190704
0.03483013
-0.02714949
-0.02164078
-0.01957139
-0.00255165
-0.02448302
-0.00710625
0.01739020
-0.00334285
0.02219271
-0.01592810
-0.01304600
-0.02858159
-0.00051939
-0.03329803
0.05371613
-0.02214753
0.02512108
0.01588624
0.00000325
0.00889688
-0.02374541
-0.02236595
0.02645692
0.01987838
0.00319932
0.03133684
-0.01489370
0.00148204
-0.02421820
-0.00526643
-0.00864351
-0.00172631
0.02435155
-0.03624509
-0.03458855
-0.01098205
-0.04113184
-0.00078683
-0.01937740
0.02382916
-0.02556455
-0.00799246
0.00426662
0.02050707
-0.02187308
-0.02962053
0.00540612
-0.01380512
-0.02025782
0.02401140
0.02255432
-0.00793742
0.00860608
0.03506041
0.01848272
0.03773046
0.00374858
0.02042145
-0.00527687
-0.04456759
0.00591632
-0.03030123
0.02383284
-0.01474132
0.00018032
0.01839340
0.01690289
-0.00646327
-0.02136453
0.03479310
0.00358976
0.00339405
-0.02697253
0.01978992
-0.00599154
0.00669668
0.03387476
0.03008575
-0.01000596
-0.03161521
0.00849114
0.04881109
0.00178477
0.04608060
-0.00386889
-0.02278171
-0.01884101
0.00302288
0.02948286
0.00992988
0.00662185
-0.05316497
-0.00421424
-0.00224756
-0.00010778
0.02033406
0.02309567
-0.01417801
-0.05723324
-0.02607814
0.01459278
-0.02895782
0.02812896
0.05713386
0.02445787
-0.03210299
0.00329766
0.04059537
0.00596022
-0.00405734
0.01149360
0.01011268
0.02352791
-0.00187268
0.01096405
-0.03643590
0.01957292
-0.00553372
0.01904354
-0.03376199
0.03625036
0.01836374
0.03916562
0.00583851
0.00416457
-0.03007446
0.01627099
-0.01553000
0.01289938
-0.01760067
-0.01646253
-0.02353155
-0.03882449
-0.00054624
-0.01561552
0.01212617
0.00262807
-0.04286245
-0.01797658
0.00417046
0.01240374
-0.00107787
-0.00101733
-0.00098410
-0.03301424
0.02071492
0.04787418
0.02040301
0.00175532
-0.01515561
0.03988848
-0.00014631
0.02747398
-0.05435376
-0.01439051
0.00071558
0.01677759
-0.04647270
0.00510057
0.00345199
0.00382537
0.00174961
-0.03462487
-0.00766486
-0.00822285
-0.01487540
-0.00316314
0.00208938
-0.04112081
0.03340237
-0.01279653
-0.00164381
-0.01710033
0.01208180
-0.00455116
-0.01072676
-0.03263737
-0.01117988
-0.01218681
-0.00960678
0.00841455
0.03097606
0.01609643
-0.02641767
0.00847807
-0.06490193
0.00128706
-0.00618859
0.01734980
0.06668602
-0.00945643
0.01256603
0.00064573
-0.00009912
-0.01411828
-0.03961963
0.02030082
-0.01489862
0.00551514
0.04468735
0.00017814
0.02376180
0.01110176
-0.00424118
0.01265792
-0.00273692
0.00873344
-0.02679329
0.02382732
0.03281026
-0.01232107
0.04369136
0.04264578
-0.01035849
0.02913626
0.02116555
-0.01232338
0.03015810
-0.00823775
0.00103600
0.04261010
0.02981228
0.00291595
-0.00542747
0.02445127
-0.05988442
0.00456633
0.00101041
-0.01842650
0.01814368
-0.00345569
0.00886331
0.01293757
-0.00965976
0.00099039
-0.02072614
-0.04155178
-0.01607358
-0.01955035
0.01607162
0.02373316
0.01704975
-0.00361253
0.00767160
0.00266122
0.02442261
-0.00215224
0.06290135
0.00897073
-0.01511656
0.00590284
-0.02431174
-0.01366604
-0.01721258
0.00620208
-0.00105693
-0.05654879
-0.02387253
-0.02523916
-0.03036487
0.00847377
0.04108332
-0.01022336
-0.00729499
0.04044932
-0.03453036
-0.00758709
0.01371580
-0.01818581
0.04148423
0.02263575
0.02205654
-0.00017870
-0.02593379
0.01580403
-0.01890858
-0.03875681
-0.00839898
-0.01892126
-0.03409688
0.00764276
-0.04118050
-0.03096196
0.04403904
0.02800261
-0.00766946
-0.02487948
-0.02932978
0.01023052
-0.00657392
-0.03766882
-0.03872537
0.02689771
0.04829099
-0.03129089
-0.03483239
0.00567746
0.00552089
-0.04900804
-0.00189261
-0.02776539
0.03269593
-0.01123678
0.00693823
0.02418751
0.02105095
-0.02668147
-0.00808767
-0.07817853
-0.00511937
-0.00326274
0.02485756
0.01670577
-0.02861481
-0.07370589
-0.02668954
0.05688004
0.00273934
-0.02585890
0.04589095
-0.00463142
0.02612861
0.01240018
0.01005866
0.03904655
-0.00642095
-0.03106040
-0.00036004
0.01521791
-0.01157698
-0.02967770
-0.02025290
0.04860491
-0.00855956
-0.03957862
-0.04202588
-0.01085265
0.01197822
0.00346593
0.02626600
-0.01121178
0.02095513
0.04034985
-0.00583415
0.02002126
-0.07565474
-0.04150842
0.00040381
-0.02091315
-0.03853224
0.02990929
0.04688220
-0.03358977
0.02424062
-0.04068127
-0.00394379
-0.02951303
-0.01076869
-0.05014348
-0.05189418
-0.02751359
-0.03499077
-0.02082488
0.00291491
-0.01000281
0.01012898
-0.00023339
-0.03071373
-0.00564579
0.00530750
-0.01431064
-0.02443797
-0.01886079
-0.01131736
-0.02347847
0.03347061
0.00858737
-0.01887740
-0.03415205
-0.00912271
0.02682020
0.03528300
0.00504278
-0.04877337
0.02506163
0.01377715
-0.01571101
-0.02822736
0.01027830
0.01221469
0.00572606
-0.01315226
-0.01724385
0.01419843
0.00694524
-0.01327648
-0.00267282
-0.02161123
-0.01469887
-0.02246591
0.03137351
0.01695087
0.03044237
0.04905011
0.03673813
-0.03154372
0.02139954
0.00574791
-0.00222451
0.01529831
0.03126264
-0.00637262
-0.01550850
0.00822925
-0.03171565
0.04865498
-0.02641639
-0.02257061
-0.05869794
-0.01626144
0.02053301
0.00982659
-0.01317782
-0.03223750
0.02922350
0.00209969
-0.00063707
-0.00725474
-0.01901603
-0.02445726
-0.04664773
0.00692338
0.05607774
0.03323848
-0.01649795
-0.00618306
-0.00004862
0.02680915
-0.00714986
0.02488382
0.00875294
0.00996427
-0.00462182
-0.03205570
-0.01206811
0.01041054
-0.02904247
-0.02396123
-0.03135572
-0.00566554
0.03555819
0.00106946
0.01182824
0.03858929
0.00009216
-0.01628386
0.02304829
-0.03236432
-0.01253164
0.01948621
0.00579378
-0.02103222
-0.00298751
0.00926254
-0.00302629
-0.00816793
0.00139049
0.02438469
-0.00016557
0.02457790
0.00205028
-0.01117120
0.02730375
-0.01208285
-0.00603964
-0.00245277
0.01834537
-0.01428787
0.03005609
-0.02725866
0.00991957
-0.03297088
0.01249805
0.01410615
0.02109303
0.01839110
-0.00792983
-0.05372356
0.01671548
0.03502170
-0.00410382
-0.00578864
-0.03017548
-0.01944187
-0.02037921
0.03029732
-0.04703087
-0.02675354
-0.00972260
-0.03295605
-0.03622922
-0.00041672
0.02658416
0.00256011
-0.03360975
-0.05779078
-0.01839868
0.01610307
-0.07904908
-0.01821385
-0.02823061
-0.00100360
0.02160973
0.00011000
-0.01889272
-0.04176499
-0.02152937
0.01673171
0.00366844
-0.00563181
0.03915211
-0.03651316
0.01449807
-0.01384269
-0.04020363
-0.01890684
0.00937766
-0.02701311
0.01354017
-0.01461747
-0.02290426
0.01183308
-0.03973427
0.06805912
-0.04429410
-0.04111848
0.00032244
-0.01771331
0.08012936
-0.02245427
-0.01824160
-0.02153948
0.00450625
-0.00989611
0.02454907
0.04824856
0.00377660
0.01253965
0.00705288
0.02741898
0.01042876
-0.02694297
0.05562487
0.04200217
-0.01751025
-0.01658121
0.01236090
-0.01148319
0.02949434
0.00691655
0.02101243
0.01211159
0.03095229
0.00725543
0.02418235
-0.02112866
0.03672956
-0.02865330
-0.04230350
0.00548673
0.00908719
0.04700946
-0.00448466
-0.05381017
0.00911952
0.00449352
0.01333837
-0.01491984
-0.03617762
-0.03968396
-0.06376038
-0.01976968
-0.02849974
-0.02628200
-0.04180186
0.00271711
-0.04141781
-0.00984537
0.00160063
0.02223654
-0.00386972
-0.02268447
0.00699723
0.02034743
-0.05898051
-0.00043575
-0.03724056
-0.02338075
-0.04543933
0.02279135
-0.02816632
0.01354630
-0.00187492
-0.04336957
-0.03732023
-0.03558462
0.00990679
0.01261850
0.00482948
0.04122576
0.01465392
-0.00021141
-0.02988755
-0.02610306
0.00827560
0.00986823
0.00282709
-0.03957907
0.03652263
0.00907375
-0.05686362
0.00191744
0.00074551
0.01782019
0.01947340
-0.02028201
0.02376715
-0.03943675
0.04192140
0.03214367
-0.02985187
0.02025932
0.00246669
-0.02926216
0.03628247
0.02176430
-0.00260091
0.01463260
0.01071685
0.02324908
0.03938168
0.02881915
0.04688531
0.00533840
-0.03300403
-0.01050062
0.00800590
0.00766223
-0.00830817
-0.00626749
0.01089206
0.01451266
-0.01206990
0.01008869
-0.00732969
-0.02607862
0.00224948
0.04340074
0.01476081
0.00904668
0.01096434
0.01182697
-0.00003690
0.02851715
0.01521766
0.02310309
-0.00101579
0.02873116
-0.00533728
-0.01103510
-0.01144736
0.02306827
0.01776982
-0.01377822
-0.02049162
-0.02524967
0.00447021
0.02173826
0.00288121
-0.01062248
0.01178578
-0.00986247
-0.00225279
-0.00707602
0.00927848
0.02605377
0.01005014
0.03199599
0.02212509
0.00973221
-0.02996826
0.00914451
-0.03752007
-0.00082665
-0.02496497
-0.00711618
0.01703093
-0.00101491
0.02282478
-0.00116189
0.01081973
-0.01081559
0.00680256
-0.00747560
0.00698006
-0.00717474
0.00314645
-0.04228025
-0.01188269
0.00001579
0.00786532
-0.01343147
0.03491533
0.05396760
-0.02476276
-0.01273280
0.01369844
-0.01369621
0.02089054
0.01647864
0.02041794
-0.01629776
0.00777492
0.06012311
0.02751137
0.00546249
-0.00024440
-0.00533826
-0.00129912
-0.01174290
-0.00361704
-0.00130281
-0.02178755
-0.06104229
-0.02050287
-0.03159772
0.04673086
0.00406839
-0.06024677
0.02612759
0.00500534
0.02310527
-0.00911966
-0.00547015
-0.02334755
0.01802846
-0.03313424
-0.02744094
0.01610123
-0.01883862
-0.00728422
-0.02302193
-0.01026672
-0.05534470
0.00068069
-0.05503386
0.02494706
-0.02664399
-0.00780822
-0.03735847
-0.00608823
-0.03693794
0.00246413
0.00494509
0.02974521
-0.00287034
0.00803733
0.02965975
0.00343408
0.00767055
0.02305702
-0.04141290
-0.01341904
-0.01745720
-0.00874000
0.02066135
0.01242874
-0.02087575
0.00323430
-0.00325725
0.01107874
-0.00307015
-0.02870434
-0.00343753
0.00671392
0.00852621
-0.00185566
0.01793787
0.00236520
0.00473871
0.00833530
0.00130887
0.00272871
-0.03676812
-0.01109205
-0.05869832
0.02293723
0.00968351
0.01573602
-0.00354376
0.00176804
-0.02854515
-0.03711604
0.00454732
0.00696290
-0.03850036
-0.00553774
0.01051948
-0.00227694
0.03348741
0.01029220
-0.01939005
0.05753767
0.01339236
0.05095030
-0.00098186
0.02341961
-0.01611649
0.03339741
0.00711429
0.00310291
0.01287796
-0.03566239
-0.00604628
-0.04466131
-0.00749091
0.00839776
-0.04703272
0.02643711
-0.03929360
0.02303330
-0.03282492
0.01641927
0.03183886
-0.03801594
0.01219687
0.01761120
0.00424367
0.02825412
0.01718779
-0.03070472
-0.00440530
-0.00004601
0.00216437
0.01544098
0.04581550
-0.02611987
0.00500517
0.00748627
0.07619977
0.03470745
-0.00726588
0.05547134
0.01202799
0.03855779
0.05163369
-0.00331926
0.07939893
0.00718914
0.06452537
0.01116538
0.01650819
-0.00908189
0.03180172
0.03407016
0.00161680
-0.03178189
-0.02219832
0.01644390
-0.01776572
0.02366701
0.00905668
0.04091262
-0.03594022
-0.00968533
-0.03078748
0.04863669
-0.01462159
0.03403929
-0.00310116
0.06243207
-0.03555723
0.03380197
0.00797013
-0.00212961
0.04459413
0.00925971
-0.00151005
-0.00690068
0.02305606
-0.02450326
-0.01843567
-0.00578241
-0.03301804
0.02173682
-0.01620911
0.01134781
-0.00669231
-0.00432760
0.01648921
-0.01868596
0.03557650
-0.02971020
-0.02506803
0.00566373
-0.04161789
0.04759894
-0.06960112
0.02229043
0.00179830
-0.00119756
0.01735664
0.06656376
-0.00138552
0.00690031
0.00108182
0.00851649
-0.10341689
0.02593127
-0.00508817
0.01061113
-0.00701089
0.01148220
0.02905233
0.03784457
0.05059048
0.02581332
0.03667373
0.00042373
-0.02100593
0.09225208
-0.04796337
-0.00417525
0.01672667
-0.03212929
0.03847938
0.15842108
0.00801994
-0.02852320
-0.01474358
0.01472929
0.00568386
0.04557934
0.00280742
-0.03119640
-0.01287156
-0.03202651
-0.05433406
-0.03186852
-0.00279412
-0.02215999
-0.00578137
-0.00484150
0.03916635
-0.00888430
0.00432783
0.00549833
-0.01853115
-0.00933584
-0.01794442
0.03658402
0.01572695
-0.01431760
-0.00163612
0.01911438
0.07623093
-0.03182733
-0.08424575
-0.01926950
0.01816497
-0.00233363
0.05557902
-0.02889308
0.04613268
-0.02601710
-0.02279669
0.00322516
-0.01451166
0.01453094
-0.10776615
-0.08465862
-0.05276862
-0.02969163
-0.03188029
0.00078780
-0.00800378
-0.04198922
0.00753133
-0.01601555
0.03669363
0.04074401
-0.02246248
0.00515988
-0.01102376
-0.03104410
0.01844520
0.00721314
-0.01336439
-0.02089338
-0.01952310
0.02074782
0.01376529
0.03109532
0.02610048
-0.03195027
-0.03150001
-0.01008272
-0.04306038
-0.03595914
0.00492474
0.02784755
-0.04767854
0.01191754
-0.04416477
0.02187636
0.02724902
0.05027434
-0.02961488
-0.00388537
0.01329082
-0.01094286
-0.00171854
0.03883443
0.03809614
0.01055301
-0.01797612
0.01685419
0.00702021
-0.03576448
0.00792313
0.02595329
-0.03752341
-0.04559230
-0.04868429
0.02409928
-0.02666175
-0.01561486
0.01899636
-0.00462179
0.00001548
-0.02978932
-0.00301268
-0.02711760
0.02251020
-0.02117498
0.05426291
-0.02393325
0.02780750
-0.04485169
-0.00075996
-0.04240360
-0.05920322
-0.04399133
-0.00567429
-0.05637351
0.02337324
0.02354919
0.04108524
-0.03085181
-0.01621719
0.03549761
-0.04387712
-0.02314826
-0.05654327
-0.01773048
0.02560023
-0.01066418
0.00853969
-0.00984857
0.00563321
0.02559056
-0.01742434
0.03518320
-0.00256154
-0.04259934
-0.00817900
0.03591583
-0.03469124
0.01129390
-0.02562476
-0.00917029
0.01262431
-0.01352682
0.02026410
-0.02928429
-0.01683875
0.00242889
0.00362138
0.01108276
-0.06267407
-0.02160360
0.02008069
-0.01108585
-0.03008230
-0.01083982
0.03696124
0.00826318
0.00791322
-0.00309824
-0.01264131
-0.08629209
0.01188477
0.00613833
-0.00766889
0.05248811
-0.03370330
0.00048636
0.03321228
0.03515303
0.04056587
0.01156528
-0.03592581
0.01322908
0.01925495
-0.00375021
-0.03747047
0.02275323
-0.01440495
0.02618232
-0.00589078
-0.01429400
0.05654928
-0.04890273
-0.06606717
0.04737319
-0.02396137
-0.02593289
0.00887953
-0.02148687
0.00503232
-0.01883287
0.05089064
-0.00109745
-0.03060543
-0.03231444
-0.03279448
-0.02603791
0.01322073
-0.00272425
-0.00002100
0.01556497
-0.09919184
-0.00461947
-0.06481757
0.01559247
-0.02099758
0.01509486
0.00172294
0.01018393
-0.02180205
-0.03243729
0.03023363
-0.00147570
0.00942116
-0.02770691
-0.00280464
-0.02049361
0.00479806
0.02414331
0.02077990
0.01706477
-0.02401216
-0.07475186
-0.03883876
-0.00464097
-0.03075959
0.01822607
-0.01414957
0.00010326
-0.02565173
-0.00682616
0.05783036
-0.06736138
0.00296665
-0.04940134
0.04618076
-0.02342944
-0.05653739
0.02351809
-0.05362579
0.01902377
0.00197743
0.01550092
0.02243751
0.03119625
-0.04216307
-0.00091758
-0.02025752
-0.02335015
-0.03026084
-0.01106039
0.00210881
-0.01343745
-0.00672148
0.00077879
0.01892096
0.00410498
0.02585349
-0.01819446
0.03383433
-0.02223348
0.02758377
0.01523039
-0.01063730
0.00733308
0.01013137
-0.04779892
-0.00712365
-0.03213621
-0.01126131
-0.03215158
0.00777056
-0.01336218
-0.01854702
-0.00292199
0.00406913
0.03364642
0.01916202
-0.03995939
-0.01326097
-0.00675991
0.00140879
0.00096452
-0.01312312
-0.05442521
0.02233992
-0.02724617
-0.00901472
0.01070838
-0.00586394
-0.01665225
-0.01988316
-0.03410298
-0.00114122
-0.00488404
0.00485787
-0.00113654
-0.01361624
0.00619611
0.00840707
0.00093259
-0.03613292
-0.01703089
0.01897763
0.03757752
0.02736709
-0.00413180
0.01684656
-0.00642174
0.00297471
0.04488005
-0.02385283
-0.00325235
-0.01712261
0.00248509
0.03686299
-0.01606192
-0.02429028
0.01160142
-0.04176648
-0.00856018
-0.00932695
0.03171621
-0.00828799
0.00856896
-0.02786046
-0.01188963
0.04742928
0.03155386
0.00124868
-0.03421006
-0.00374724
-0.02470566
-0.02298091
0.02363960
-0.00127126
0.00949625
0.01508966
0.00147606
-0.00413132
-0.01130422
-0.00576057
-0.03595605
0.00587363
-0.02102479
-0.00668869
-0.02713179
-0.03110260
-0.00314051
-0.02199123
0.00238890
0.00176819
-0.00736281
-0.00307675
-0.01130220
0.00234237
0.02923082
-0.00827622
-0.00499244
-0.00231713
0.00998038
0.04668522
-0.00206012
0.03269163
-0.00352636
-0.00617026
0.01274211
0.03038086
0.00334828
0.02385211
0.00067459
0.00907318
0.00423129
-0.04488084
0.03922935
-0.01553363
-0.00596023
0.03453141
0.01695132
0.00031173
0.02250583
-0.02019804
-0.00541281
0.00034704
-0.03021743
0.04053987
-0.00368426
0.02721036
0.03150101
-0.02559003
0.04676138
-0.00572001
-0.02058005
-0.00500011
0.00745369
0.02275709
-0.01563139
0.01757284
-0.00686146
0.01083050
-0.02961631
0.00462089
0.02070015
0.01162918
-0.01113437
0.02451684
-0.01489414
-0.02130726
-0.00367582
0.01441204
-0.02514256
-0.00358103
0.00437992
0.00083289
-0.01699388
-0.01298680
0.01260666
-0.00042370
-0.00159858
0.00164107
-0.00099064
-0.02233928
0.04422853
-0.05072729
-0.01947285
-0.01296381
0.00989855
-0.00836595
-0.01890740
0.02239937
0.01299348
0.01862732
-0.03657342
0.00178540
-0.01218211
0.00966904
-0.00971385
0.00925477
-0.03458283
0.00153975
0.01300088
-0.01944421
0.00788992
-0.01541004
-0.02513574
-0.01988783
-0.01533643
0.02443359
-0.03590292
0.02912882
0.01416109
0.02005660
-0.00426336
0.01585969
0.04323111
-0.03391530
-0.01554295
-0.01111064
0.01555519
0.00108711
0.02363097
0.00997604
-0.00251977
0.01270115
0.01776142
-0.02324069
0.00953355
-0.03196704
-0.00246636
-0.00171454
0.00520784
-0.03891939
-0.02430389
0.00178439
0.00943918
-0.00274168
0.00068313
-0.00271174
0.00361114
-0.00339704
-0.01902073
0.00278615
-0.00735793
-0.00554291
-0.00830623
0.01154337
-0.03146426
0.01912442
0.01093706
-0.02146634
0.00625747
0.01880843
0.01414157
0.00226103
0.02266880
0.00121248
-0.01517151
0.02909401
-0.01214454
0.00428542
-0.00823877
0.01790057
-0.00210048
0.02134009
-0.01256252
-0.04321600
0.00949026
-0.00018962
-0.00521204
-0.01710165
0.00152184
0.00135415
-0.00423158
-0.00433407
-0.00268350
0.00397895
0.00556866
-0.00306516
-0.03234717
0.01763861
0.03861640
-0.01087090
-0.00668221
-0.00214076
-0.00294253
0.03202464
0.00947167
-0.00121070
-0.00439183
-0.01964836
0.00974196
-0.00330834
-0.01079998
0.01418764
0.01569745
-0.01538059
0.02920349
0.06362749
0.01409433
0.00602926
0.00378439
-0.02840617
0.02825412
0.00050879
0.00548097
-0.01867748
0.02836759
0.03471301
-0.00949831
0.02044970
0.06371117
-0.03220952
-0.00960726
0.00919063
0.03266836
0.00624795
0.01013408
-0.02939290
0.01232427
0.01989814
0.00350409
-0.06562947
-0.00222381
0.00757097
0.00674296
-0.03168062
0.00058713
0.01128665
0.00084917
-0.00039237
0.00870615
0.00812795
-0.05792522
0.00202098
0.00219167
-0.00375764
-0.00158465
-0.02898088
0.01860050
-0.02665561
-0.04407525
-0.02080053
-0.00522007
-0.02169686
-0.01246507
0.01653905
0.03326753
-0.02327082
-0.02459935
0.03472709
0.02912388
-0.03110652
-0.01992114
0.07963064
-0.03146236
0.02865932
0.00333736
0.00211059
0.01906304
-0.00430882
0.02689802
-0.02286924
-0.02827898
0.01155469
-0.01212913
-0.00129549
-0.04255180
-0.02523668
0.00892285
-0.02740984
-0.00646627
-0.04079041
-0.00968165
0.01246955
-0.03372969
0.09882376
0.06027919
0.00572898
0.02224728
0.01155231
-0.04408675
0.00632853
-0.01376092
-0.02800654
-0.01158155
-0.02112306
0.01333378
0.01254806
-0.03085333
0.01087033
-0.03125188
-0.03691592
0.01985971
0.00103266
0.01092530
0.00161251
-0.00585517
0.01171710
0.00371426
-0.01243167
-0.01459880
0.00930357
0.00285621
0.00009594
0.00406930
0.01151129
0.00614981
0.01727479
-0.02213737
0.02306576
-0.03314141
-0.01969676
-0.00474746
0.02180805
0.00894097
-0.01513083
0.02239058
-0.00322336
0.01431063
-0.02482350
0.00071370
-0.00971808
0.01660750
0.00881538
-0.01336377
0.00571973
0.01890056
-0.00737066
0.00509747
0.03208722
-0.01117534
-0.00461933
-0.01577166
0.00475505
0.01651054
0.03738314
-0.00966584
0.00950531
0.00349763
0.01073651
0.00078398
0.01202735
-0.00420798
-0.01470319
0.02226078
0.01654077
-0.01144664
-0.00139589
-0.02317426
-0.00547784
-0.00912277
0.01489506
-0.01357136
0.00026482
0.00646799
0.01691693
-0.01035418
-0.01429289
-0.00305172
-0.02684259
0.00485071
-0.00154132
0.01328398
-0.00630601
0.00759123
-0.02237881
0.01336158
0.02656388
0.03505872
0.00228663
-0.02309176
0.00213133
0.02514393
-0.01276796
-0.00262109
0.00938621
0.01565975
0.00035817
-0.03310690
0.00195959
0.00434963
-0.04507542
-0.03777047
-0.00741849
-0.00157890
0.01503624
0.03141949
0.00124919
0.01669060
0.07420883
-0.01256349
-0.00415004
0.02825262
0.05978342
-0.00900082
-0.05144456
0.05307618
-0.07189444
-0.02185396
0.01784839
-0.06643640
-0.09096758
0.04745541
0.03349996
0.00660202
-0.00764235
-0.07467002
-0.07234293
-0.00877247
0.00479629
0.01085368
-0.00056464
-0.05735756
0.02562971
-0.00792651
0.00942316
-0.00352795
-0.04687595
-0.02241974
0.00376978
0.00739616
0.02818930
-0.03274299
-0.00936717
0.00289168
-0.04855083
-0.00983170
-0.04676628
-0.00993060
0.01225314
-0.01309616
-0.00464783
-0.01360513
0.00581011
-0.02697558
-0.00717974
0.01483954
0.00945290
-0.00282912
0.01482575
0.01569945
0.06296600
-0.00674182
-0.01616784
-0.01544906
0.01568199
-0.02609250
0.02102499
0.01968831
-0.04575315
-0.03397895
-0.07074367
-0.02204343
-0.04170112
-0.02401634
-0.00939762
-0.05688161
0.01966756
0.03750916
-0.07131086
0.00033824
0.02099936
-0.08604314
0.08631876
0.01943694
0.09127063
-0.06019593
0.06049249
0.10947201
0.00780308
0.02259944
-0.03499986
-0.02402741
0.00886849
-0.01603358
0.01068591
-0.05353994
0.02805530
-0.05054731
-0.00779201
-0.05726346
-0.02688637
-0.02645293
0.01251652
-0.02675102
0.01304286
0.03518540
0.02251359
0.00560325
-0.00020664
-0.03427842
0.03980839
0.00103669
0.02100728
-0.04053628
-0.00697351
-0.00246464
0.00924421
0.01836803
-0.02679677
-0.02136354
-0.04946991
0.04622100
0.03654997
0.00497300
-0.04779109
-0.00671686
0.00000856
0.00535356
-0.00520334
-0.05832687
-0.01472741
-0.01569575
-0.00950625
-0.04119690
0.00661885
-0.05606499
-0.01416053
-0.00762355
0.03096676
0.03553724
-0.00218032
-0.04535252
0.01758006
-0.00424191
-0.01733793
-0.02297856
0.00041195
0.02620075
-0.02657619
-0.02589545
-0.00021846
0.03418044
0.01967466
-0.02505997
-0.00446166
-0.02268481
-0.01426257
0.00254058
-0.01694885
-0.02746591
0.00181709
-0.00882066
0.00073590
-0.02699893
0.05235935
-0.02608990
-0.00481445
0.02984121
-0.00447423
-0.00869150
0.03125640
0.04707397
-0.01432306
0.00204574
-0.01858304
-0.00870127
0.01999927
-0.07576652
-0.00998023
-0.02339305
0.03488026
0.01925300
0.00721541
-0.01254501
0.01148616
-0.00059074
0.02333304
0.02732767
-0.00473698
0.01829328
-0.01109560
0.07039504
0.02496091
-0.00854945
-0.02047355
0.02135461
-0.01460730
-0.01647870
0.02456083
0.01065353
-0.05242061
0.00296845
0.02362780
-0.00203702
-0.04204915
0.01354780
0.03048896
-0.00900640
-0.03789211
-0.02666404
0.00956090
0.02257449
0.04229693
0.00495708
0.01719759
0.00289227
0.07376771
-0.02264194
0.04664881
0.01400573
0.00362926
0.00704210
0.00363800
0.00454074
-0.02938595
0.01404135
-0.01873516
-0.03917085
0.00686796
0.02926837
0.00568769
-0.01290699
0.07536699
-0.00370721
0.01126125
-0.01440990
-0.00165634
-0.03234333
-0.00751270
-0.00064130
-0.01895123
-0.00153451
-0.02632526
-0.00542681
-0.01250919
-0.02204983
0.02656561
-0.00969115
-0.01222854
0.03859032
-0.00635113
0.02883511
0.00669743
-0.04172397
-0.00658207
0.00431342
0.00155347
0.03070067
-0.00061298
-0.03070738
-0.01274982
-0.01103237
-0.02201642
-0.02320577
-0.01600238
-0.00179274
0.01258808
-0.00894909
0.02637217
0.03485000
-0.05034031
-0.00213584
0.01535299
-0.00911168
-0.00008068
-0.00963684
0.00668430
-0.02132380
0.02388613
0.01469019
-0.00925349
-0.01901008
0.02396622
-0.01086349
-0.03113168
0.03283262
-0.01529829
-0.05747896
-0.00495892
-0.00595182
-0.00105608
0.02747286
-0.00106322
-0.01303972
-0.00026251
-0.02653386
-0.00333987
0.00162837
0.02944337
0.00473622
0.00162735
-0.02319914
-0.04177077
-0.00169107
-0.02579731
-0.00952385
0.00482851
0.02480954
-0.03780081
0.01073748
0.03570245
0.02048843
0.01493264
0.00270108
0.04778764
0.01458817
0.00254468
0.00571344
-0.01774228
0.00684713
0.00834705
-0.06112102
0.01440138
0.01424963
0.01857249
-0.01693475
-0.03470889
0.00596882
0.01701503
-0.01668880
0.00211877
0.04460186
0.02588097
-0.00377661
-0.01287542
0.01630589
0.00114787
0.00560119
0.01002746
-0.01395301
-0.03807355
0.02494177
-0.02155945
0.01039016
0.01754371
-0.00925844
0.00480697
-0.04189469
-0.01129831
0.00483291
0.00542038
-0.00469037
-0.00285296
0.00481725
0.00943395
0.02324030
0.01184849
-0.03197096
0.00321837
-0.01206775
0.02010972
-0.04707348
-0.00486040
0.02279440
0.03617295
-0.03540877
-0.01761371
0.00563252
0.00402992
0.02152094
-0.02476674
-0.02949907
0.00525325
-0.01243460
-0.03232402
-0.01770907
0.01515421
-0.00490800
0.00796418
-0.02976189
0.01857821
0.00314225
-0.00312522
-0.00162616
0.01754490
0.00075835
-0.02638635
0.00686257
0.01751684
-0.00205912
0.00113053
0.00171807
0.01185168
0.00420812
0.01914870
0.00775229
-0.02483040
0.02785637
0.00576645
-0.03615059
-0.02675108
-0.02812059
0.00613648
-0.00756743
0.02157847
0.02669793
-0.02369988
-0.00533170
-0.00150742
-0.00246032
0.00210015
0.02216399
-0.01932646
0.01901603
-0.04350832
0.01871013
-0.05758891
-0.01580430
-0.01132134
0.04091791
0.07196424
0.04128341
0.04096974
0.03790865
0.03828324
0.00042006
0.03386739
-0.01319500
0.04317569
0.00959104
0.01331893
0.05529008
-0.02746074
0.01445368
-0.06796546
0.03160107
0.02930111
0.03154402
-0.02045563
-0.02125168
-0.03258453
0.00694843
-0.01881859
-0.00779781
0.05849930
0.00338603
0.03437645
-0.04497065
-0.01437272
-0.00605826
-0.01901595
-0.00877363
0.00710154
-0.00368229
0.00595654
-0.02066981
-0.04658565
0.02099729
0.04109403
-0.03658459
0.01717520
0.02021103
0.00513559
0.01697108
-0.02471650
-0.00099187
-0.03817750
-0.01975816
0.00430479
-0.05059250
-0.00220144
-0.02717620
0.02364999
0.01766994
0.00202529
0.02574710
0.00343297
-0.07691379
-0.03506812
0.01624513
0.02927064
0.06787486
-0.02112203
0.03229919
-0.00236020
0.01246882
0.02524697
-0.04606297
-0.02558617
-0.01851212
-0.00241231
-0.03428666
0.00407294
0.00264465
-0.04286049
-0.04575263
-0.01352928
-0.01022935
-0.01693758
0.00490970
0.01351438
0.01093752
-0.02254679
0.04873143
0.03224557
0.04317852
0.04110445
0.02038150
-0.02286438
0.03024284
-0.05061295
-0.01142371
-0.02281050
0.05266080
0.01927132
-0.02281124
-0.00983264
-0.01876765
-0.01878386
-0.01040652
0.04777858
0.01074517
-0.02095116
0.01307653
-0.00206767
-0.01427101
0.03379329
0.00772158
0.01847442
-0.00496433
0.01694204
-0.01967134
-0.02110348
0.04974995
0.01785874
-0.03042626
0.00101613
0.00251594
-0.01907531
-0.00524688
-0.05223308
0.01062458
-0.04436784
0.02067747
-0.02850964
0.02306339
-0.02639923
0.01100844
0.01249279
-0.04319041
-0.02285236
0.01205237
0.00006336
0.00196229
0.02018569
0.01092252
0.00467430
-0.00449450
0.00231453
-0.01421702
0.00998623
-0.02087582
0.01847912
-0.04165476
-0.01209873
0.02535233
0.00368506
-0.01196065
0.00266359
-0.01714684
0.00842304
-0.01022288
-0.07995250
0.00523493
0.00977773
0.05696580
-0.00346841
-0.00817342
0.04493710
0.01370224
0.02012143
-0.00905038
-0.02979015
0.03462703
0.00199974
-0.00487578
0.00646273
-0.02529056
0.01942534
0.02661028
-0.02460563
0.06954557
-0.00291616
-0.00163261
-0.01414899
-0.00446475
-0.00110560
-0.00299939
-0.00745551
-0.00398801
0.01494610
-0.05679835
0.00890758
-0.03227966
-0.05238979
0.00148600
0.01208974
0.03282546
-0.01559152
-0.03725383
-0.01641708
0.04738356
0.02136837
0.03104612
0.03301805
-0.05338889
-0.00880559
0.06193710
-0.03522768
0.04310969
-0.01369762
0.01330790
-0.01113687
-0.02151628
0.01720644
-0.00386364
-0.00215850
-0.01597475
0.06064136
0.06150277
-0.00420405
-0.01811599
-0.02059188
-0.00290328
0.00457721
-0.00624284
0.04783501
-0.02580628
0.05966424
0.00218057
0.02493264
-0.01224248
-0.00167920
0.01206486
-0.01457118
-0.03297032
-0.05517991
-0.00902242
0.00822272
0.04265437
0.03309660
-0.00225965
0.00494623
-0.00586724
0.00588103
0.00303734
0.00458095
0.01803368
0.02497019
0.00086747
-0.01104816
-0.01112272
0.00323543
0.01539377
0.00673404
-0.02129079
-0.04072489
-0.02488812
-0.03132395
-0.01547094
-0.01328785
-0.00972149
-0.03085895
0.02551446
-0.05441251
0.00703617
-0.00322866
-0.01284746
0.01407832
-0.00672144
-0.02744342
0.01104724
0.02669702
0.01508535
-0.00967368
-0.00746264
-0.01160446
-0.02084481
0.01423067
0.02528947
0.00468723
0.02786922
0.01577854
-0.01825503
-0.02976393
-0.00594036
0.00779932
0.00825388
-0.00717947
0.01459201
-0.01157900
-0.01190082
-0.01933865
-0.01250142
-0.02054060
-0.02062798
-0.03613145
0.02891080
0.03762504
-0.06861800
0.02798992
-0.02692638
-0.00368224
-0.01124776
0.01289498
-0.04659021
0.01979213
-0.01669440
-0.00553402
0.05454440
-0.00848666
-0.00995806
-0.02850881
0.00139738
-0.01275802
-0.01973256
0.02187649
0.01650218
-0.04033016
0.01341029
0.00711510
0.02431376
-0.02732901
0.00361005
0.03213786
-0.00133232
-0.00891292
0.02463287
-0.00746745
-0.01114553
0.00546471
0.03425821
-0.00828386
0.00568282
-0.01479123
-0.03344364
0.06686040
0.01291495
-0.05529201
-0.02020949
-0.01455894
0.02054976
-0.02291724
0.02329362
0.00493503
0.00236066
0.02619756
0.00872037
0.07988745
0.03991582
0.00638778
-0.01721336
0.02675610
-0.02803988
-0.00114974
0.05306130
-0.03474320
0.03328941
-0.00912851
0.01847242
-0.02186529
-0.02449288
-0.02547444
0.01467078
-0.03831900
-0.01450006
0.00444753
-0.01796036
0.01126617
0.00622155
-0.05157074
0.00354833
0.06014952
0.00440212
0.00633569
-0.00937048
0.00267089
0.00430948
0.00768046
-0.00318359
-0.03852038
-0.01451494
-0.01052049
-0.00198596
-0.00219657
0.00094644
0.00367797
0.00973501
0.02998417
0.01177415
0.03444498
-0.01929411
-0.01357046
0.00078501
0.01698725
0.02218142
-0.01529685
-0.06483039
0.03024510
-0.02041946
0.00148677
0.01594283
-0.01918684
0.00888365
0.00854643
-0.00356970
0.00527870
0.01412347
0.01776578
0.01948956
0.01978603
-0.02273942
0.01737771
-0.01800606
-0.02850379
0.00609693
0.02731493
0.00358846
0.06628308
0.01120389
-0.01653001
-0.04865289
-0.00179303
-0.00622783
-0.01178597
0.00873113
0.01501258
-0.01031209
0.01628453
0.01073402
-0.03181130
-0.00318526
0.00295236
0.02484167
-0.01266247
0.00715995
0.00516530
-0.02233754
-0.01222900
-0.01332137
0.02220071
-0.01467715
-0.02042357
-0.00789877
-0.04110809
0.00682730
-0.03492895
-0.00587118
-0.02111076
-0.00818616
-0.02793952
0.03207652
0.02639372
-0.05166746
-0.02803774
-0.01217755
-0.02016225
0.01877231
0.00192534
0.02586716
-0.00105166
-0.01888433
0.01894642
-0.03762412
0.00272687
-0.01750894
-0.04099790
-0.02640538
0.09213249
-0.05683484
-0.05357616
0.02300820
0.03481705
-0.03206480
-0.05003428
0.02426760
-0.03904944
0.00110419
0.04921260
-0.00912849
-0.00368160
-0.00053964
-0.04374064
0.04706861
-0.00882184
-0.00554519
0.00026902
0.02365612
-0.01610810
-0.03368471
-0.03167827
0.01891973
-0.03444296
-0.04886867
0.00130406
-0.00831068
-0.00590295
-0.02736762
0.01280330
0.00081531
-0.00118200
-0.03356692
0.01887628
0.02902085
-0.00256170
0.00504092
-0.02874812
-0.00551505
0.01757216
0.00507863
0.05128587
0.01534840
-0.00910369
0.02367907
-0.03122367
0.00985026
-0.00021723
0.03475248
0.00594739
0.00007577
0.00940259
0.00182954
-0.03407381
-0.02032598
-0.05856134
-0.03022974
-0.04104409
-0.04809547
0.00566668
-0.01465169
-0.04415335
0.01172335
0.01832344
0.00566652
-0.00740964
-0.00617511
0.01976059
0.02019909
-0.00509965
-0.04751991
-0.04346698
-0.07905811
-0.02021777
-0.01382376
-0.00889405
0.00554355
0.01339326
0.02189563
-0.00707832
-0.01218468
-0.04767441
0.01088038
-0.00446672
0.03525015
-0.02498884
-0.05376654
-0.01341299
0.04796326
-0.01435991
0.00561276
-0.00741461
-0.01741485
-0.02485473
-0.00229963
-0.01571703
-0.03623754
-0.03534951
-0.01883706
-0.01709848
0.01880126
0.00633277
-0.02612206
0.05505894
0.03751582
0.03795082
0.00568569
0.01756621
0.00462235
0.02251585
0.01715704
0.00166160
-0.01067464
-0.00975486
0.04077489
0.00477614
-0.01114609
0.01243447
0.02613435
-0.00920383
0.05904315
-0.01060736
-0.02247767
-0.01158781
0.03437481
-0.00239899
0.00357606
-0.00898606
0.00725081
0.01523105
0.03931318
0.02449833
0.00015848
-0.02920326
0.03545202
-0.00160333
0.00761643
0.00720695
0.01167771
-0.00496817
-0.00463030
-0.01562558
0.00861106
-0.02444739
-0.02288353
-0.01555570
-0.00353864
-0.01925323
-0.00264622
0.01517038
-0.04959614
0.00186211
-0.00849824
0.07392715
-0.01019020
0.00851983
-0.00692473
0.00386302
0.00471581
-0.01262852
-0.02242056
-0.01269663
-0.03228899
0.00261344
0.02934649
-0.00082578
0.02297355
-0.01701310
-0.05740954
0.03152986
-0.00931578
0.01947900
0.01096004
-0.10079157
-0.00224158
0.00700473
-0.00143874
0.02217548
-0.00975845
0.00841099
-0.01898749
0.02891653
0.02200169
-0.00115168
0.00321465
0.01978554
-0.02004154
0.00392867
0.01846749
-0.00096477
-0.01508836
0.09053080
-0.01363355
-0.06087830
-0.01269088
0.00508101
-0.01551098
0.02094434
0.08266597
0.03151697
0.00915057
-0.03933893
0.00952521
0.00759222
0.02763271
-0.03583854
0.00955619
0.02020485
-0.03253121
-0.04918709
-0.01053646
0.01251969
-0.03532930
0.00370759
-0.02137829
-0.04095060
0.02665367
-0.00531875
0.00339174
0.02817961
-0.04657293
0.01872885
-0.00997572
0.02784287
-0.01486914
-0.03148613
-0.00188935
0.00832789
0.03894291
0.00759100
-0.00415132
0.04039510
-0.00078565
0.06358983
-0.01368782
-0.00237009
0.03763918
-0.04186477
0.02805237
-0.03421061
0.01612475
0.06745304
-0.02804940
-0.06275057
-0.01547096
0.02052210
-0.03798008
-0.00817188
0.01099769
-0.00772728
-0.00661049
-0.03034181
0.02025164
-0.01042310
0.01897651
0.01900701
0.04417953
0.01057844
-0.02376273
-0.07143509
-0.00898698
0.01411759
-0.01813591
0.00692176
0.02708261
-0.01154065
-0.08441149
0.02418058
0.01154822
0.03740408
-0.00103134
0.04798876
-0.01380465
-0.02532445
-0.04852133
-0.05022554
0.04100652
0.00900393
-0.05417006
-0.02608786
0.03551778
0.01125349
0.00476258
-0.00437098
0.00953272
-0.01177105
0.01881933
-0.04920635
0.05543512
-0.01205548
0.01126092
-0.01496798
-0.01721684
0.04031608
0.02953998
0.00853953
-0.03746517
0.02289595
-0.04206112
-0.02495298
-0.00610371
-0.01425089
0.01183954
0.00920151
-0.04607011
0.00983283
0.02355177
0.02398991
0.00564734
-0.06435835
0.00912570
0.01848724
0.01842014
0.00076782
0.02025776
0.00263361
0.00562023
0.00086237
-0.01327736
-0.01948460
0.01155886
-0.04387948
-0.01740815
-0.00270900
-0.00671516
-0.01432317
-0.03095103
0.03342435
0.01270463
0.02296266
-0.01851346
0.00072546
0.01283670
0.03008637
-0.00913440
-0.01021959
0.01737073
-0.03498021
-0.02820797
0.02751361
-0.04716838
0.02243977
-0.01596757
-0.00147684
0.02295532
-0.02932399
0.00857244
-0.01296016
-0.06178664
-0.01936534
0.03736924
-0.05069740
0.00404031
0.01161291
-0.03796138
0.11472106
0.01548623
0.06276704
-0.05356681
0.00474035
0.14545538
-0.02514356
0.05247955
0.01819400
-0.03994476
0.01453539
-0.02684793
-0.00285862
-0.01163150
0.00365257
-0.03048732
0.01129599
0.01471965
0.00716171
-0.01579493
-0.04040845
0.00072228
0.01926529
0.00793819
-0.03756535
0.01674460
-0.00902995
0.04069038
-0.04604305
-0.01049997
-0.01621309
0.00678721
0.01780041
0.02037404
0.01282652
-0.00464193
-0.04779733
-0.04012169
-0.01692841
0.03434691
-0.01912348
0.01170052
-0.03879591
0.02431777
0.04774837
-0.04410652
0.04130799
-0.00057266
0.03426622
0.01422193
-0.01654990
-0.09280014
-0.02234161
0.03455576
0.01069608
-0.06144351
0.00988828
-0.01057479
0.00082195
-0.00919912
0.04310453
-0.02367179
-0.01116956
0.02795302
-0.00679793
-0.06346441
-0.13054369
-0.06077396
0.00439207
-0.00804382
-0.03356424
0.00787232
-0.01321250
-0.02520738
-0.08221398
-0.02178540
-0.01954792
-0.00996264
0.00522895
0.00279783
-0.00643292
-0.07741731
-0.01989974
0.04616873
0.03892620
0.01671838
0.01299817
-0.03500291
0.03492874
0.04177389
0.02033821
0.01387950
0.04367992
-0.02786364
-0.00842535
-0.02478881
0.02431951
-0.03670634
0.02552548
-0.00368443
-0.00487087
-0.06579106
-0.05055730
-0.01843941
0.00186723
-0.00763581
-0.05476467
-0.01473919
-0.02964378
-0.02025966
0.03993130
-0.05241930
0.06180042
-0.02210960
-0.03736636
-0.01390246
0.03889582
0.05607202
-0.01956553
-0.02472996
-0.00541023
-0.05875851
0.02142925
-0.00724733
-0.07080138
-0.04021639
0.01844618
0.02791722
-0.00863703
0.04996369
-0.00075990
0.00900224
-0.00991486
0.00819629
0.05092928
-0.01501462
0.03009669
0.00858700
-0.06189925
0.04549491
-0.02010054
-0.03033494
0.03507558
0.00940403
0.00392611
-0.01057416
0.02008153
-0.01955425
0.00507504
-0.02032280
0.04861508
0.01377774
-0.02411120
0.01588202
0.00329681
0.00256124
0.01685498
0.02163934
-0.00414099
0.00902313
-0.00870203
0.08214077
-0.03737213
0.01070631
-0.01647379
-0.00252613
-0.04606424
-0.03375338
-0.01979775
-0.01218815
-0.07222439
-0.03428845
0.01679353
0.00797464
-0.02824297
0.02258822
-0.01453929
-0.00844957
0.00991089
-0.00922780
-0.00923427
-0.02221111
0.06721450
-0.01666204
-0.01236173
-0.02253704
0.00624946
-0.02070518
0.01248816
-0.02051109
-0.01308899
0.00719558
0.00409242
-0.00960451
-0.00942431
0.03763141
-0.02219397
-0.07382532
0.00967390
-0.04575243
-0.00688878
-0.01143832
-0.00042944
-0.02870348
-0.00788210
0.03140347
-0.01451116
0.00347088
0.00177417
0.01764370
-0.06817366
-0.00067495
0.00886894
0.03337070
-0.02711091
0.03290775
0.03758029
0.08386730
-0.01064623
-0.01070796
0.05234549
-0.01095692
-0.00106946
0.03631480
0.00915758
0.04642028
-0.04837296
0.02157804
-0.03433419
-0.04230927
0.00584372
0.03231857
-0.00413228
0.02472319
0.01234163
-0.01360624
-0.01822894
0.00979915
0.01841238
0.01981569
0.01739636
-0.04555551
0.01674230
0.04352327
-0.01664622
-0.04508900
-0.01288646
0.00708825
-0.00610588
0.00123073
0.05839068
-0.04994766
-0.00296440
-0.02797881
-0.02821899
-0.00766177
-0.04396805
0.01780865
0.04479425
-0.00357416
-0.01548645
-0.00093915
-0.03622010
0.00535349
-0.03621175
0.02580539
0.03663479
-0.02870725
-0.00618968
-0.02921847
-0.00503305
-0.00521323
0.00519312
-0.03712136
-0.00468322
-0.03505503
-0.01703437
0.00173878
-0.05658307
-0.01327633
-0.07406279
0.00731933
0.02249548
-0.02997020
0.01622003
-0.00579168
-0.01125737
0.00254362
0.00315704
-0.00336582
0.00801598
0.00190895
-0.08034973
0.01172731
-0.05097850
-0.01123619
0.04631481
-0.01067979
0.01831191
0.02620330
-0.00494126
-0.01910465
-0.06548016
0.00463263
-0.04679637
0.00693103
-0.01240026
0.01460684
-0.03372725
-0.02879103
0.03216039
0.01080330
0.00053321
-0.01314775
-0.03005629
0.00025900
-0.01347397
-0.02220881
-0.00919022
-0.01398570
0.00160960
0.03503112
0.03457893
0.00422890
0.02010124
0.00226386
0.04155486
-0.00045946
0.01828056
-0.00133853
-0.01136658
0.01065663
0.02254468
-0.00331754
-0.00474914
-0.02045611
0.01402343
-0.02908097
0.00379209
-0.04618913
-0.00288831
-0.01793896
-0.01572565
-0.00582803
-0.01442867
0.01269596
0.00841656
0.03925921
0.00420248
-0.00013487
0.00792469
-0.01453618
0.04467169
-0.03466977
-0.00477149
0.01950824
0.00581195
0.03606259
0.06700926
0.00035611
0.00111850
-0.05896710
0.00709673
-0.01442578
-0.01550729
0.00950645
-0.00628667
-0.01177056
0.01550030
-0.02618531
-0.01084797
0.00856409
-0.01654973
-0.00041400
0.01961775
-0.00875367
-0.01995293
-0.00547780
0.03051884
0.00572399
0.01033055
0.00496350
0.00745756
0.00801858
-0.00662483
-0.00486305
-0.00073539
-0.00695602
-0.01430963
0.00517371
-0.00668174
-0.00503258
0.01372721
-0.04691069
0.00072248
0.04936712
-0.00021106
0.00502492
0.00046490
0.00245656
-0.00000402
0.01312815
-0.00490229
-0.00111278
0.02227131
0.00890717
-0.03091100
-0.02591045
-0.04472916
0.01031495
-0.02682376
0.02349627
0.01508969
-0.00141417
-0.03931880
-0.02490642
-0.00549027
0.01296294
-0.00454376
-0.03279522
-0.00884007
0.03535156
0.02643410
-0.00602392
-0.00919038
0.00444162
0.00189880
-0.03366024
0.01573334
0.03249232
0.00659787
0.00042746
0.04225128
-0.00745149
0.00607923
0.04055666
0.01168943
0.00588608
0.01628037
0.02392623
0.00424234
-0.01672218
-0.02965885
0.03778728
0.00007322
-0.00593455
0.01979610
-0.00924813
0.03795305
-0.02548862
0.00169214
-0.01419759
-0.00479365
0.00303677
-0.01520540
-0.01111107
0.00688224
-0.06728968
0.02310939
-0.01399812
-0.04370573
-0.02796562
0.01630903
-0.04869117
0.02747357
0.00342398
0.00010463
-0.01958202
0.03087491
-0.02870641
-0.03935848
-0.00713291
0.00087482
0.00647407
0.00612143
-0.01621745
-0.03688129
-0.01409652
0.00888299
-0.02057621
-0.01669440
0.02030177
-0.00727986
0.00843703
-0.06384842
-0.01987885
0.00939810
0.00937932
-0.02207980
-0.04547666
0.00559374
0.01706033
-0.01261232
-0.02692057
0.00444325
0.02518587
0.03322547
-0.03980789
-0.01488674
0.02562483
0.06133549
-0.00970526
0.02781957
0.04288925
-0.02585528
-0.02978593
-0.06602886
-0.00060861
-0.02808876
-0.02550747
0.00879291
0.00236490
-0.00455843
0.00109237
0.02677341
-0.00080531
-0.02021945
-0.03443278
0.03081151
0.02724728
-0.00292043
-0.00999182
-0.03760625
-0.02151050
0.00016048
0.01990754
-0.02330031
-0.00985453
0.00507364
0.00126917
0.04112552
0.06391068
0.01207425
-0.00714559
0.01277933
-0.01816504
0.03110575
-0.02405194
0.00734501
-0.01047102
0.01287187
-0.00505184
0.01516212
0.02717917
-0.01366994
0.02353325
0.03092044
-0.03377365
0.01292918
-0.00961332
0.00666090
-0.01450957
0.01244414
0.02335879
0.00201898
0.02604341
-0.02390736
-0.01825439
0.01443806
-0.00758833
-0.00868165
0.03410811
-0.03520690
0.00143723
-0.01411970
0.00962786
-0.00466605
0.00534287
-0.01783058
-0.01550906
0.01861562
-0.00648252
0.01624665
0.00607182
0.00528368
0.02589012
-0.00356193
0.01629052
0.02905576
-0.04674358
0.02846288
-0.01215983
-0.03986432
-0.00263718
0.01837035
-0.02252253
-0.01292513
-0.03921927
-0.01939860
-0.04145516
0.00127051
-0.00722766
0.01689297
0.01673116
-0.01773093
0.00047363
-0.04902870
0.00512991
-0.01150088
-0.00746456
-0.01999503
-0.00243233
-0.00671184
-0.02337813
-0.01950838
-0.03553769
0.00374173
0.01358009
0.01238413
0.02940149
0.01003841
-0.01506683
-0.02289133
-0.00072035
0.01298704
0.00763201
0.04023974
-0.00875602
-0.04530439
0.01038853
-0.02908896
-0.01421012
0.00312962
0.01148206
-0.00554298
-0.06032379
-0.01645555
-0.01247802
0.00949985
0.03093616
0.04161794
-0.05366063
0.05843792
0.08401971
-0.04131583
0.00912573
0.01609160
0.03010353
0.02875949
-0.00190138
0.04879365
-0.04829969
-0.04824285
0.05646756
-0.01525058
0.01092183
-0.00162904
0.00730192
0.03769227
-0.02983723
0.04000462
-0.03521224
0.00647130
0.02225941
-0.04749916
0.02340770
-0.01148302
0.00981457
-0.01287953
-0.00322650
-0.02660058
-0.00182294
0.03162853
-0.02703004
-0.06772240
-0.00866939
-0.01125972
0.00623795
0.00664642
-0.02153430
-0.01520595
-0.00434389
-0.00415150
0.00199974
-0.00047615
0.06548791
-0.04048493
-0.10189053
-0.01129764
-0.01244040
-0.02780345
0.01503467
-0.00512036
-0.03971812
-0.01323978
0.03917005
-0.00596631
0.00065793
0.05992530
0.01670531
-0.04385769
-0.02648864
0.03080803
0.00331551
0.02325973
0.01714505
0.01559492
-0.02749214
-0.03567736
0.01516001
-0.06358191
-0.06472290
-0.01828770
0.00345754
0.00830356
0.01404235
-0.00213102
0.00184964
-0.02201663
-0.03559941
-0.03460611
-0.01782261
0.00862648
0.00825959
0.03322495
0.03355413
0.00341138
0.01677141
-0.01963795
0.01437253
-0.00958931
0.00885940
-0.01865522
0.05482630
0.00950587
-0.00121075
0.02368061
0.01533527
0.04272288
-0.00106327
0.01951344
-0.00165769
-0.00314732
-0.00745182
-0.03637664
0.00031741
0.00842994
0.04575853
0.03994803
0.01408348
-0.02424345
0.01047666
0.03905367
-0.02333905
-0.01522751
0.00375308
-0.01484071
0.02681182
-0.01603873
0.00247379
-0.04376743
-0.02411073
-0.00530573
0.03713910
-0.01703809
-0.01472619
-0.00843878
0.02353044
-0.02672125
0.01971088
0.02997262
-0.00163331
0.01658333
0.00255843
-0.02601690
0.02397370
0.01606115
0.01958350
-0.01087618
-0.01066061
0.01212795
-0.02742015
-0.00277732
-0.00367354
-0.00971226
-0.07759927
0.03570508
-0.00215090
0.03346509
-0.03737180
-0.02464629
0.02563272
0.01733242
0.02467864
0.03911626
0.03859266
0.03248251
0.06205297
0.00001592
0.01886372
-0.04401934
0.00397292
-0.05168471
-0.02876276
0.01012343
0.03372252
0.03931154
-0.08895645
-0.01040228
0.02005798
-0.01591657
0.00294319
0.00301214
-0.03526360
-0.01794810
0.01925058
-0.01092414
-0.03402798
0.06400659
0.03401566
-0.02038251
0.00633429
0.02138086
-0.00699878
-0.00987213
0.01688232
-0.01194300
-0.00182020
-0.01570815
-0.03889095
-0.02332573
0.00870259
-0.00827003
0.01217079
-0.00054425
-0.00585700
0.01461218
-0.01420570
-0.00280321
-0.00442818
-0.02585060
0.00917279
-0.00880773
-0.00763847
0.01161968
-0.00170662
0.00293745
0.03195984
0.07805382
-0.03989106
-0.00111159
-0.01111761
0.03505039
0.00294526
-0.06017479
0.00890017
0.00834291
0.00384358
0.00725678
-0.05527552
0.03968233
-0.00073737
0.03935714
-0.02014936
-0.00834978
0.01163992
-0.03022248
0.00671535
0.01622014
-0.02456378
-0.02604197
-0.01678174
-0.00772639
0.04597186
-0.03072190
-0.01933439
-0.04763972
-0.00719594
-0.00566036
-0.01283590
0.03867466
-0.03763811
-0.00467988
-0.01685515
-0.01838017
-0.08488498
0.03052643
-0.00674365
-0.07675198
-0.02611852
-0.01030275
-0.01066536
0.00833962
0.01627958
0.03828081
0.00901920
-0.00724752
-0.00208015
-0.02618449
0.00079259
-0.04993274
-0.00548659
0.00467665
-0.03141811
-0.03566822
-0.03663778
0.00622376
0.01536784
0.01815073
-0.04641680
-0.06485662
-0.00796723
-0.01588003
0.01830378
0.02443626
-0.02041672
-0.04378414
-0.00049512
0.00914080
0.02256624
0.01564907
-0.01614065
-0.00677634
-0.01648896
0.02494938
-0.02161643
-0.02228782
-0.05422440
0.00995063
-0.02804507
-0.01029943
0.04215932
-0.02344722
0.00886845
0.04341049
-0.01631189
0.00815361
0.03426371
0.01463435
-0.00127140
-0.03651768
0.03509090
0.01669171
-0.00888485
-0.01820363
0.02124841
0.02479037
0.01847877
-0.03530603
-0.02244367
-0.01461568
0.01204617
-0.01272088
0.00732925
0.00527274
0.00079961
0.00197795
0.01560107
-0.00109709
-0.02320375
-0.00050182
-0.07192924
-0.01675944
-0.02292434
0.03610754
-0.00483831
0.05823221
-0.03989823
-0.00430244
-0.05316024
0.01682416
-0.01820897
0.01230669
0.01842615
-0.02853340
-0.02494940
-0.03614464
-0.02575112
0.03870435
-0.01248384
0.00807142
0.05626503
0.01349625
0.01126210
0.04886039
0.00748178
-0.03565815
-0.04054579
-0.03357391
0.06148015
-0.00953154
-0.01245530
0.00603941
-0.02803028
-0.01148626
-0.03737227
0.01271940
0.00534421
0.06322831
-0.05466332
-0.01121995
-0.02472005
0.00625960
-0.03455552
-0.01123639
0.00305179
-0.00415120
-0.02389318
-0.08637995
0.01705894
-0.00742722
0.00848615
0.02520915
-0.00250396
-0.02570253
-0.00122425
0.03729394
0.02581133
0.00797680
0.04191910
-0.00193496
0.11159626
0.01194811
-0.04757136
-0.01201910
-0.00453336
-0.00487699
0.07892170
-0.01362463
0.03605677
-0.00495459
-0.01156180
-0.00878866
0.02615874
0.04642465
0.01760429
0.01527996
0.01252705
0.02435584
0.01277163
-0.02198458
-0.01324403
0.00124132
-0.05797093
0.03505655
-0.03158845
-0.03954445
-0.02990393
-0.00718380
-0.00064883
0.00456623
0.03905506
-0.01432918
-0.05442131
0.03263359
0.02576640
-0.00819220
-0.10375396
-0.03535165
0.01799433
-0.03017795
0.01086574
0.00014386
0.00728160
0.01359225
-0.01349229
-0.00287321
0.06732008
-0.00505143
-0.00207950
-0.05774445
-0.03924043
-0.06335084
0.00307833
-0.03083326
0.02751358
0.01432330
0.04725715
-0.03079953
-0.02130963
-0.01721241
-0.01120682
-0.00013506
0.01678771
0.06416651
-0.01003959
0.04192981
-0.02206161
-0.02626580
-0.01358483
-0.00535807
0.00019215
0.01182899
-0.00820307
0.00532133
-0.01694650
-0.01520954
0.00312942
-0.00972392
-0.00723728
-0.01210781
-0.01196329
-0.01347941
0.00052212
0.00726266
-0.00854913
-0.03628810
-0.02049210
-0.02400887
-0.01123094
0.00637941
-0.00357074
0.01673697
0.02952518
-0.00199668
0.01606729
0.00175948
0.06639269
0.01696557
0.00916903
0.02098983
-0.03624874
0.01413812
0.09055780
-0.02462864
0.00782434
-0.01368697
-0.00176995
0.03862943
-0.02115582
0.02718460
0.02339437
-0.00180904
0.02374666
-0.00037213
-0.00742764
0.03406365
0.00144823
0.03203817
-0.03559018
0.02502909
-0.00343767
0.01128580
-0.03769932
-0.03243569
-0.00972926
0.00070420
0.00052539
-0.00398835
-0.00340886
0.00870397
0.00128340
0.01391839
0.00170123
-0.01559439
0.01743173
0.03278171
-0.00673666
-0.05896480
-0.02305565
-0.03665033
0.00663171
-0.00717433
-0.00867321
-0.04548403
0.06493102
-0.03104131
-0.04919166
-0.02024102
0.03639867
-0.02744887
-0.03607320
-0.01003868
-0.00367886
0.00646797
-0.01993988
-0.01195117
0.00205076
0.04304253
-0.03411979
0.03198340
-0.01566748
0.02897378
-0.00661443
0.00293429
0.03006028
-0.00362244
0.01090730
-0.00087332
0.01736677
-0.01503153
-0.02351263
-0.04084372
-0.00749021
0.01214747
0.00750134
0.03251287
0.00808614
-0.02743835
-0.07319965
0.01476041
-0.01199870
0.01867561
-0.00146561
-0.01480463
-0.00564942
-0.00089617
-0.01763383
-0.01663813
0.00115504
0.02311302
-0.00715930
0.00468056
-0.02229611
0.00717174
0.00242530
0.04132194
-0.02554619
-0.00104749
-0.01179770
0.03318762
0.01590613
-0.03206687
-0.04326953
-0.02151501
0.02286842
-0.02068619
0.01717206
-0.02819668
-0.03679044
0.01608421
0.01863826
0.01664133
0.04488717
-0.03951170
-0.01569404
-0.05499942
0.00195758
0.03835334
-0.01714733
-0.02568554
0.02315644
0.01289158
0.00331609
-0.03116455
0.01436656
-0.01665631
0.03076729
-0.00407686
-0.01840917
0.00085579
-0.01713215
-0.02723290
-0.00390099
0.01435056
0.01247252
0.01452744
-0.00073184
0.00758634
0.00012968
0.00782947
-0.04285101
-0.02857485
-0.03130523
-0.02280876
0.00585981
-0.00336903
-0.00969998
0.01350647
0.06676274
-0.03746942
-0.01843707
-0.00665443
-0.01653847
0.00986043
0.02620474
0.02028163
-0.02491240
-0.03261236
0.00394705
0.06368975
-0.02835438
-0.03123341
0.02295303
0.04442957
-0.01448452
-0.00115033
0.11470523
-0.02879115
0.02066287
-0.02580732
-0.05718149
-0.04650077
-0.01998727
0.01703317
-0.01448067
-0.01839060
-0.11835544
0.02678519
-0.03573529
-0.00025666
-0.04117627
0.03785879
0.02067530
0.07065431
0.01079822
0.05098243
-0.03046388
-0.09964957
-0.05154911
-0.04785736
0.03517997
-0.03880968
-0.01898337
-0.01281032
-0.00929336
-0.01192507
-0.00879705
-0.07316407
-0.01380935
0.05085876
0.03671876
0.02197840
0.00248567
-0.01634596
-0.07503041
0.00648291
-0.01405966
0.06127710
-0.04357849
-0.01666536
0.08959926
-0.01555314
-0.01542581
-0.00719766
0.00230070
0.06045868
-0.09276119
-0.03452731
-0.03655158
-0.00289063
0.02114702
0.03758788
0.02846175
0.02462031
-0.03894617
-0.03970722
0.00781242
0.01632855
0.01418090
0.01891516
-0.03793294
0.03032066
-0.00365281
-0.03248795
0.00038962
0.01308949
-0.02744874
-0.01923155
0.08620606
-0.01958219
0.03175674
-0.02891253
-0.01146207
0.02980679
-0.03362376
0.02837805
-0.02493577
-0.00523193
-0.04130309
-0.04383991
-0.07280729
0.00530170
0.00487703
0.02347122
-0.00586269
-0.00558629
0.01125698
0.01204450
0.00666982
-0.03861908
-0.00996295
-0.03267874
-0.00006690
0.00909554
0.01248545
0.00263742
0.03373680
0.00770945
-0.01670884
-0.01223588
0.01336012
0.01085116
-0.00729883
0.00641317
-0.00569965
0.01072779
0.01047071
0.00416198
0.00175104
0.00881418
0.01212746
0.00044919
0.00067739
0.00651097
0.00316505
0.00365189
-0.02184804
0.03455872
-0.01048426
-0.01011903
0.00264134
0.00707689
-0.01598858
0.01221275
0.01273511
0.00853496
-0.01551024
-0.02232776
0.00846807
0.02638493
0.02076952
0.03572875
-0.02113274
-0.02632991
-0.00650151
-0.02569560
0.02537339
0.01179746
-0.00229339
0.03928915
-0.01243499
-0.01019653
0.02641384
0.00408882
-0.00589911
0.01237388
0.03377301
-0.02009320
-0.01454959
0.01469093
0.00279958
-0.01665762
0.03313244
-0.00886925
0.00646311
-0.01989454
0.03854955
-0.01849730
0.01616257
0.02180059
-0.00520796
-0.00208392
-0.01461829
-0.00028658
-0.01327932
-0.00303789
0.00313982
0.04179750
0.02118241
0.00795453
0.01774701
-0.00882369
-0.01143013
0.00086244
0.02243111
0.00829983
0.02603853
0.01563721
-0.00327211
-0.00166201
0.01091032
-0.01844509
-0.00750878
-0.02009945
-0.00902910
0.00793827
0.00127609
-0.01643045
-0.01812847
-0.04390051
0.01664932
0.01695256
-0.01176808
0.05056178
-0.00116947
-0.00094878
-0.02109903
-0.01608699
0.00052554
-0.02805454
-0.00364360
0.02839900
0.01931321
-0.02482222
0.00304683
-0.02159063
-0.04225424
-0.02782439
-0.01875086
0.02669536
-0.02835205
0.02321427
0.03002359
-0.03754083
-0.03314886
-0.03483313
0.00790134
0.01213280
-0.00341761
0.03867668
0.00292204
-0.05414738
0.01148341
0.00257261
-0.00994237
-0.01192790
-0.00499362
-0.02031718
0.00743137
0.06747828
-0.01830624
0.02152555
-0.07717282
0.00550993
0.00549254
-0.00637222
-0.00296659
-0.02134541
-0.03899882
-0.00678378
-0.01372154
-0.01069835
0.03647542
0.00351102
-0.01079389
-0.03078437
-0.00568016
0.01825491
-0.02963486
0.01159159
0.07697143
0.01271226
0.00168595
-0.03200729
0.00402087
0.00182989
-0.00527775
0.01513873
-0.01763954
-0.03673320
-0.03091138
0.03532695
0.01405518
0.00004209
0.00035796
-0.01869552
-0.06656374
-0.02478628
0.00904935
0.05636163
0.02889960
-0.06356824
-0.01341502
-0.00426135
-0.01907383
-0.01600870
0.02131168
0.02869107
-0.01677455
0.09789108
-0.00241855
0.06607049
-0.01170929
-0.02147851
-0.01644645
-0.06842105
0.01890774
0.05671573
0.00142764
-0.05367878
-0.00627335
0.03558819
0.00738157
0.05699535
-0.07235838
0.03294614
-0.00888058
-0.01272075
-0.00083941
-0.00051390
0.01459729
0.04848377
-0.05046238
-0.00611097
-0.02617240
-0.01855687
-0.05327513
-0.01836806
-0.00381372
0.02865354
-0.01373821
-0.03907783
-0.00581381
0.03896585
-0.02272018
-0.02162954
-0.00761924
0.00890140
0.00156247
0.00171941
-0.02575370
-0.03591627
-0.05851163
-0.01520622
0.00325294
0.02969375
-0.03897887
-0.01622019
0.04962420
0.01376248
-0.00038707
0.05015439
0.00286325
-0.01759706
-0.01369084
-0.02550378
0.00277471
-0.08062991
-0.01048777
-0.01933873
-0.02539611
0.10357987
0.03637664
-0.01736713
0.06630898
0.00230473
-0.06247906
0.01052689
0.00358742
0.08866259
-0.05961559
0.00560235
0.03304217
-0.00405031
-0.03792851
-0.02220153
-0.01295294
0.00614401
-0.01767941
-0.04874369
-0.02714077
0.00743854
-0.01272006
0.03743443
-0.03309681
0.02786375
-0.05659200
0.03239343
-0.01341070
-0.02449447
-0.02876868
0.05585591
-0.00605644
-0.01307614
-0.00691999
0.01032247
-0.04072618
0.01227678
-0.01709698
-0.01901980
0.00907497
-0.03576161
-0.01001719
0.03012932
-0.02218819
-0.00469464
-0.01066880
0.00929333
-0.00286917
0.04977413
-0.01452305
0.02884562
0.02045218
0.01811335
-0.04278690
0.00831845
-0.01343207
-0.01287069
0.06016698
0.01895575
-0.01867547
-0.00007245
-0.06723665
-0.01926175
0.02567145
0.05224039
-0.00793083
0.01616962
0.03441132
0.02907554
-0.04340430
-0.01460282
-0.01362671
-0.01407644
0.00890869
0.01160318
0.01384968
-0.03674291
-0.01844992
-0.01114776
-0.03514067
0.02016094
-0.01987080
0.01949084
0.00982642
-0.03214435
-0.01020913
-0.00648585
-0.02947027
0.01385800
-0.04667307
0.02648172
0.00193601
-0.00022272
-0.02973607
-0.03552671
0.01907927
0.01792812
-0.08037871
-0.02951350
0.05105836
-0.02330071
-0.04295391
0.00510905
0.00519239
0.02470257
-0.04184630
-0.02990529
0.02536293
0.01275533
0.01301285
-0.03851553
-0.06161756
0.00248326
0.02608651
-0.00184163
0.00586443
0.00324794
0.00835426
-0.04983566
0.00069738
-0.01257077
-0.03550350
0.00349811
-0.01947284
-0.00695645
0.02588096
0.08358633
0.03233571
-0.00129570
0.00126974
-0.00380506
0.00894803
-0.05524442
-0.00920237
0.03868931
0.00250631
0.03748646
0.00086507
-0.00094037
0.00207308
0.07031482
0.04640018
0.02030393
-0.08583405
-0.00186561
0.01034972
-0.00252620
-0.00025174
-0.00548164
-0.04223920
0.01301380
-0.00986687
-0.04603564
0.01006686
-0.00729309
-0.00235692
-0.01186216
-0.03350998
-0.00492193
-0.01355247
0.03314049
0.00379189
0.01442766
-0.03873480
0.01181905
-0.01872070
-0.02672885
0.02317128
-0.01448252
0.02034247
0.00104712
-0.02621309
-0.00363866
-0.02532781
0.05542450
0.00921039
0.04240737
0.00240864
-0.01950130
0.05037108
0.00729483
-0.01929303
-0.02489166
0.01245880
0.05101302
0.00840672
-0.01090611
-0.03820802
0.03633527
-0.00704886
-0.03032103
0.02799999
-0.04279328
-0.00138423
-0.00146818
0.00057525
-0.01293122
-0.01846799
-0.03898710
0.01699887
-0.01105046
-0.01221648
-0.00524435
0.01732665
0.03417905
-0.01060955
-0.00526994
0.08094997
-0.03126248
0.01439933
0.02766978
0.00072044
0.02747202
0.00760993
-0.02710297
-0.02801952
-0.00550671
-0.02946985
0.00278001
0.00606468
0.01404646
-0.02417628
-0.01367630
0.00172489
0.00736777
0.02221763
0.01826647
-0.01047228
0.04476707
-0.00554206
0.01090652
-0.03299434
-0.01079414
0.01007966
0.00439999
0.02256639
-0.00153035
-0.02401492
0.02589918
0.01590332
0.03393082
-0.00545977
-0.00001546
-0.03759689
-0.02024954
0.02666504
-0.01202949
0.01427457
-0.01686421
0.01457158
0.00633752
0.03034895
-0.00630177
0.00011386
0.01785799
0.03670517
-0.01742006
0.05442822
0.01338482
-0.01409915
0.00672612
-0.00751141
-0.01130314
0.03452171
-0.04627192
-0.03594942
-0.00802996
0.02741857
0.02554345
0.02361768
-0.00007824
-0.03172554
-0.06820450
-0.01792960
-0.03097547
-0.03260990
-0.01532780
-0.03970714
0.04158689
-0.04333613
-0.00469043
-0.01076278
0.00638613
-0.04992576
0.02977052
-0.03270120
-0.02858970
-0.01198639
0.02820696
0.02732864
0.02035072
-0.02334409
-0.01794342
-0.04497830
-0.01162708
0.00192133
-0.02474455
-0.00140599
0.00730614
-0.02190255
-0.04319445
-0.01571041
0.01596434
-0.01065943
0.00883119
-0.02253981
-0.01556993
-0.00870081
0.01819055
-0.04913894
-0.02816519
0.04189124
-0.03742839
0.01794540
-0.00592728
-0.02238893
0.06528053
-0.04530647
-0.01236061
0.01554896
-0.00146641
0.00872048
0.00873035
-0.04507289
-0.05433468
-0.02741237
-0.03196034
-0.01538882
-0.02389357
-0.01530491
0.00099671
-0.03874210
0.03338007
0.01236896
-0.00059094
-0.01558581
0.08048947
0.00466801
0.06545312
-0.03896228
0.01075853
-0.00011203
-0.02227735
-0.02063221
0.00925638
0.04810229
0.03083482
-0.07118539
-0.02770845
0.01095866
-0.00485067
0.02542103
0.06136241
0.02973070
-0.01242246
0.02944650
-0.00497320
0.01230697
0.03423706
-0.00374237
-0.01251946
0.01311243
0.00556205
0.01342878
-0.03837198
-0.01205506
-0.02922987
-0.01635890
-0.06741643
-0.00492607
-0.05104498
0.00348582
0.02540944
0.00427404
-0.02313894
-0.02212361
-0.00813068
0.01781689
-0.00953704
-0.02427462
-0.03404338
-0.02467775
-0.02476732
-0.00851518
0.03565785
-0.04391482
-0.00262432
-0.08370524
0.03892468
0.02830972
-0.01618454
-0.00621168
-0.04282400
-0.01504780
0.03317386
-0.00068482
-0.00590525
0.00582572
0.03037291
0.00408631
0.02820511
-0.00028667
-0.05293028
0.01385801
-0.05866747
0.03070301
-0.04132582
-0.03731746
0.02261177
0.00827425
-0.04516193
0.00092081
-0.01284516
-0.04098017
0.01481166
0.07577949
0.02034858
-0.00760538
-0.01488906
-0.03496433
-0.04686200
0.00117418
0.00050971
-0.03667901
0.00653580
0.02172136
-0.00429180
0.04535916
-0.01853202
0.00497537
-0.01491044
0.03150755
0.03679515
0.01992878
0.08643433
-0.01190394
-0.02822915
0.07289451
0.00692549
-0.03032710
0.01627046
-0.01678931
-0.01347687
0.05149399
0.00007052
-0.04659434
-0.08266694
-0.01911156
0.00188928
-0.01664425
-0.00275525
0.05665547
-0.02271013
0.01180386
0.06541019
-0.02262658
-0.04912127
0.04197518
0.04513042
0.09569792
0.00421319
0.05894210
0.01333479
-0.03445672
0.05780957
-0.02137341
0.05798938
-0.01617009
0.02893592
-0.03625597
-0.00324612
-0.05306558
-0.02195626
-0.03088274
-0.00633869
-0.08086120
0.00489802
-0.00264399
0.01160000
-0.00901540
0.05777819
-0.00578597
-0.05528788
-0.01275510
-0.01496682
0.00866726
0.02537779
-0.01646307
-0.01733759
-0.01142801
-0.00819615
0.00658860
-0.03557035
0.02658746
-0.05410742
-0.02071850
0.04944179
-0.07941227
-0.01207424
-0.02138835
-0.02303225
-0.05493652
0.04575615
-0.07250243
-0.00707459
-0.03578068
-0.06303622
0.01031179
0.01214278
0.03018865
-0.04950475
0.02433421
-0.05781191
-0.02475283
-0.04904839
0.00606713
0.01840044
-0.02456213
0.02507464
0.00102454
-0.03511285
-0.01614340
0.00500112
-0.02660462
-0.02672272
-0.02625774
-0.07100423
-0.03490833
0.07819191
-0.02292854
-0.00479209
-0.02918287
0.01450351
-0.04289228
-0.00435917
0.01083924
-0.06988464
-0.02004972
0.07661103
-0.03028561
-0.05203705
-0.02088992
-0.01213636
0.02369311
0.09678276
0.08839007
-0.01332120
0.07409652
0.05105224
0.02294021
-0.08351987
-0.04325087
0.00947265
0.01792721
0.05906162
-0.00916598
-0.05354811
-0.01302291
-0.03522148
-0.00334338
0.14924501
-0.06168934
0.01260634
-0.06946587
0.06769129
-0.01890528
0.00115964
-0.02677750
-0.02103495
-0.06055455
0.01372468
-0.03059601
0.05536541
-0.04179911
-0.02024206
-0.02582745
-0.03593088
-0.09014876
-0.08778842
-0.05892783
-0.00121175
0.00123563
-0.01390809
-0.03047493
-0.04390298
-0.00299451
-0.03783239
0.00974506
0.01239325
0.04889821
-0.03344094
-0.01752557
0.00614787
0.02825198
-0.00890088
-0.05318214
0.03843875
-0.00000850
-0.02157489
-0.08091722
-0.03193921
-0.06200740
0.07621359
-0.01644824
-0.01001767
-0.06992029
0.09226198
0.06902721
0.02800984
-0.02333781
-0.05386492
-0.01898882
0.02806424
-0.00323893
0.00213661
0.04715666
-0.03349197
-0.02324676
0.02358452
0.06010537
0.00389409
0.00552503
0.01291178
0.01591049
0.00564846
0.03041736
0.04801700
-0.01622369
0.00547115
0.02107926
-0.03612187
-0.02341090
-0.01628475
-0.04487259
-0.02720434
-0.00272683
0.03591242
-0.05854659
0.02186968
0.00459944
0.05469321
-0.03554684
-0.00083483
-0.01189977
-0.02036431
-0.01086550
0.04235666
0.02596785
-0.04558581
-0.02040738
-0.02855495
0.03760220
0.00133283
0.00762755
-0.02031883
0.02934993
-0.06488176
0.02157604
-0.01996073
-0.00964735
0.00882290
0.01846514
-0.00025229
-0.04682459
-0.02132897
0.02976801
-0.00848559
0.00387679
-0.00287858
-0.01512212
0.02464847
0.00262199
0.00002803
-0.02683213
0.04093174
-0.03935266
-0.00747121
-0.00578021
0.01784204
0.00862402
0.00977364
-0.01190992
0.00381519
-0.04353667
-0.02100511
-0.02066721
-0.05482621
0.00673251
-0.00160265
0.01596204
-0.08842926
-0.03139335
-0.00401156
0.05093782
-0.02894983
-0.03105095
-0.03008377
-0.00297039
-0.07797938
-0.02031855
-0.02796323
0.03232934
-0.01041434
0.00042486
-0.11684453
-0.06720123
-0.02986824
-0.09428860
0.04284684
-0.02124925
-0.00963957
0.03523535
-0.07824302
0.04239395
-0.04621163
-0.02392461
-0.01333920
-0.08414307
-0.03372986
0.03163624
0.05717668
-0.06098885
0.03766042
-0.04352904
-0.02946658
0.04728287
-0.02690242
-0.03999765
0.00202046
0.07821643
0.00046374
-0.01613639
0.03118589
0.03553570
-0.05538496
0.07977790
0.01368697
-0.00911210
-0.05322263
-0.02783315
-0.00072746
-0.00201047
-0.05917890
-0.03108082
-0.03265124
-0.01288242
-0.01247823
-0.08051189
-0.07865694
-0.01113624
-0.07031952
-0.00632748
-0.01750926
-0.04838878
0.01638308
-0.10837942
0.06677304
-0.05534766
-0.03280704
-0.04988410
-0.02257864
-0.01587697
0.00465472
-0.01367602
0.00050119
-0.11808439
-0.00788774
0.00552404
0.03893528
0.00732336
0.00747872
0.07351000
0.04416566
0.00837860
-0.01635201
-0.02920175
0.07568929
0.03866201
-0.00825164
0.04813845
0.00590457
0.10884600
-0.02686725
-0.01223688
-0.00213719
0.03049213
-0.03203266
0.09988435
0.05037772
0.06752197
-0.03262957
0.01605088
-0.03826745
-0.00790158
-0.00632611
0.02002503
-0.00228869
-0.02709476
0.04084051
0.07236782
0.01294723
0.10708350
0.00630559
0.04949332
-0.02826090
0.00380598
0.03472213
-0.03679593
0.01168691
0.02324701
0.01726594
0.00162440
0.01694722
-0.03740523
-0.05299091
-0.01868857
0.01324840
0.06259214
0.04276188
-0.01104913
0.01282674
-0.02937764
0.00496816
-0.03912846
0.01229101
-0.04380228
-0.00930921
0.03618211
-0.06538923
-0.05156706
0.02461369
-0.04049807
0.01029106
-0.05452253
-0.03066405
0.02331284
0.06087007
-0.02556735
0.01171729
-0.00068930
-0.02981701
0.00647749
0.02035708
0.03694312
0.03905144
-0.06944931
-0.00980918
0.00922381
0.02640652
0.01363155
-0.07630512
0.10121638
0.00781447
-0.01778682
-0.04770053
0.02597240
-0.02736724
-0.01982651
-0.05248180
-0.02307646
0.05179361
-0.00167848
-0.02587689
0.02479602
-0.02161366
0.03301799
-0.02772551
-0.03294272
0.01409679
0.00326949
0.07279591
-0.02145298
-0.03134216
0.01277519
0.00098149
-0.05446154
0.05033321
0.00302713
-0.02824316
0.00163700
-0.02917859
0.01765558
0.04639403
-0.01210557
-0.03470652
0.00269442
0.04213781
-0.02969807
0.00036658
-0.01906026
-0.01136401
0.01795833
-0.00573999
-0.05559011
-0.00474145
-0.02125391
-0.01751859
-0.03822532
-0.03999677
-0.00429981
0.02570873
-0.00108740
-0.03279332
0.01149835
-0.00018164
0.03751134
-0.03502228
-0.02411091
0.01207710
-0.01696141
0.01077340
-0.04134780
0.03818746
0.03164937
-0.02541984
-0.01020473
-0.02013982
-0.00846035
-0.02396671
-0.00912153
-0.00982333
-0.01197762
-0.06616483
0.01037664
-0.00427579
-0.01828072
0.08393990
0.04729310
-0.05814047
-0.02193174
0.00710739
-0.02706156
-0.03136812
0.00291674
-0.01104223
0.03084610
0.00803803
-0.04393458
-0.04110700
-0.02687636
0.01260309
-0.03521828
-0.00399533
-0.00886807
-0.01730427
0.00892470
-0.00376343
-0.01985155
-0.05272908
-0.00195603
-0.02314138
0.02724248
-0.02587142
0.04300603
-0.02024532
0.05321310
-0.03592075
-0.03358034
0.00247016
0.01841014
-0.01295296
0.06847514
0.16517754
0.03374621
-0.02283989
-0.00260088
-0.02667225
-0.02532846
-0.02632091
0.01861762
0.03873523
-0.03106317
0.00678879
0.01521373
0.01711435
0.02895440
0.00672484
0.02120623
-0.02452610
-0.00347325
0.01543803
-0.00167374
-0.00439695
0.05809028
0.04939583
-0.00368318
-0.06651464
-0.00092510
-0.02479431
-0.06349260
-0.06391272
-0.04850720
-0.03691273
-0.03372980
-0.02822489
-0.01830834
0.00382658
-0.02158097
0.00309768
-0.00672282
-0.01806367
-0.03316367
0.02228183
-0.02759476
0.01122848
-0.02815908
-0.02387548
0.00272831
0.02073994
-0.00810026
0.01947344
-0.03336904
-0.04018490
-0.05516912
-0.01926390
0.00082594
-0.03267047
-0.05130781
-0.02285333
-0.06076784
-0.03908036
-0.02603730
-0.04569685
-0.02994040
0.08778594
0.10505797
-0.01036392
0.06277598
0.03556154
0.01322779
-0.02753639
-0.01166609
0.00008741
0.04935115
0.01815158
-0.03780987
-0.04212859
-0.07505117
-0.02740357
-0.01292072
0.03002193
-0.02035374
-0.06276824
-0.01373778
0.04102119
-0.03061987
-0.04267599
0.01860385
-0.01592981
-0.02132074
0.00668717
-0.02987027
-0.02874122
-0.02012937
-0.02202843
0.00147461
-0.01470621
-0.05284923
-0.02575989
-0.07777984
-0.01726565
0.01706629
-0.01900970
-0.03040034
0.00467458
-0.01151679
0.01408758
0.01402816
-0.00474786
0.00722269
0.00052600
0.00320292
-0.01350848
-0.00356933
-0.00439255
-0.02172621
-0.03323168
0.00841358
-0.03159916
0.00125921
0.00144400
-0.05301076
0.05211853
-0.01485403
-0.00414240
-0.05221462
0.04596368
0.10883188
-0.04425130
0.03523472
-0.00196753
0.05895834
0.03876299
-0.01463287
-0.03936742
0.01524546
-0.03962193
-0.02861913
-0.00293074
-0.02048551
-0.01424040
-0.02143493
-0.03403415
-0.04888998
-0.04226651
0.02319206
-0.07662275
0.00533104
0.02216708
-0.03865594
-0.04415069
-0.01904554
-0.04051955
0.00904050
-0.01289572
-0.04231751
0.00113729
-0.01975036
0.05943730
0.01113854
-0.05443134
-0.01804623
-0.01208436
-0.07497073
0.02046892
-0.03344980
0.00175288
-0.06009503
0.04357954
-0.02179928
0.00725150
0.04103389
0.02301209
-0.08694500
-0.03540200
-0.06582881
-0.02625108
-0.05103297
0.01035328
0.02453300
-0.17412263
-0.08439478
-0.02489316
-0.03264165
0.02367649
0.03082532
0.05163023
0.05287734
-0.00957546
-0.01360908
0.04420706
-0.01354127
-0.02789712
0.03436585
0.17323770
0.03063226
0.00476475
0.01535351
0.02697323
0.02374492
-0.05653782
0.02345343
-0.01562208
-0.00129497
0.04625387
-0.02301789
-0.02031311
0.02691374
-0.02396658
0.02006356
0.01822681
0.01510388
-0.01024773
-0.08468038
0.02247358
0.18273772
0.14826585
0.01879129
0.02609438
-0.01053811
-0.03080858
-0.08908192
0.10717869
-0.02454241
0.06928637
-0.09445133
-0.02850587
0.02182756
-0.05495081
-0.07118446
0.02731866
0.01074092
-0.01813065
-0.04503474
-0.03743044
-0.04417995
0.04239986
0.00642077
0.00847492
-0.07777996
0.04873170
0.01950408
-0.01393821
-0.03064314
-0.00154751
0.00514022
-0.03474231
-0.00954099
0.02056737
-0.11831564
-0.02317628
0.02346332
0.00587555
0.00640178
0.05026797
-0.02782787
0.04846227
-0.04656719
0.00819185
-0.03391835
-0.02279215
-0.01735209
0.02441457
0.00683961
-0.05630584
0.02514691
-0.06268872
-0.00193255
0.03128376
-0.02682917
-0.00881943
-0.05342232
-0.07644724
0.07971125
0.01145349
0.02578534
0.02581020
-0.01199877
0.03408938
0.03878957
0.04710558
-0.00888296
-0.02658167
0.05472482
-0.02453728
0.00985864
0.04467709
0.02444164
-0.01165474
0.00449052
0.10665650
-0.02953636
-0.04377752
0.00018511
-0.03090427
0.00890353
-0.00418002
-0.01496636
0.01524231
-0.07035032
0.00594973
-0.01693015
0.03855029
0.05001048
0.03486543
-0.00794750
-0.08768138
-0.01016973
-0.01112291
-0.02017102
0.00343868
0.00954728
0.00145286
0.01729124
-0.07163277
-0.02479854
0.00361968
-0.02723250
-0.06690288
-0.01450669
0.00483046
0.01743038
0.03281853
-0.01991689
0.06445828
-0.00923416
0.00736069
0.02849773
0.01732581
-0.01143049
-0.00900811
-0.00842979
-0.00735542
0.00181638
-0.01954432
-0.03125305
-0.03496740
-0.04042662
0.00791477
0.01074906
0.01714278
-0.00528037
0.00918102
0.00990553
0.00937499
-0.01515532
0.00998670
0.00495163
-0.02498952
0.01318346
-0.02229564
-0.03429488
-0.02805972
0.05870928
-0.03894612
0.08489289
0.02786993
-0.00247288
-0.01955194
-0.01303895
-0.02624245
-0.00034128
0.01424679
0.02207839
0.00260496
-0.03557457
-0.00866956
0.01351374
0.03443775
-0.00900085
0.01714248
-0.01370613
0.01281095
-0.01433218
-0.01648514
0.03107402
0.00022300
0.01010017
-0.01435996
-0.02695803
-0.00916261
0.00152461
-0.01107271
-0.01932399
0.00439728
-0.05495202
-0.01668925
0.02642472
-0.01794436
-0.02183251
-0.00835843
-0.02287004
0.01535861
-0.03087313
-0.01452479
0.00580585
-0.00212320
0.03951735
0.00861567
0.01228608
-0.01447127
0.02680648
0.01947815
-0.01818842
0.01784004
-0.03692284
-0.01298777
-0.05921819
0.00402014
-0.06757724
0.03008582
0.01769137
0.00283262
-0.01789103
-0.00152140
0.02302052
-0.01386334
-0.02805774
-0.00249169
0.02914740
0.02359979
0.01924840
-0.00358361
0.01393177
-0.02049622
0.00825274
0.00103010
0.00952825
0.02915054
-0.01219865
0.03828180
-0.01458892
0.03066814
-0.00833069
0.02145760
-0.01537144
0.00134573
-0.00792739
-0.01341843
-0.00388794
0.02841957
-0.02982410
-0.01388252
-0.02420115
0.00662836
-0.01813301
0.03729945
0.01567359
0.02112561
0.04226280
-0.01118274
0.00010087
0.05697197
0.03485098
-0.02577180
0.01255865
-0.00202904
0.04047364
0.05197707
-0.02394878
-0.03379099
0.01723251
0.05286776
-0.03934925
0.03712035
0.01896343
0.01521972
-0.01616471
0.04178023
-0.08674726
-0.02820998
-0.03700694
0.00060330
0.00029910
-0.01263281
0.00851707
-0.02526545
0.00294407
0.01062853
-0.03329292
0.00534023
-0.04506358
-0.01745717
-0.03632176
0.01108803
0.03217061
-0.00932396
0.02058443
-0.00692710
0.04124416
0.02242795
-0.00451006
-0.00819546
0.03655774
0.00244440
-0.00480118
0.01166918
0.06955229
-0.00724510
-0.01899999
-0.00983733
-0.02837112
0.00260157
-0.01806724
0.01947960
-0.02622331
0.01185174
0.00560497
-0.01486158
-0.02805559
-0.00696813
0.05352645
0.04082818
-0.00008023
0.00078443
0.02619065
0.01266394
-0.01900410
-0.04963007
-0.02974036
0.00113906
-0.05968408
-0.01080093
-0.01598620
0.00202668
0.02361711
0.03898747
0.00845031
-0.09473758
-0.02038387
-0.03764674
-0.01368646
-0.01390008
-0.01162789
-0.01622110
0.00522265
0.00911311
0.01216103
-0.00455036
0.01440782
0.01727612
-0.01910059
-0.02367072
-0.08774547
-0.05312477
-0.04887373
0.04258877
-0.01443664
-0.02092214
0.01924142
0.02567563
0.01700214
-0.01631350
0.01552428
-0.10291193
-0.05097092
0.02594272
0.04933078
0.03213056
-0.00601734
-0.03546936
0.03085997
-0.02193366
-0.02099607
-0.01065511
-0.00362753
0.00387346
0.04633530
-0.00346407
0.06820124
-0.00896294
0.01071006
0.03442110
0.04011604
-0.02218788
0.03109749
-0.05193746
0.05000689
0.07872614
0.07986209
-0.03409060
-0.02996561
-0.02532775
-0.01707362
0.02425365
-0.02867958
-0.02986755
-0.01303170
-0.04061354
-0.02685290
0.02269355
0.06750351
-0.00327932
-0.01066510
-0.04124690
-0.01592345
-0.02405309
0.02147820
-0.02008370
0.05963399
0.02588606
0.04214991
-0.04817943
0.01726861
0.02355605
0.05050804
-0.01731910
-0.02839736
-0.02916638
0.01057104
-0.01354635
0.01526739
-0.00392653
0.02373957
0.05761558
-0.00183826
0.02961554
-0.01321547
-0.01026097
0.02531054
0.02290986
-0.04200335
0.00810351
-0.00477417
0.06581724
-0.00743237
-0.00583639
-0.05091805
0.00013753
0.01048033
-0.02382298
-0.00532668
-0.00151462
-0.00580178
0.01322481
-0.02362195
-0.00487710
-0.02635433
-0.00449630
0.02839815
-0.00486997
0.04271709
-0.04592442
-0.04630534
-0.01683014
-0.03019579
-0.01155629
-0.01722331
-0.04773609
0.00491322
-0.01501136
-0.02076709
0.02979453
-0.02145977
0.03330145
-0.00716064
0.04459751
-0.01797681
-0.04272355
-0.03045051
0.02426276
-0.02044824
-0.01465877
-0.01517205
0.01151978
-0.03075356
0.03164002
0.02707626
0.02850009
0.00269215
0.04239976
-0.01982456
-0.01040585
0.02540426
0.00430125
0.01047204
-0.00500487
-0.02992992
-0.03381051
0.00735401
-0.03483031
0.02080808
0.02374892
-0.00193543
-0.01151038
0.01998926
-0.00119828
-0.02523408
0.01561337
0.06323311
0.00158729
0.02281906
0.00002448
-0.01591709
-0.01495511
-0.01301575
0.00422573
-0.00073994
-0.00359211
0.01671103
-0.02760834
-0.05971236
0.01950615
-0.03147978
-0.04118711
-0.02756564
0.01685582
-0.06189953
-0.00461852
0.00805020
0.01725357
0.03174487
-0.01167013
-0.01933399
-0.00063320
-0.00731201
0.00977218
-0.01860667
0.01571286
0.01503385
0.00015729
0.04468870
0.02271033
-0.05364851
0.04143248
-0.00467407
0.02634892
0.04988008
-0.01481680
0.03556596
0.05434338
-0.02424693
0.01120434
0.00281335
0.03532681
0.06818920
0.05845337
-0.02800918
-0.01666189
0.00997804
-0.00061106
-0.00817254
0.01232956
0.02284762
0.04438282
-0.00230765
-0.00340774
-0.00187899
-0.01325947
-0.06327449
0.00171174
0.03588716
-0.04697062
0.03412424
-0.02424697
0.00307750
-0.01714621
-0.01196157
-0.01385910
-0.02234703
0.00904127
0.00474932
0.02214257
0.02018451
-0.00317338
-0.00883293
-0.01995697
-0.02025042
0.01979303
0.03143894
0.07199200
0.00009554
-0.03807869
-0.01213134
0.01479951
-0.01433943
0.03563383
-0.02327725
0.03535932
0.02057526
-0.04720241
0.02154741
-0.02564160
0.02095041
-0.03396706
0.00014995
-0.00972222
0.04318576
-0.03736088
-0.00248823
-0.00450464
0.02184177
-0.04053234
0.02672434
0.00671238
-0.02320278
-0.00340781
-0.03973569
-0.00635712
-0.00429286
0.02270257
-0.00175309
0.00911463
0.01332938
-0.02787362
-0.01838202
0.01932193
-0.02286003
-0.00306074
-0.01420720
0.00568627
-0.03423294
0.00564488
-0.00692464
0.01720051
0.01591616
0.03868087
0.04019328
-0.00228300
-0.01387580
-0.01661775
-0.02613840
-0.00241622
0.02115646
0.01311681
-0.01223426
-0.00145830
-0.00213291
-0.01453167
0.02241051
0.04536438
0.05210291
-0.00544923
-0.00049111
-0.01272724
-0.01847043
0.02188879
0.02557315
0.00340419
-0.00349630
0.03872050
-0.00829193
-0.00137619
-0.01573053
0.00551351
-0.01413801
0.00268293
0.02148055
-0.04254784
0.03928109
-0.03398385
-0.01339572
-0.05713556
0.01417587
0.01041771
0.02881504
0.02232375
-0.01298624
0.03789130
0.03017622
-0.00058077
0.01443452
-0.01600589
0.01433072
-0.00500461
0.02289362
0.08129965
0.02422985
0.00473200
0.01493632
-0.01387707
-0.00508630
0.00151285
-0.03445964
-0.00326379
0.00695602
0.02882486
-0.02204520
-0.02452306
0.02049740
-0.00035688
0.02524158
-0.00533212
-0.01328738
0.00988509
-0.01493554
0.00788037
0.05100133
0.02567611
0.03685392
-0.01788799
0.00098751
-0.04588967
-0.03908348
-0.01662485
-0.04333679
-0.00278730
0.01013997
0.02465141
-0.00169444
-0.00281612
0.00691912
0.03740675
-0.01887914
0.01634945
0.00415374
0.01312645
0.01464810
0.03835602
-0.01796694
-0.00721452
0.00256902
0.02229454
0.01311356
0.10086135
0.00124379
-0.00398258
-0.00950770
0.02364141
0.00500977
-0.04336064
-0.01267350
-0.01995988
-0.07656720
-0.01995148
-0.00416858
-0.00805671
-0.04866042
0.02724575
0.06234633
-0.01273938
0.07340108
-0.05115614
0.01559398
0.01098194
-0.02481906
-0.02493495
0.01811338
0.03478242
0.00035926
-0.02310816
0.00580523
0.01127380
0.02151067
-0.02009959
-0.03132252
-0.03170026
0.01512264
-0.04189954
-0.03121533
-0.01375627
-0.01602889
-0.01403672
-0.01164696
-0.01870147
-0.03259371
0.05584577
-0.00714943
-0.03487177
-0.04577743
0.04290650
-0.04914521
-0.05498851
-0.05335188
0.00179472
-0.04721236
-0.00818454
-0.00659489
0.00676102
-0.01920486
0.01321139
0.02092602
-0.00822131
-0.08773483
-0.00557075
-0.06067550
0.00766796
0.00395142
-0.00779666
-0.00704929
-0.01045891
0.00694857
-0.01186417
0.04797101
-0.01548666
-0.03244070
0.02059123
0.00548323
0.00879026
0.00073099
0.00471116
0.04135590
-0.03196309
-0.02232478
0.03212789
-0.02508879
-0.01069942
-0.06262078
0.04919260
0.01211826
0.02920777
-0.04740229
-0.01197046
-0.03466906
-0.00286130
-0.01175959
-0.01076244
-0.03275563
0.04104764
0.01866252
-0.00017079
-0.00994698
0.01193926
-0.04073144
-0.02269658
0.00036476
0.02770104
-0.00456064
0.01645415
-0.03722099
-0.02918080
0.00995704
0.01686722
0.02825188
-0.00215160
-0.02330314
-0.03935118
-0.01173817
0.00873535
-0.02440810
0.02178481
0.00262751
0.00157265
0.01873151
-0.04620885
0.02748926
0.00442706
-0.01946393
-0.02042377
-0.00808391
-0.06133227
0.03956923
-0.04125143
0.03483715
-0.01962979
-0.01094941
-0.02046184
0.02383455
-0.03074408
0.00919118
-0.03031565
0.03392812
-0.02818697
-0.00083623
0.00211196
0.01792392
0.00910612
0.00469373
0.02767894
-0.03308915
-0.06174403
-0.00796162
-0.00348227
0.01283342
-0.01621637
-0.02559139
0.00605929
0.00465884
0.00059922
0.02171537
0.01264254
0.01868229
-0.01575977
0.05778936
0.01096086
0.02758886
0.03216062
-0.01752464
-0.01434072
0.01010249
-0.01594869
0.00627518
0.01213677
0.00034474
-0.02469421
-0.05367631
-0.01902508
0.01506865
-0.00791410
-0.04730302
-0.01020310
-0.00912841
-0.01517729
0.02203939
0.05351258
0.02016411
-0.02188903
-0.07340559
0.00610428
0.00991142
0.01580670
-0.00305567
-0.00223414
-0.00991954
0.02617688
0.01132681
0.10056122
-0.00754188
-0.00033637
0.00261870
0.01176152
-0.05168733
-0.01505764
-0.03807328
-0.02885911
0.02569224
0.00501219
0.04929738
0.00712590
-0.00367854
0.04339590
0.01492854
-0.00627256
0.00134697
-0.01196511
-0.03254638
0.00265116
-0.00746152
-0.04155182
-0.01257371
-0.03441551
0.01031733
-0.00881593
0.02976224
-0.00754524
-0.01037018
-0.00351274
0.01805423
-0.00667287
0.02760952
-0.03298674
0.02026811
0.05184724
0.00660702
-0.00640539
0.00899419
-0.03618166
-0.00390693
-0.02825827
0.02624598
0.02597923
0.01626903
-0.00018230
0.01899190
-0.04274925
-0.01838643
0.03091906
0.04814805
0.03872458
0.00840328
-0.02486308
-0.02019756
0.01843947
-0.05239839
-0.04297793
-0.03212455
0.00513706
-0.01122197
0.03407482
0.04738286
-0.05959933
0.00627351
-0.01092026
-0.06339933
0.00609256
-0.03054249
-0.01015059
-0.01786796
-0.04777636
0.05437544
0.00625008
-0.02873543
0.03070176
0.00882913
-0.15816361
-0.04348632
-0.03244666
0.18469064
0.05016989
-0.00407397
0.00433192
0.01838372
-0.02696038
0.09516971
0.01365702
0.04348884
0.00332031
-0.00707017
-0.00316234
-0.01834976
-0.00479257
-0.05311722
-0.08323714
0.05258656
0.01266663
-0.00740142
-0.07710594
0.03092429
0.00766148
0.02782064
-0.06325521
-0.00738583
0.02927959
-0.01737268
0.01429664
0.07512721
-0.01132133
-0.00676386
-0.03111793
0.00982273
-0.07984117
0.01791059
-0.05260427
-0.05058559
0.00116265
0.00695751
0.00892391
-0.01691157
-0.03699512
-0.06982207
-0.03889053
-0.04697571
-0.05863713
0.01524085
-0.03332925
-0.05098089
0.00303303
-0.04546417
0.05721412
0.00598014
-0.03644602
0.01392978
0.04247926
-0.02050428
0.03042752
-0.04248353
-0.06842861
-0.05906187
-0.00071299
-0.02275263
0.03422431
0.08699672
-0.06664915
-0.03772952
0.03815405
-0.02081883
0.07426275
-0.00484836
0.00545141
-0.04813183
-0.05704135
0.11674116
-0.05063554
-0.04128980
0.00226846
-0.03604690
-0.04329094
0.08405317
0.01112365
0.02860126
-0.07968386
-0.00746745
-0.02050122
-0.00026448
0.01801765
0.04155691
0.01867407
-0.02391844
-0.04220955
-0.05458407
-0.02053536
-0.05873511
-0.01986890
-0.03731052
-0.07644252
-0.00780070
0.02899216
-0.03824438
-0.00359179
0.01383990
0.01704486
0.02298892
-0.00850428
0.02281397
0.03846973
0.03972736
0.02097960
-0.01180848
0.08619827
-0.01482997
-0.05140697
0.04461792
0.03633826
0.03309770
-0.03807516
0.04091389
0.01771986
-0.00547481
0.03461508
-0.00153034
0.00023137
0.04038027
-0.02066283
0.00373615
0.00723019
-0.01935943
-0.06305352
-0.01877655
0.02156792
-0.02044412
-0.03704396
0.05387899
-0.01197822
0.00934642
-0.00796359
0.04457395
-0.00973377
-0.00538252
-0.01503954
-0.00343292
-0.01135370
-0.02999288
0.00138475
-0.02177026
-0.01692625
0.02819117
-0.01288985
-0.04207813
0.02615852
-0.02771562
0.04105888
-0.02789306
-0.02243954
-0.04516613
0.03338271
-0.01642584
-0.02849875
-0.01047948
-0.01760490
-0.01032956
0.02012233
0.00164522
0.02193924
-0.02210909
0.04428707
0.03529939
-0.01948734
0.00198103
-0.00153183
-0.03869420
-0.01712697
-0.02831687
-0.01011310
0.05318728
-0.02817284
-0.00914317
0.02120132
0.00764921
-0.02632441
-0.00412607
-0.05072900
-0.01874057
-0.01802558
0.00539652
-0.00495858
0.02598978
-0.01206830
0.02188298
-0.00852177
-0.00274013
0.02759397
-0.01291518
-0.01500660
-0.00419823
0.00417269
0.00863060
0.01226791
-0.01254905
-0.01622469
0.00114927
-0.02847164
-0.01286487
0.02212784
0.02174328
0.01970437
0.00420160
-0.00431835
-0.03093787
0.01279461
0.01022779
-0.00720580
0.00972029
0.01537399
-0.00532686
0.02023797
0.03074608
-0.00794872
0.03863043
0.02710642
-0.00080519
0.00822387
-0.03654271
-0.01383057
0.00213040
-0.00503612
-0.00852806
0.01447988
-0.00927504
-0.03107836
-0.01549544
-0.05140315
0.00544440
-0.07404876
-0.00856510
0.04593610
-0.03604455
-0.06880839
-0.01348653
-0.06625780
-0.00895086
0.02470804
-0.02951695
-0.00483917
0.01122757
0.04398101
0.02526696
-0.00925795
0.01352702
-0.00067654
-0.01591980
0.00667779
-0.00011550
0.03373375
-0.03350620
-0.00738738
0.03401967
-0.00636087
0.01063422
0.03364367
0.04132058
0.00075967
0.00240435
-0.00507511
-0.00401470
-0.00603142
-0.00282274
0.01551193
0.01088936
-0.01790502
-0.02477709
0.03740224
-0.09909456
-0.02175254
0.07627137
0.07307403
0.03753066
0.01555368
0.01460156
-0.04974403
-0.04570992
-0.00404358
-0.00116500
-0.04250471
0.01511594
-0.00447268
0.00674186
-0.01252090
0.03199792
0.01343631
0.03045563
0.01761577
0.04346585
-0.00480966
0.00358486
-0.00513000
0.01019998
0.01447166
-0.02054852
0.06040391
-0.04963709
-0.00002182
-0.02324728
-0.00546125
0.00391897
0.01665450
-0.00687422
0.00577937
0.01602811
-0.00814878
-0.00479028
0.02974005
-0.04233295
0.03235734
0.05706149
-0.02302807
0.00017144
-0.00517887
-0.02379025
-0.02009700
0.03150563
-0.01278616
0.01137343
-0.02781686
-0.02946358
0.03265299
-0.00819317
0.06460711
0.07285763
-0.02571688
0.01927860
0.07596991
0.05667847
0.00415721
-0.03689875
0.10852093
-0.08715840
-0.01083630
-0.03173686
0.01618749
0.02318066
0.06331346
-0.01335295
0.00622043
-0.03840584
0.01193614
-0.02847448
0.00400334
0.04204006
0.05667568
0.08629020
-0.02685605
-0.02107169
-0.04785345
-0.00204618
-0.00867793
0.06599896
-0.02553673
-0.00829815
-0.04415873
-0.00082275
-0.01424206
0.01165344
0.02505971
0.01618574
-0.01196533
-0.00130032
-0.01359277
0.03479488
-0.01965550
0.00166808
-0.01067593
0.00521504
0.00129472
-0.00078613
0.01008579
-0.01491795
0.00210921
-0.02740416
0.02503606
0.00695920
-0.00022153
-0.01526101
-0.03268192
0.05582599
-0.00156018
0.01996548
-0.00916909
0.09053032
0.01556323
0.02635699
-0.03726283
0.01723295
-0.03950560
-0.00823391
-0.07877431
0.01155573
0.05978688
0.00062541
0.00723075
0.03918636
0.02834951
0.00277222
-0.02409449
0.05287318
0.05152604
0.06455512
-0.00910018
-0.01412195
-0.09608708
-0.04698264
-0.01432184
0.07603396
0.03629580
0.19242968
-0.00973814
-0.07518606
-0.01301740
-0.05723592
-0.00881948
0.05748146
0.07637959
-0.00696680
-0.03865777
0.03188941
-0.05537803
-0.02218423
0.13078271
-0.02590270
0.09421516
-0.02212910
0.12692754
-0.03853289
-0.01079306
0.00663085
-0.04025065
-0.03449126
-0.00077038
-0.05233379
0.00269458
-0.02195581
-0.02326135
-0.01324868
0.07725433
-0.06130174
-0.13129620
-0.05083798
0.00555695
-0.01185603
0.06386773
-0.01144782
0.04504094
-0.02864455
-0.05914778
0.03190547
-0.04990433
0.01540045
-0.04518356
-0.04030963
-0.02355289
-0.00897187
0.04343432
-0.00887223
0.03357225
-0.03630183
0.06971989
-0.05686482
0.01486777
-0.00524275
0.03677469
-0.01185160
0.03460592
0.06620795
-0.00541753
0.02487898
0.03019836
-0.02890141
-0.01735711
-0.02929576
-0.03339281
-0.01567243
0.07739544
-0.06485678
-0.01401753
-0.00270937
-0.06763902
0.01928532
0.03999913
-0.02288052
-0.02260466
0.04919647
0.03292428
0.00754594
0.00730498
-0.02656145
-0.04730092
0.02770010
0.03136365
-0.00073389
-0.00050716
0.01080279
0.04063948
-0.01628154
-0.04173613
-0.01812064
0.04737763
0.01510142
0.01389165
-0.01305713
0.00241935
0.00295665
-0.00770401
-0.00482180
0.00089177
-0.04779053
-0.02611923
-0.00153979
-0.00582022
-0.02923662
0.01393057
-0.06323825
0.02546502
0.02398973
-0.09426492
-0.01875832
0.00418214
0.00015055
-0.01815582
-0.01945490
-0.00917068
0.04540048
0.02481711
-0.06400657
0.00338498
0.06772493
0.02891294
-0.01120884
0.00541780
0.00954755
0.00643511
0.00619061
-0.05267018
-0.02731562
-0.03876527
-0.01616604
-0.00119365
0.00626577
-0.00640704
0.03012550
-0.05087342
0.00279609
0.04062044
-0.03019328
-0.01489070
0.01145969
-0.01862835
0.02001944
-0.01251467
0.00382857
-0.01664465
0.01611951
-0.00934864
-0.05656279
-0.05895450
0.00892915
0.00839540
0.00300137
-0.01381599
-0.07338081
-0.00329335
0.04301327
0.05247754
-0.01867023
0.01201797
0.00858138
-0.00141061
0.03435976
-0.01041672
0.01756332
-0.00065886
0.07077190
0.02981161
0.04153542
0.01368231
-0.01222911
0.00046355
-0.04149810
0.03775747
-0.03268915
-0.04187342
-0.00596062
-0.04132987
0.06225353
0.01338565
0.01104167
-0.00684253
-0.04809693
-0.02634876
0.02867103
-0.02534513
-0.00744789
0.00757300
-0.03408798
-0.02410602
0.01520996
0.00470024
0.00024591
-0.00968513
-0.01354886
-0.03575220
-0.00448422
-0.06383280
-0.01357268
-0.06918338
-0.07154654
-0.01984457
0.04883039
0.00877200
-0.00598906
-0.02226402
-0.09636041
-0.00274099
0.02185395
-0.02255998
-0.05089097
-0.02164159
-0.07031278
-0.04594492
-0.04606275
-0.03288159
-0.00734730
-0.04671933
-0.00929071
0.01832467
-0.02351528
0.05324150
0.05144994
0.05809629
-0.02405094
-0.00028810
0.01857998
0.01730355
0.05834736
0.00975066
-0.01632443
0.00640647
-0.07639923
-0.01355905
-0.02011341
-0.01734426
-0.02378275
-0.01709905
-0.00045991
-0.08160226
-0.01649678
-0.02061027
0.00088414
0.01302757
0.04133186
0.06039889
0.05624603
-0.07573183
0.04154705
-0.00905895
-0.04048615
0.07684968
-0.05673356
-0.00366170
0.03192127
-0.01476631
-0.01760226
-0.01568719
-0.02013859
-0.00595205
-0.00661959
0.00394897
-0.00742544
0.03543869
-0.02782144
0.00360332
0.00109953
0.00611887
-0.00406207
0.00356279
-0.02503642
-0.02726646
-0.03437269
0.02236834
-0.03773313
-0.02017291
0.00773592
0.03607482
0.01719736
-0.00565601
0.00738670
0.00546451
0.01410738
-0.00731050
0.03524739
0.00631999
-0.01222384
-0.00988592
-0.04143631
-0.00770623
0.01515770
0.01101930
0.07263704
0.00278383
-0.02093899
-0.02312139
-0.07637019
0.01258494
-0.00717431
-0.00778351
-0.00577308
0.01157364
0.01336505
-0.02079543
-0.01915619
-0.03299861
-0.00818759
-0.00492051
0.00192089
0.00679685
-0.00177552
0.03000005
0.01404503
0.01116742
0.04176689
0.01285987
0.00260499
-0.01620800
-0.00029704
0.09364486
-0.00730363
-0.03037174
-0.01623537
-0.04768250
-0.02702988
-0.00365006
0.01960344
0.00962287
-0.00528681
-0.00940246
-0.00160945
0.02425667
0.02292556
0.00303535
0.01172616
-0.01988015
-0.00671428
-0.01571643
0.03021657
-0.00977371
0.01507645
0.03955470
0.01725852
-0.01930950
-0.02213986
-0.01961609
0.00603693
-0.02065866
-0.01937384
-0.00536571
0.00709602
0.00414735
-0.02724149
-0.03600965
-0.00597219
0.06625965
-0.02628983
0.02124907
-0.02746957
0.00346693
0.02316806
0.00126460
0.00203844
-0.00901383
-0.00340653
0.04314354
-0.01147066
0.09231498
-0.02365420
-0.02475270
0.01878743
0.01183506
0.01049196
-0.02527598
0.01207118
0.01021361
-0.00331196
-0.03897814
-0.01441110
-0.01102084
0.02906786
0.02081708
0.03557149
-0.00408864
-0.00245230
-0.01302885
-0.02893481
0.01259159
-0.05372913
-0.02387382
0.02314179
-0.00894751
0.07691387
-0.02703560
0.08799963
0.01332748
-0.04538509
-0.04342668
0.00086027
0.01015691
-0.01101523
0.01315835
-0.01008377
-0.01701815
0.02815686
-0.00631628
-0.00026993
0.00989787
-0.02682009
0.02620290
-0.00779305
-0.04102146
-0.01072091
-0.00466907
-0.05673130
-0.03179662
0.00292001
-0.01479910
-0.03284613
0.00407583
0.01196994
-0.02210345
-0.00298255
0.00711706
0.01015658
-0.01359529
0.01636129
-0.00608637
-0.00716218
-0.02474291
0.00247682
-0.00500122
-0.01495389
0.00583490
-0.02592522
0.00827806
-0.00994101
-0.04646004
-0.02749682
-0.01901316
0.00874344
-0.00744374
-0.02590727
-0.00474605
0.01437959
0.02864890
0.01396219
-0.00887339
0.01729933
-0.03186395
-0.01313430
-0.00624714
0.00437741
-0.00974294
0.00835275
0.01403404
-0.01387729
-0.00184318
0.00805835
-0.01567129
-0.00133414
0.04991908
0.01800117
0.02973304
0.01341293
0.00968844
0.00505937
-0.00865772
-0.01267420
-0.02285494
-0.00927902
-0.02486550
0.02382776
0.00983562
0.00456744
-0.01100039
0.00344797
0.00056168
0.00998278
0.01105962
-0.01588847
-0.01154894
0.00604388
0.05227951
-0.01765788
-0.00313565
-0.00800561
-0.02309797
-0.03846150
0.00050010
-0.02447735
0.00349977
-0.00405320
-0.06816506
-0.00110931
-0.01125762
-0.00655725
0.03013746
0.01507610
0.03100995
0.00995559
0.00916270
0.02471129
0.01113288
0.00257954
0.01454297
-0.00668145
0.02408917
-0.00765315
-0.00421625
0.01380523
0.02759841
-0.00346085
0.01579610
0.01148953
0.01368698
-0.00928433
-0.01411471
-0.00710799
0.01722706
-0.01934266
-0.01732084
-0.00726370
-0.01600851
0.03829846
-0.00309265
-0.01690536
-0.02514372
0.00594896
0.00295275
0.02234804
-0.00662369
-0.03060181
0.03522127
0.00424159
-0.01640598
-0.02063474
0.05181024
0.00357792
-0.01023378
0.02358389
0.00788848
-0.02966635
-0.01105866
0.00022917
-0.01972988
0.00446603
0.02924079
-0.03052580
-0.00050610
0.01257229
-0.01825046
0.00605837
0.00657747
0.01828913
-0.04799318
-0.00437648
0.03867187
0.00438096
0.00727842
-0.01094078
0.01012089
-0.00658489
-0.02112835
-0.02861467
0.02079744
-0.02043689
-0.00547990
-0.01679919
-0.00056227
0.03036000
0.02391265
0.02974094
0.00761863
0.01286606
0.01148552
-0.04293821
-0.03145660
0.02692528
0.02483543
-0.00938590
-0.02663551
0.01811267
-0.02395636
-0.00575584
-0.00107275
0.01781797
-0.04923185
-0.02442972
-0.03611038
0.04771634
-0.03638608
-0.02262752
0.03645674
0.01678402
0.02787768
0.00122610
0.01867678
-0.01374426
0.01738141
0.01748759
0.03786553
0.01607429
0.00329774
0.00102214
-0.02576013
-0.02861969
0.04201422
-0.01180320
-0.02024940
-0.02269514
-0.00965210
-0.01077565
-0.03460104
0.02859848
-0.01034374
-0.04960642
-0.05080115
-0.03561034
0.02731217
0.01448037
0.00799229
0.00903094
-0.02954057
-0.03337136
-0.01603020
-0.02929326
-0.03308178
0.02385814
-0.03658427
0.05309032
0.00671891
-0.03454909
0.03562997
0.01650860
-0.04700702
0.01727737
0.00531965
-0.03086152
-0.00199352
0.00616241
0.01058831
0.01995901
-0.02231311
-0.00233629
-0.00061465
0.00754265
0.03297523
0.00949700
0.01977674
-0.01274175
-0.00024196
0.01374680
-0.00061264
-0.02566968
-0.00470846
-0.00181274
0.00761023
0.01644651
-0.02722003
0.01094278
-0.00392655
-0.04009697
0.00534539
-0.00417154
0.01127820
0.01069957
0.00925640
-0.01428387
0.01828346
0.01026237
0.02189783
-0.02018770
-0.02821869
0.02451582
-0.00889597
-0.02029530
-0.03327094
-0.00324986
0.04828150
0.00333782
0.02282064
-0.01050118
-0.02169662
-0.01360361
0.01396326
-0.02164051
-0.00859858
0.00202754
0.06292156
-0.02972528
0.01538448
-0.01311065
-0.01329554
0.01801912
0.03648640
0.00184197
0.00091521
-0.01675754
0.00915272
-0.00464812
0.00582563
0.00044179
0.01755250
-0.00786152
0.02006864
0.01842418
0.00465073
0.01952440
-0.02621029
0.00491737
0.02068160
-0.00256711
-0.01472499
-0.00198808
0.00674692
0.01517271
-0.00014245
-0.01601639
-0.02029970
0.01117329
-0.02856410
0.01574225
0.01519955
-0.00853346
-0.02889628
-0.01700552
0.00193148
-0.03800859
0.03108991
-0.01001085
-0.00715206
0.03930595
0.06811184
-0.02958170
-0.02504045
-0.00808441
0.06527083
-0.00378608
0.06468628
-0.03344136
-0.00372205
0.05240532
-0.02099885
-0.00974819
-0.03355337
0.03734167
-0.04270375
-0.03170741
0.03108536
-0.08047593
-0.09156020
0.01741649
-0.06200698
0.03336708
0.02420869
0.02173418
0.00351833
-0.03012536
-0.03387118
0.00512439
-0.07605276
-0.07016309
0.00728375
0.08845358
-0.02015614
-0.02634097
-0.01098202
-0.00668989
0.01735070
-0.02284846
-0.04634602
-0.04103830
-0.09852425
-0.01431653
0.02222803
-0.04888561
0.00627019
-0.08118739
-0.01365793
-0.00519087
-0.10344686
-0.03104720
0.00329920
-0.00865224
-0.00536241
-0.02252207
0.00775304
0.05158963
0.04929844
-0.00377659
0.01600268
0.06627969
-0.07195488
0.01523983
-0.05217709
0.07218038
-0.04637631
0.02405157
-0.00512753
0.04963779
-0.05855883
0.03774143
-0.03586202
-0.00532719
0.01101184
-0.02507877
-0.05130466
-0.00703325
0.05031521
-0.08350769
-0.01044844
0.00668000
0.01316074
-0.03171498
-0.01901854
-0.03836711
0.03287233
0.00326166
-0.02249102
-0.09093877
-0.03666255
-0.01300200
-0.00180964
-0.03911271
0.04660278
-0.02273415
-0.05340214
-0.02801525
-0.01394282
0.04599896
0.00856857
-0.04870088
-0.00636845
-0.04150898
-0.02049396
-0.03500522
-0.02342991
-0.04098031
-0.00530398
-0.00882847
-0.00327748
-0.02273589
0.01539294
-0.02742191
-0.11667947
0.00826302
0.03275497
-0.04031471
0.03488357
-0.00159306
-0.03156471
-0.01027414
-0.01316717
0.05708626
0.05190277
-0.05300376
-0.00195759
-0.07732122
-0.03036592
0.00360424
-0.07871136
-0.00466873
0.01232356
0.14137606
0.04044707
0.01188250
-0.06338862
-0.03845561
0.07779045
-0.00790124
0.06592727
-0.01299482
-0.07669159
-0.09640783
0.01054484
0.02054356
0.00792860
-0.08327611
0.04919840
0.03688919
-0.03651293
-0.04291013
-0.02382027
0.02589016
-0.02956732
0.01014143
0.01972202
-0.02600892
0.00760851
-0.01276379
-0.02714352
-0.00320888
0.01340610
-0.03738074
0.05290512
-0.01246378
-0.03736674
-0.02158366
0.01705149
-0.03616039
0.02954820
-0.02889967
-0.03267659
0.01652640
0.02838757
-0.00144648
-0.02359324
-0.01043177
0.00792235
-0.01131688
0.03208538
0.01863913
-0.08568406
0.07736024
0.02878275
0.10002022
0.04330163
-0.04634162
0.02704873
-0.02498871
-0.05364771
0.00120087
-0.01374736
0.01118774
-0.02724533
-0.03772360
0.00973822
0.03525404
-0.00780806
0.02932272
0.01315191
-0.01152956
-0.01886404
-0.00077205
0.01688691
0.02070740
-0.02338018
0.01828528
0.00026584
0.00692629
0.04970156
-0.01671142
0.04071341
0.03786124
-0.00382844
0.01494472
0.01634808
0.00242578
0.00073807
-0.03586720
-0.00449675
-0.00864423
-0.01425378
0.04037057
0.02817250
0.04967599
0.07155611
-0.00562713
0.03378695
-0.01479356
-0.04440733
-0.01470657
-0.00410615
-0.02225370
0.01213101
-0.00601430
-0.05973604
-0.02358089
-0.01660517
-0.02322971
0.00832399
-0.03885027
-0.09642233
0.01273730
-0.02068113
0.01000488
0.07967235
-0.01197708
-0.02162815
0.01322699
0.00971874
0.03276594
0.00073721
0.00034219
-0.01529127
-0.00452318
0.01083338
0.01680995
-0.00558811
-0.00032246
0.02732719
0.07932033
0.01157565
0.01844013
-0.01798424
-0.01542050
0.02652826
-0.01450846
-0.01239987
0.00794250
0.01709419
-0.00909004
0.01729692
0.01529991
0.02582527
-0.01520396
-0.00074538
0.04065664
-0.05764008
0.08050785
-0.01746747
-0.08000116
0.02400343
0.03419897
-0.02834126
0.00621293
0.01652956
-0.05312972
-0.00242291
-0.05247951
0.01162273
0.01288801
0.03272311
0.01873142
0.00741495
-0.03315471
0.03503970
-0.00636007
-0.02291128
0.02445771
-0.02040493
0.02437289
-0.02151617
-0.00411539
-0.00983446
-0.01443624
-0.02166788
-0.01981013
0.05160378
-0.00745428
-0.01834525
0.00619737
-0.01267466
0.00896743
0.00195653
-0.01167696
0.00622023
0.03047035
-0.00094677
-0.03183723
-0.04287891
0.00145670
-0.02430312
0.06344143
0.01817754
0.06666774
0.00220668
-0.01542203
-0.07639325
-0.02384363
0.00822372
0.02435971
0.01287044
-0.04016913
-0.04512589
0.00902727
-0.01531400
-0.02569290
-0.01035712
-0.02562037
0.01501816
-0.03146367
0.02168836
-0.00383186
0.00470937
-0.00779958
0.00256200
-0.00397236
0.00669477
-0.03314820
-0.01651833
-0.00491822
-0.00428559
-0.04334292
0.03403282
-0.06054497
-0.02094638
0.01560249
-0.00587321
-0.01556573
-0.04313894
-0.01121365
-0.01410688
-0.00350685
-0.03229642
-0.01723222
0.00920750
-0.01628631
0.00541488
-0.01002463
-0.00520256
-0.00932950
-0.01826436
-0.03540642
-0.01235935
0.01351760
0.00333591
-0.04835798
-0.03657187
-0.00236168
-0.03350960
-0.01457660
0.01637773
-0.07285958
0.01127124
-0.03636361
-0.01942208
-0.03168064
-0.04876463
-0.00298481
0.01868872
0.02011300
-0.03190288
-0.01279864
-0.06541331
-0.01696637
-0.00693306
0.04292651
-0.01767202
-0.01240057
-0.00688830
0.02070200
-0.06406406
-0.01299906
0.00187340
0.01625291
-0.02346872
0.01895141
-0.02723424
0.01577456
-0.03686670
0.00246982
-0.02897487
0.01685720
0.04565423
-0.03020010
-0.00898732
0.00582375
-0.01377401
-0.00138792
0.04588356
0.03873607
-0.01292093
-0.01587030
-0.07499726
-0.01267392
-0.04371661
0.00124823
0.07958188
0.01686516
0.00480217
-0.01388001
-0.01595003
-0.03022091
0.03307327
-0.01771895
0.05188543
-0.00079872
0.03001344
-0.01824927
-0.02339572
-0.06455763
-0.02199891
-0.03881357
-0.02991560
0.00392164
-0.03899687
-0.00923726
0.03581947
-0.04062738
-0.04438460
-0.00090056
-0.02119427
0.01012605
0.01728139
0.00590250
-0.02779640
-0.02871205
-0.03029286
-0.01107047
-0.03290610
-0.02069216
-0.01757124
-0.03521292
-0.03659897
-0.07906944
0.05003576
-0.00747147
-0.02087311
0.00054666
-0.00989430
-0.00580467
-0.00508826
0.03438770
0.02874136
0.06269936
-0.03459160
-0.02483760
0.04407176
-0.01187629
0.06253923
-0.05589198
-0.01747128
0.00644119
-0.02357069
-0.06788971
-0.02043193
-0.00746557
-0.02244142
-0.01567601
-0.03333375
-0.01068856
0.00357969
-0.00663106
0.01908023
0.00988393
0.03681923
0.04259186
-0.00532219
0.03148242
0.09811725
-0.01017660
-0.02966461
0.02198294
0.02078356
0.01626666
-0.01358725
0.02785504
0.01593772
-0.03496847
-0.01249904
-0.03078231
-0.00870581
0.00463503
0.04825130
-0.01107575
-0.01457400
0.04916519
0.03221197
-0.00290026
0.02751947
-0.01712204
0.01316082
-0.00509491
0.01281702
0.01760558
-0.04023932
0.01259861
0.00496157
0.02576268
-0.08872769
-0.03125662
-0.02710890
0.04093675
-0.09601215
-0.00870365
-0.04152329
0.04679125
-0.04798778
0.00820616
-0.04505947
-0.00543862
-0.01741196
-0.01689659
-0.02249739
0.01612891
0.01314163
-0.00712103
-0.00038846
-0.03043011
-0.00485800
-0.00642168
0.01594964
0.00204516
0.03289850
-0.04254198
0.02875417
0.03088980
0.02844528
0.03310830
-0.01928270
-0.00769532
-0.03222903
-0.00814295
0.00187082
0.03684914
-0.05958433
-0.02543196
0.00418258
0.10770909
0.01451561
0.00808860
0.02332265
0.03537147
0.01661160
-0.01376930
-0.00877941
0.04517266
-0.02488807
0.06893223
0.01023478
-0.01811846
0.07703783
0.06198648
0.02052081
0.00108093
-0.00004249
-0.03463843
-0.01074455
-0.00228792
-0.01421614
0.00013125
0.03148931
-0.01914262
-0.03901398
-0.05421923
-0.01637913
0.02658184
0.04631715
-0.02814800
0.01922254
0.02084186
-0.03164590
0.08058941
0.01224821
-0.00778962
0.02123761
-0.03683090
-0.00292079
0.03661390
-0.08206693
0.02672352
-0.07219281
-0.02648633
-0.02930098
0.00057679
-0.03454899
-0.01228977
0.01362672
-0.03071412
0.09380627
-0.03374876
0.05291769
0.00616618
-0.01789944
0.02490421
-0.01168534
-0.00647633
-0.04356254
-0.02625977
0.02244927
-0.05333260
-0.00028605
-0.02084647
0.01264931
-0.01425010
-0.00176428
0.01781669
0.01246786
-0.01782191
-0.07310800
-0.01389232
-0.02775960
0.04741450
0.03311669
0.04279357
0.00185497
0.01182703
-0.02029546
-0.01790791
0.02232018
0.04793111
-0.00775902
0.00739507
-0.03987305
0.00893920
-0.01051210
0.00555609
0.00702254
-0.06083776
0.05911105
0.00873248
-0.02463662
0.06130145
-0.06246590
0.02283611
-0.01527733
-0.02643349
0.03690199
-0.00607188
0.01179093
-0.01102010
-0.05341053
-0.03133227
0.01462799
-0.04071421
-0.05510703
0.02031432
-0.01667001
-0.00622100
-0.03681248
0.02120751
-0.00373084
0.00162932
0.03002588
-0.03251238
-0.01194528
-0.00581348
0.01250651
0.00777693
-0.02967462
0.00582780
-0.00365822
0.01164627
0.01617414
0.00218881
-0.04296832
-0.03048482
0.01028909
-0.06620979
-0.03527076
0.00134061
-0.01229479
-0.04011992
0.02997754
-0.03789069
0.02260749
-0.03741005
-0.00686402
-0.06110658
-0.02069476
0.06085708
-0.02138758
0.08422294
0.00531399
0.00481872
-0.06404879
-0.00364759
0.00862571
0.00973328
0.00385064
-0.03786051
-0.06832761
0.03066070
-0.02427213
0.00436829
0.00029581
0.00687196
0.01380274
-0.03895384
-0.02055977
0.03450748
0.03079713
0.01425901
-0.04231862
0.04232962
-0.00797512
0.00175828
-0.01840411
-0.02820925
0.13723260
-0.00947973
-0.03656428
0.00768078
-0.02535626
-0.01702864
-0.02163186
0.00613376
0.03136731
-0.01869943
0.00599537
0.01826765
-0.01525731
0.02934766
0.00295156
0.03213043
-0.04761102
-0.02742010
-0.02613372
0.00727848
-0.01458401
0.03108824
0.06950780
0.03974364
-0.06558994
-0.02500224
-0.03237250
-0.01576242
-0.02296307
-0.04482665
-0.01797693
0.00217696
-0.01870026
0.01552564
-0.06407781
0.01902524
0.03191867
0.01029321
-0.01696104
-0.01817582
0.01336495
-0.01455912
0.00898472
-0.00212001
0.03460505
0.04001635
-0.00910669
-0.02544485
-0.00793420
-0.01061729
0.00152545
0.02460110
0.00640736
0.01038052
0.02540338
-0.00503116
0.00751242
-0.00632064
0.01968190
-0.02187763
-0.00812545
-0.01394282
0.01655905
-0.02056744
0.00354397
0.02259363
-0.00128628
-0.00241797
0.02268501
0.01502031
0.00067251
0.03906808
-0.02054740
0.04205671
0.01804690
-0.00585278
0.04284668
0.00650214
-0.06837474
0.04495112
0.03876303
0.00170581
0.10306298
0.00164263
-0.02841508
0.02576410
0.03674348
0.02308726
-0.03669342
-0.00500801
0.00093825
-0.00352627
-0.00657895
0.01976807
-0.01418798
-0.02455779
-0.00039630
-0.01624960
-0.04436970
0.00255446
0.00626066
-0.02071463
-0.00566318
-0.02167081
0.01555435
-0.01176238
-0.02012166
-0.01351235
0.00648657
0.02701405
-0.03590388
-0.01420010
-0.01165907
0.00308508
-0.02448890
0.04742150
-0.00458090
-0.07114892
-0.06422211
-0.03087429
-0.02527220
0.00068468
0.02971249
0.05387059
-0.03806231
-0.01054742
-0.07717783
-0.00404729
0.02601742
0.12071165
-0.02954829
-0.03156501
0.05127439
-0.01103283
-0.00576776
-0.01224988
0.03721604
-0.02303799
-0.01410888
0.00739947
-0.02104050
-0.02051037
0.01927261
0.02814894
-0.00726280
-0.02836300
0.04233515
-0.02325057
-0.01115293
0.03807164
-0.00637862
-0.02201377
-0.03061227
-0.04264903
-0.00142817
-0.00425032
0.06510334
-0.02937124
0.01785308
-0.02196292
-0.00617134
0.00633310
0.00200987
0.01719901
0.01844613
-0.03389391
0.02307560
0.02688156
-0.01701118
-0.03687394
-0.07300986
-0.06041904
0.00136632
-0.00208400
-0.00819288
0.05601217
-0.03345686
0.00862631
-0.01446805
-0.01498179
0.00461748
0.06477717
0.01584080
0.03204020
0.00573135
-0.00689082
0.03179216
-0.00939629
-0.06741289
-0.04022813
-0.03545760
-0.05491375
0.02578838
-0.00090751
-0.09694479
-0.02918390
0.05842023
-0.00491801
0.01140236
-0.00156837
0.10022520
-0.03481462
-0.02119528
0.03314801
-0.01123337
-0.05749390
-0.00664738
0.01995542
-0.02635281
0.01021895
0.00137012
0.00281413
-0.02879947
0.01192518
-0.03963715
-0.03560366
0.02740078
0.01820090
-0.03074201
-0.07689353
-0.03311954
0.01989985
0.01493254
-0.00932723
0.03980848
-0.01420977
-0.03385621
0.01217922
-0.01527534
-0.01445540
-0.00782288
0.02295904
-0.00005141
-0.00066110
0.01345147
-0.03338405
-0.01326838
0.03271434
0.01194910
0.00255410
0.02691508
-0.00576804
-0.01323616
0.01163650
0.00141674
-0.00899660
-0.02886221
0.02878171
-0.01696845
0.02383369
-0.00606737
0.00819822
-0.02105026
0.00081886
-0.01426247
0.03301095
0.00753121
0.05290790
0.03407399
-0.01489366
-0.03014293
-0.03003072
-0.01416807
0.03746518
0.04730853
0.04004602
-0.02881740
-0.00367338
-0.00509135
0.02227926
0.08019111
-0.02571088
0.04896701
0.00930251
-0.01985055
-0.01836644
-0.02082184
-0.01104941
-0.01349688
-0.00858316
-0.00920365
-0.00912920
0.00229346
-0.02030424
-0.00496498
-0.01643319
0.05217703
-0.01866975
-0.02919275
-0.05561810
-0.01239485
-0.00323635
-0.01100968
-0.01131747
-0.02733138
-0.04313670
-0.00499928
0.02451895
-0.00144734
-0.00191247
0.02222301
-0.04313965
0.03032242
0.00916060
0.01928949
0.00745279
-0.01776079
-0.01645011
0.00013479
-0.03667765
0.02937786
-0.00759154
0.01963952
-0.01218852
0.06241013
-0.02409050
0.01436906
0.03026791
0.02227696
0.01569321
0.01925225
0.04581547
0.02225705
-0.00572365
0.08194286
-0.03485600
0.00373782
-0.03661763
-0.04575365
0.00957761
-0.02125384
0.02698026
0.01554012
-0.01298866
-0.00846092
0.00810314
0.01746983
0.02097861
-0.02471497
0.01922203
-0.01425877
-0.01814782
-0.00954280
-0.02155501
0.01406579
-0.03206939
-0.00726796
-0.00680086
0.01278461
0.06238423
0.00085390
0.00276952
0.04514631
-0.03926795
-0.01183823
0.00919351
0.02806278
-0.06024256
0.01590608
0.01047160
-0.00249851
0.06878629
-0.01375543
-0.02013403
0.03427988
-0.03611859
-0.02887793
0.02165204
-0.00783886
0.05466834
-0.00098855
0.04364188
0.01435828
0.02811670
0.02441180
-0.00880605
-0.06237400
0.01005755
0.00563188
-0.02119957
-0.01682131
-0.00109906
-0.00350300
-0.00360077
0.00113084
0.00741236
-0.03851619
0.03532114
0.03523998
0.04022886
0.02405947
-0.01141635
-0.00730390
-0.03934933
0.01144750
0.01959561
-0.00150187
0.00054263
-0.01509732
-0.11615672
0.01420020
0.01600051
0.00533022
-0.02488296
0.03912368
-0.03055071
-0.05600850
-0.07477152
0.01295736
-0.00027746
0.04219459
-0.10942426
-0.02488182
0.04320136
-0.00177632
-0.01435466
0.01191553
-0.00769289
-0.01497677
0.00331388
0.04094706
0.00640290
-0.01776806
-0.01328534
-0.04289421
-0.01375555
0.05601950
-0.00059336
-0.00416717
-0.03027908
0.06947358
-0.03853174
0.00026051
-0.05671850
-0.01648352
0.02767897
0.02585783
-0.04729266
-0.01504745
-0.01522292
0.04238562
0.01786123
-0.06655630
-0.01275946
0.04982647
0.01053485
0.00629715
0.03859102
0.03404206
0.01817125
0.05508144
0.02941908
-0.00097196
-0.01935213
-0.05227570
0.00920171
-0.00194772
-0.00088895
-0.03491917
-0.07837042
0.06383058
-0.03701617
-0.11836389
-0.01345568
-0.00210260
-0.00256121
-0.01707115
-0.01030089
-0.00386874
0.00647951
0.00229966
-0.01573644
0.04701701
0.06763519
-0.01538615
-0.03673559
0.01560680
0.08963039
0.00304119
-0.00024633
0.00168114
-0.02841345
-0.04446532
0.01137922
-0.08401455
-0.01063188
-0.02031603
-0.01096318
-0.00584376
-0.02281906
0.01946834
-0.04796756
-0.03802900
0.05511808
-0.00232598
-0.00856055
-0.02716161
-0.04157469
-0.01225167
0.03294253
-0.02465718
-0.04911913
-0.00665824
-0.03359603
0.02729653
0.01424235
0.03786192
0.01590485
-0.02962104
0.06641167
0.04625710
-0.00067575
-0.03481042
-0.05745330
0.02789007
0.01423706
-0.02519211
-0.01817727
-0.04498798
-0.01362414
0.02683189
0.00423249
0.04157100
0.02278767
-0.03463547
0.00138704
0.00694792
0.02362609
0.03599298
-0.04012251
-0.01542631
0.01308908
0.04626357
0.00621312
-0.01868764
-0.00488905
0.04375831
-0.04504315
-0.01877966
-0.03491354
-0.02805107
-0.07327434
0.08304030
0.10074552
-0.01915163
0.06877168
-0.04476136
0.00402452
0.06747812
0.00407300
-0.06033708
0.08196773
0.00592377
0.03729993
-0.05322542
-0.01156463
-0.02810203
-0.00816282
0.01135991
0.00830234
0.04143480
0.01520997
-0.00904940
-0.06870883
-0.05237694
-0.02860479
-0.03819440
-0.00383977
-0.07098257
-0.05580238
0.00316838
-0.01136853
0.00337459
-0.02712278
0.03666434
-0.03406172
-0.00044825
-0.05193798
0.11480910
0.00499748
0.02100112
0.01230732
-0.03490036
-0.04082269
0.03753825
-0.01589985
-0.03648382
0.03546062
-0.01096810
0.00220430
-0.03155950
-0.03308846
-0.03292236
-0.01650673
-0.03149505
-0.03509562
-0.00491382
0.04149403
0.10117060
-0.03732109
0.00199525
0.02752242
-0.05788388
0.02719217
-0.04768619
0.08406898
-0.00169215
-0.03710672
-0.02513182
-0.05788586
0.01909313
-0.00415533
-0.02415133
-0.01823280
0.00774740
0.02483510
-0.00581509
0.05322859
0.01567394
-0.00597720
0.03490398
0.00170066
0.03682205
-0.00045855
0.08660927
-0.01935467
-0.06699487
0.04303761
-0.00637410
-0.02746367
-0.00312997
-0.02433825
-0.01000492
-0.00495360
-0.01876972
-0.02006532
-0.00364694
-0.02368458
0.04814881
0.01898701
-0.02045395
0.02399832
0.00358998
0.01001714
0.01799610
-0.00580305
-0.04973843
0.00649952
-0.02358814
0.09704445
-0.06226091
0.05372824
0.03049674
0.00652357
-0.06042292
-0.03099974
0.00785756
0.00236967
-0.06971286
-0.03561619
-0.00467801
-0.01069596
-0.03419667
-0.01387581
-0.01094331
-0.01960885
-0.00404353
0.00636304
-0.02194315
-0.00517420
0.06181199
-0.01189748
-0.02801519
-0.07865181
0.00805291
-0.00772928
0.03715151
0.01933947
0.00081338
-0.00652735
0.00296619
-0.01603064
-0.02557083
-0.00257052
-0.02320630
-0.04854767
-0.00550161
-0.01981510
-0.05042023
-0.01311159
0.00372194
-0.01259265
0.00556743
0.05402785
-0.01792010
0.00996690
-0.03111908
0.00631364
-0.09396895
-0.03712269
0.00554597
0.04781646
0.01875642
-0.01290806
-0.03342510
0.03149232
-0.05597195
0.01375063
0.01427920
0.00634231
-0.01181650
0.01722531
0.00891544
0.01428558
-0.01993623
0.02025863
0.04338100
0.00661700
0.04548839
0.04802981
-0.00634497
0.03890621
0.00129154
0.03120330
0.00171689
0.01371727
-0.01021803
-0.03357182
-0.00169500
0.00035734
-0.01723074
-0.02928036
0.02135842
-0.08740234
0.04080865
-0.08407840
-0.01470700
0.03603030
-0.00398773
-0.06528135
0.01860047
-0.00619843
0.02086839
-0.00367170
-0.10968671
-0.04930614
0.02319667
0.09263960
0.03367385
-0.03242385
-0.13288778
0.07111918
0.05064742
-0.01109990
0.09250996
-0.05609826
0.00782305
0.01460575
0.00016293
0.00072497
0.00149453
0.05668566
-0.01784017
0.02821665
0.00879078
0.01132603
0.00136961
0.03069042
0.03614406
0.10866002
0.03746724
0.04736543
-0.03073230
-0.00159096
0.06235198
0.00063719
0.00279466
-0.00628024
0.03636771
-0.01888686
-0.06644260
0.03786837
0.01558975
0.01062898
-0.07109915
-0.00720443
-0.01524824
-0.00774529
0.01377196
-0.06550059
-0.05454836
-0.00104633
-0.06586396
-0.01100614
0.00380420
0.05433609
-0.03669105
-0.06030041
-0.01957164
-0.00300305
0.01257127
-0.02899716
-0.04459827
0.00953199
0.04027192
-0.00917529
-0.00723955
0.00035181
0.00872833
0.03131615
0.02922888
-0.00330597
0.00365399
0.01648869
0.04311036
-0.00754652
0.10566881
-0.04222831
-0.02808091
0.05269741
0.01769935
0.00320738
-0.01710249
-0.01606865
0.01676599
-0.03285716
-0.01966218
-0.01559460
-0.02751187
-0.03111533
-0.03049343
0.07493614
0.00575220
0.06397153
0.07234585
0.00985374
-0.00425388
-0.03483171
-0.03375460
0.01650489
0.06848100
-0.02515671
-0.00934876
0.03611684
-0.00721606
0.02715793
0.03751547
-0.01809547
-0.01122677
-0.06151929
0.01303453
-0.01738246
-0.00915033
0.02366175
-0.01278151
-0.03275292
0.01775835
-0.01215668
-0.00621698
0.00612939
-0.01766890
-0.01539420
0.04786254
-0.01645000
-0.06831324
-0.07031862
0.01914454
0.01602730
0.03205318
0.01340616
-0.00406443
-0.00395145
0.00092825
0.03070956
-0.00342211
0.06298848
-0.02896328
-0.01138145
-0.01211726
-0.00193109
0.00204738
-0.03782067
0.00239642
0.01616186
0.02546561
-0.00041941
-0.01365251
-0.00136278
0.02318520
0.04106383
0.04397448
0.05290711
0.01607655
0.01979973
0.01489245
-0.02850459
-0.03677203
0.00949089
-0.03819853
0.02564964
0.05400936
-0.01104568
-0.04474175
0.00071554
-0.01487317
0.04273658
0.01576078
-0.02686793
0.00823188
0.02836295
0.02225886
-0.02966216
0.02906483
0.00113204
-0.02233186
0.01185108
0.01191555
-0.01294357
0.02506181
-0.03850354
-0.00505456
0.01389559
-0.03255624
-0.00221610
-0.00182571
0.00864134
0.02534094
0.02854929
0.04359696
0.02933445
0.04878315
0.00655543
0.02912540
-0.00021845
-0.03630904
0.04174963
0.05876979
-0.00963380
0.02827964
0.02085485
0.06099474
-0.01745034
-0.01656647
-0.02605053
0.02953753
-0.04181272
0.05178985
-0.01758487
-0.01192326
-0.01979609
-0.01527481
-0.02963500
0.00381298
-0.05103120
0.01582970
-0.02154634
0.02940605
-0.00526537
-0.00174256
-0.00477344
-0.04657587
-0.03692748
-0.01871610
0.00954593
0.00879928
-0.02384111
-0.00026869
-0.02802825
-0.00633723
-0.00951643
-0.01492146
0.02027970
-0.04350016
-0.00236468
0.00351323
-0.02988165
0.00519225
-0.04053653
-0.00998560
-0.00319548
0.00780950
-0.01502462
-0.00409556
0.05085490
0.02980723
0.00609030
0.01588887
0.03572391
0.05836694
0.02673663
0.00360220
-0.03069776
0.00933262
-0.01909419
-0.05240406
-0.01451089
-0.00306946
0.00032747
0.00834667
-0.09080707
-0.02048604
-0.03387187
0.00365566
0.00734500
-0.00157469
-0.05436725
0.03511223
0.02723938
0.01078602
-0.01548697
0.00263496
-0.03637097
-0.00521903
-0.00364538
0.00732716
-0.04602928
-0.03138645
0.04370702
0.02441686
0.02847884
0.02297720
-0.02565195
0.01463224
0.03539665
0.03694139
-0.01444903
-0.00854565
-0.03365342
0.04412049
-0.03186296
-0.01225099
0.01811585
-0.07088223
0.01925496
0.04671537
-0.00751310
-0.03416280
-0.04857745
0.03531844
0.04029380
0.01920331
-0.00174779
0.01492456
0.03486381
0.05124041
-0.01469170
-0.00401405
0.00246884
-0.00244121
0.03488236
0.01100009
0.02536671
0.00712313
0.03103870
-0.00326791
-0.00069229
0.04403401
-0.04630770
-0.04541177
0.01925885
0.00882210
0.01768475
-0.02983326
0.02474334
0.00227263
-0.04335735
-0.04267297
-0.04048681
0.02962597
0.00445301
0.02890300
0.01861310
-0.03478537
-0.01823855
0.03014560
-0.04531787
0.00133003
-0.01780749
-0.01088820
0.02926493
-0.02493353
0.00392235
0.02481996
-0.03173796
-0.05688312
0.01535694
-0.00971333
0.02623209
0.00018602
-0.03602822
-0.02942031
-0.01247527
-0.04633124
0.02071129
0.02377397
0.01203445
0.01413529
0.03182633
0.01485318
-0.01735936
0.01491049
-0.02878262
0.05329378
-0.00532189
0.08497170
-0.00834902
-0.05027995
0.02160219
0.03796289
0.00304380
-0.02334671
-0.01308295
-0.01585844
-0.03088994
-0.02063321
-0.00727366
0.00677544
-0.02795298
0.02066868
0.07585928
0.06758498
0.13929431
-0.01628720
0.00318725
0.01857942
-0.01111388
-0.02986884
0.00969297
0.02976112
-0.02475499
-0.07641774
0.06518536
-0.02043596
0.03161670
0.03307240
-0.03722144
0.02571279
0.00966861
0.00613404
-0.05926420
0.01513727
-0.02659669
-0.05918306
-0.00508716
0.00009160
-0.05813716
0.02619638
0.00276173
-0.04071419
-0.02719444
0.02971562
-0.03476128
-0.05763076
-0.08925261
0.00303316
-0.03134232
0.04425875
0.01935725
-0.00704036
-0.00219066
-0.00891893
0.03417655
-0.02364749
-0.01082098
-0.00118613
-0.03718236
-0.03227444
-0.01783709
-0.02701222
-0.02418004
-0.02085907
-0.01333054
0.03526727
0.05292095
-0.00895687
-0.01615462
0.03585716
0.00201913
-0.11487412
0.03341305
0.02940445
0.02545271
0.00624050
0.01435964
0.01909770
0.01953169
-0.02966874
-0.00738827
-0.03323362
-0.10327595
-0.00573643
-0.07055304
-0.01619031
0.04857253
-0.01469914
-0.02101103
-0.00255803
-0.04017673
0.02434644
0.01814798
0.02284960
0.02581600
-0.04393250
0.01318375
0.04067450
-0.00625789
-0.01744317
0.02129429
-0.02552439
0.02158725
-0.03044819
-0.00380381
0.02310991
-0.02761316
0.01236017
-0.00478248
0.07464868
-0.00044625
-0.00245335
0.00050150
-0.00159726
-0.03704696
0.00237341
-0.00791915
0.01103985
0.06063672
0.04237190
0.00437154
0.00027886
-0.01381295
-0.04473146
0.03249663
-0.00500499
-0.02199546
-0.00976426
0.05130808
0.04914566
-0.02357816
0.03132292
-0.03117745
-0.01400604
0.01905276
-0.00201702
-0.03003398
-0.03858409
-0.00091445
-0.00776134
0.01947792
0.03180230
0.03154394
-0.01462334
0.00997392
0.00491398
0.01903699
0.00524010
-0.00887693
-0.00316162
0.00735744
0.01118248
-0.01543479
-0.01153966
-0.02038209
0.01953347
-0.15783586
0.02452656
0.00826985
0.02616209
-0.00288595
-0.01836872
-0.02363911
-0.02424494
0.02968026
0.03756734
0.02386793
0.09952608
-0.06734359
-0.03466905
0.02288357
0.02558525
0.03907331
0.01931914
0.01310300
-0.01068534
0.02430409
-0.02575161
-0.05062290
-0.03624919
0.00602577
-0.03541559
0.01785060
0.03228491
-0.03808894
-0.00241511
0.00923236
0.05469494
0.01914451
0.01315612
-0.00448137
0.01844469
-0.00615457
-0.00621041
0.00722363
0.01887090
-0.01216358
-0.01616136
0.01105585
-0.00082877
-0.01500029
0.02874691
0.03885505
0.02291569
-0.00763336
0.02167835
-0.00530749
0.03120719
0.01438342
0.01823001
0.00391171
-0.01581290
-0.01578929
0.01182095
-0.01427414
0.02666939
-0.03436669
-0.01556122
0.03514478
-0.03914160
0.01337538
-0.00793727
0.05012815
-0.01340394
0.04411034
-0.00760809
0.02183360
0.04132405
-0.01102464
0.05893238
-0.01873231
-0.00005071
0.01883904
0.02437441
-0.01912904
0.00339874
0.06319222
0.03320736
0.01094705
-0.01061167
-0.04063396
-0.00614510
0.03179925
-0.00292082
0.02179755
0.01570436
-0.02220241
0.04337861
0.00966997
0.03082691
0.00351431
0.02201770
0.00465318
-0.01163753
-0.01078594
-0.02083783
-0.02052465
-0.01185306
0.00845109
-0.03810447
0.03514798
0.00370976
0.01628890
0.01928307
-0.05513810
-0.04687323
0.00505486
0.00049624
-0.00858276
-0.02024276
-0.05464684
-0.05978018
-0.02826515
-0.01330169
-0.00898357
-0.01927665
-0.05880580
0.01700040
-0.00779752
-0.00989440
-0.00115001
-0.00737348
-0.01703135
0.01293395
0.01484691
0.08123785
0.00051493
-0.03125589
0.01764619
-0.00014920
0.02108567
0.00061078
0.03009150
0.02357241
-0.03415367
0.00012166
-0.04452132
-0.04749470
-0.06464221
0.02417253
0.02232391
-0.04762165
0.02603699
-0.03307948
0.00446433
0.05878735
0.00749651
0.01272373
0.06735806
-0.00243543
-0.00210629
-0.03595532
0.05654114
0.01230309
0.02210244
-0.02921566
0.00575965
0.02343052
0.04409372
0.01353244
-0.00933276
-0.05129710
0.01948421
-0.01403457
-0.00293638
0.01569594
-0.01257359
-0.00009530
0.02313420
0.00499022
-0.02707429
-0.02982832
-0.07191219
-0.05025496
-0.02743389
0.03705174
-0.00692492
0.02814099
-0.05793880
-0.00917864
-0.04372611
0.00745551
0.04615378
0.00911334
-0.00255466
0.00094263
-0.00996139
-0.03139686
-0.00979593
0.01003467
0.02216826
-0.00971358
0.02860761
0.04951017
-0.00163802
0.00722056
-0.03598075
-0.01719572
-0.04141829
-0.03493523
0.06336115
-0.00208017
-0.02994493
-0.02258376
-0.04688265
0.00815529
0.06079993
0.07138014
0.00786659
0.07852536
-0.02813377
-0.04236640
-0.05082163
-0.00495716
-0.04417564
-0.01006059
-0.02881397
0.01373997
-0.03525274
-0.13550881
-0.02622071
-0.08532771
-0.03327457
-0.00882440
-0.02606440
-0.09257916
-0.02454875
-0.01438478
-0.03675708
0.01919560
0.08239883
-0.04422111
-0.04160740
0.02189968
-0.06729225
0.00853065
0.10765839
-0.01603761
0.17297532
0.02485891
-0.00855815
-0.11411224
-0.03058885
-0.03456854
0.03681506
0.05246573
-0.06332400
0.00182205
0.04846897
0.03052050
-0.05105929
0.08409947
-0.07882051
0.05819320
-0.06467655
0.17709090
-0.09935247
-0.00390481
-0.02891443
-0.01428639
-0.02629846
-0.02851396
-0.03961190
0.03117302
-0.06338053
-0.03495377
-0.06708009
0.00376567
-0.14044975
-0.03402750
-0.03694216
-0.00362069
-0.03886858
-0.01135665
-0.00711131
-0.01579365
-0.05743538
0.01194040
-0.03628621
-0.02147847
0.01580373
-0.00899820
-0.01430603
0.01514532
-0.01812579
-0.01083534
-0.02189926
-0.05353082
0.02535645
-0.04788211
-0.15087520
-0.06715212
-0.08074262
0.04760733
-0.02131830
0.14171034
-0.07052581
0.13733965
0.03065271
-0.00326739
0.00649249
-0.01025970
-0.05510576
0.01878233
-0.01471184
0.02539840
-0.00430572
-0.00290857
-0.00539220
-0.00731362
-0.01001882
-0.03501679
-0.02518509
-0.00461736
-0.00274773
0.01948470
-0.02010871
0.05595319
-0.01092313
-0.02828109
-0.01713251
0.00054524
-0.04444451
0.00094866
0.01466936
0.00072521
0.01147439
0.01504931
0.02487481
0.00806476
0.02186079
0.00742177
0.04252983
0.00291579
0.11086689
-0.00413699
-0.01980329
0.01070968
-0.01759230
0.00136431
0.00190943
0.00921128
0.10651664
-0.00672868
0.09446004
-0.02385684
-0.03122056
0.01528111
-0.00993706
0.02685325
-0.02958730
-0.01288790
-0.02031117
-0.00705692
-0.01035055
-0.05012465
-0.03314570
0.01085442
-0.05209431
0.01251931
-0.01019217
0.00264544
-0.01358358
0.01050347
-0.01811947
-0.01149110
-0.05606585
0.01035512
-0.01901810
-0.00201980
0.00229414
-0.02343018
-0.00151960
-0.01051726
0.05804962
-0.02454838
-0.00067591
0.01162882
-0.01209523
-0.00795979
0.04167598
0.02173295
-0.03995348
0.00210699
-0.01675693
0.00377345
-0.03409501
-0.02827176
-0.01348865
0.03098658
-0.00358655
0.00373481
0.01017712
0.01397405
0.02801692
-0.01695464
-0.05288471
-0.00395721
-0.02401005
0.00817472
-0.01651804
0.01222902
0.01984028
-0.00488429
-0.03963690
0.00540656
-0.01769478
-0.00741540
0.02075131
0.01875936
-0.03012513
0.00071707
-0.01860510
-0.02936091
-0.01732759
-0.00700608
-0.00269504
0.01467101
-0.02146243
-0.02856731
-0.06725950
0.00372587
0.01858373
0.01618768
-0.02707919
-0.03378381
-0.00942740
0.11530285
0.04305181
-0.00509672
0.04883702
-0.02684022
0.02372126
-0.02351323
-0.04304439
-0.06133522
0.05789191
-0.02690557
-0.02874960
-0.01226959
0.03269114
0.00496090
0.02658713
0.03921614
0.01184278
0.02498263
-0.02153287
0.03957656
-0.00727257
0.02808216
-0.03285274
-0.00061304
-0.01130185
0.00539834
-0.02723470
0.01127331
0.00146884
0.01237914
-0.02027006
0.00017951
-0.03068087
-0.03010814
-0.02189972
0.01533080
-0.01864249
-0.00760366
-0.00888787
-0.03029316
0.00878501
0.00561270
-0.06652605
-0.04345284
-0.03920576
0.00467895
-0.02204659
0.03721172
0.03458615
-0.04578289
-0.03200473
0.00299201
-0.00044620
-0.01076933
-0.05760042
-0.02080770
-0.02717420
-0.03753872
0.00514319
0.06471201
-0.06105316
-0.01069738
0.02270778
0.03668941
0.09496746
-0.01987743
0.00330000
0.07824892
0.01835144
0.05996490
-0.08014328
-0.00166920
0.06505730
0.00662934
-0.02937786
-0.00154390
-0.02409866
-0.02436293
-0.01915784
-0.00643204
-0.04488826
-0.03639807
-0.03359836
-0.02648297
-0.02936962
0.02480562
-0.03062202
0.03364229
-0.02070290
0.02263879
-0.00777548
-0.09990343
0.05553231
-0.05677985
0.03975207
-0.06190390
-0.01512954
-0.00943649
-0.00967785
-0.01556114
0.00876265
0.01566742
-0.00694334
0.00911797
-0.00980241
0.02310183
0.00787485
0.05877762
-0.09280113
0.08726415
-0.02787616
-0.06459893
-0.04905945
-0.02008956
0.03636163
0.01239089
-0.02375285
-0.04124849
-0.02543109
0.02402194
-0.07440712
-0.02731946
-0.03421778
-0.06367619
0.01500447
0.06664280
0.10213137
-0.00544065
0.05206672
-0.00138486
0.07216199
-0.05219842
0.01278260
0.01953032
-0.02829355
-0.00303869
0.04410420
-0.02241911
0.00445050
0.02413377
-0.09856710
-0.00887795
0.00114777
0.03122678
-0.05169480
0.00244967
-0.03804384
0.00503465
0.05752588
0.01692611
-0.03940117
0.00226760
0.00286435
-0.00779145
-0.04187833
0.01664159
-0.02569912
-0.05434221
-0.05989040
0.00422450
-0.00254985
-0.00426329
-0.00648119
-0.02396676
-0.01942803
-0.01666587
0.01925208
0.02245634
0.00754651
0.01156796
0.01708283
0.01154216
0.00367850
0.03783353
0.00236008
0.02630193
-0.01824956
0.02671872
0.01014968
-0.00988374
0.02138015
0.04750212
0.02302751
-0.00398151
-0.00826490
-0.00853296
0.01458631
-0.00888626
0.01241382
0.01326735
-0.00351763
0.02804915
-0.01452692
-0.01514402
0.00269282
-0.00787852
-0.01185493
0.01161971
0.01829674
-0.01394856
-0.02552939
-0.05658571
0.04298631
0.01096558
0.05269382
0.03271173
0.02116877
-0.03636893
-0.00678649
-0.02151469
0.02311315
0.00532140
0.03691843
0.01794059
0.00446929
-0.00740401
0.00455471
-0.00136249
-0.00179284
-0.00089198
0.04140406
-0.00575561
0.00210833
0.00490273
0.02021500
-0.00857124
0.05031010
-0.01035468
0.01806161
-0.01842920
0.06501497
-0.01348711
-0.00937451
0.02776124
0.00968369
0.01265870
-0.02555340
-0.00697668
0.00366128
0.03637076
-0.00767333
0.00602041
0.02719320
0.01463961
-0.00322234
-0.00669575
-0.01026290
0.00812410
0.00515465
-0.00256196
0.03198119
0.00310328
-0.01233977
0.01429548
-0.00759667
-0.06112932
-0.01371124
-0.01099535
0.01013620
0.04940533
0.02440507
0.00479805
0.01825441
-0.03575931
-0.01380017
-0.00205612
-0.03211474
0.03185867
0.00341751
-0.03242529
-0.00157419
0.06253445
-0.01144998
0.01706359
-0.03306095
-0.01643970
-0.01431037
-0.02027052
-0.01143850
-0.02437657
-0.02113019
0.02648584
-0.01284702
-0.01506084
-0.03591306
0.00919203
0.01484108
-0.01326774
0.08622977
0.00210467
0.09112485
0.01531155
0.00611473
-0.05916361
-0.05248439
-0.04734781
0.06104421
0.02357061
0.00214436
-0.02198256
-0.03645443
-0.03277387
0.00385117
0.14376944
-0.07625289
0.00375301
-0.06530502
0.00784955
-0.01475254
0.00283163
-0.05141592
-0.03202590
-0.03791992
-0.01372518
-0.01111057
-0.00431324
0.00708367
-0.02721263
-0.02505341
0.00230417
-0.07522964
-0.09241926
-0.15371339
0.04747604
0.00989967
0.00376228
-0.03335459
-0.05128280
0.02449936
0.00075208
0.00725718
0.01199582
0.00557475
0.00287779
-0.04812227
0.03666603
0.02229117
-0.00181653
-0.05436176
-0.01910247
-0.01062202
0.00405442
-0.04790958
0.04175491
-0.00777726
0.00811323
-0.01139363
0.00815353
-0.11268550
0.02594912
0.08640981
0.03946859
0.01561079
0.08309869
-0.02809041
0.04913905
-0.02566239
0.00130058
-0.05058752
-0.00534795
0.08668923
0.01885221
0.00972390
-0.03143174
0.00173357
-0.08214376
-0.02135439
0.07298458
-0.04089245
0.03670614
-0.01122123
0.00440076
-0.00274425
-0.01834317
0.01903639
-0.01476366
-0.07240793
-0.05820310
0.00008947
0.00475174
-0.06286667
-0.06305484
0.01482209
0.04789168
0.01144586
-0.03186684
-0.01993841
-0.00470862
-0.01638538
0.02196271
-0.02071279
-0.05728552
0.00662214
0.03557804
-0.04648398
-0.02009182
-0.09182737
0.00051876
-0.02670498
-0.00875627
-0.05091558
0.04668511
0.00558262
0.05898377
-0.03795837
0.00458433
-0.04957952
-0.00035531
0.02796162
-0.01605753
-0.08630082
-0.03182110
0.04082797
0.01880299
0.01110074
0.03784000
0.01630953
-0.00918130
0.16399977
0.01833847
-0.06113458
0.01162923
-0.01553531
0.04782530
-0.00676429
-0.04888024
-0.03714475
-0.02780101
-0.08740285
-0.01267925
-0.02461712
0.01063136
0.02113062
-0.00148817
-0.03122796
0.01821776
0.04598414
0.07633485
-0.02136931
-0.00170246
-0.02156607
-0.05935447
0.00275834
0.02527549
-0.08178065
0.02107940
-0.04338917
0.10923818
0.05470466
0.05288441
0.01148220
0.03931419
-0.03605181
-0.05789648
0.00978049
-0.00500822
0.02093734
0.02967041
-0.00509315
0.00966838
-0.00948800
-0.06144913
-0.01307834
0.05024290
-0.00571565
0.04556021
-0.01139558
-0.00311663
-0.05436060
-0.00934209
-0.00245626
-0.06777662
0.02267491
0.00076933
0.00247533
-0.04779135
-0.05498125
-0.04450015
0.02214646
0.06813429
0.04812087
-0.02540054
0.04614478
0.00974931
-0.00977183
-0.00047075
-0.01910560
0.02994653
-0.01754675
0.07005563
-0.00495913
0.01498686
-0.08632174
-0.05113460
0.01336434
0.09807171
-0.06411866
0.00308364
0.05595582
0.06280331
-0.03560534
-0.06330600
-0.01492282
0.01475007
-0.04200064
0.01417309
-0.09669559
-0.04093924
0.00926246
0.01333294
-0.03154983
-0.01528196
-0.02290911
-0.08745486
0.04356510
0.03109895
-0.10389914
0.00017041
-0.02047035
0.00952446
-0.02327826
-0.05219143
0.02687181
0.00173731
-0.13613802
-0.02712497
-0.04314768
0.02608618
0.01947723
0.04350760
-0.07161210
0.00680658
0.04575090
0.06406250
-0.05098469
0.02418798
-0.04302228
-0.00185947
-0.00828856
-0.02463805
-0.02986180
0.05133002
0.00607472
0.00586469
0.00432067
-0.02228683
0.01427626
-0.05466808
0.00153502
0.00825354
0.00070457
-0.00544036
-0.03720602
-0.00108533
-0.02042337
-0.00064640
0.01243847
0.04126300
-0.05206879
0.00377495
0.03311399
-0.01937915
-0.01763910
0.04852565
-0.03765645
-0.00876817
-0.05400316
-0.01442154
0.00819662
0.00539777
-0.02233361
-0.01359579
-0.01049617
0.02237930
-0.00093115
0.04056513
-0.01527855
0.03736721
-0.03613847
-0.01907542
-0.00758710
0.02054449
0.01038718
0.01308162
0.01909585
-0.02994013
-0.02390162
0.00140150
-0.03530256
0.04542189
0.00314692
-0.06523550
0.03588094
-0.04704905
0.03173805
0.03363186
0.00771733
-0.00512194
-0.00783830
0.04001280
0.02686426
0.00689538
0.02753717
-0.00874215
0.01846572
-0.00662478
0.03089976
-0.02659008
-0.00139483
0.03760840
0.00658557
-0.02824262
-0.02285728
-0.04455030
0.00522555
-0.02942342
-0.00989041
0.00655046
-0.01366286
-0.00313841
-0.01066683
-0.04017686
0.04498470
0.02419463
0.02731903
-0.03221993
0.02375312
0.01050360
0.06441966
-0.02021272
-0.02744480
0.02000048
0.00501984
-0.01932224
-0.03092539
0.05807327
-0.01513516
-0.02111704
-0.01096904
0.01635505
0.01537757
0.03237999
-0.03406210
0.05178189
0.01274121
0.00297210
0.03440832
0.01557879
0.02736579
0.00686588
0.04726217
0.00007436
-0.01078506
0.03386797
-0.01135221
0.05473588
-0.01944905
-0.03436851
-0.02022883
-0.05339479
-0.00213214
0.04780215
-0.00437087
-0.02839408
0.06544673
-0.00429073
0.00556267
0.04741725
-0.02258184
0.02940999
0.05142040
-0.03468525
0.02495720
0.00107270
0.01690491
0.02500905
-0.01978979
-0.01573272
0.02151875
0.00490336
-0.03855424
0.01716814
0.01570966
0.02262516
0.02291129
-0.01730486
0.03004126
-0.01192026
-0.00028175
-0.00459487
-0.02759437
0.03798343
-0.01954956
0.01477588
-0.05090205
0.04394359
-0.01951150
0.06447580
-0.04648392
0.00895651
-0.04660491
-0.02817860
-0.02376289
0.00124954
0.02954511
-0.00692737
0.00848889
-0.02837180
0.00501701
-0.03273446
-0.01330617
-0.03123064
0.02013186
-0.03827751
0.01985113
-0.00222808
0.00141602
0.03877586
-0.01119482
-0.00499786
-0.01279586
0.02551267
-0.00292822
-0.00910395
-0.04763039
-0.02162234
0.00964560
-0.07695220
0.02515188
0.02469277
-0.05219029
0.03820158
-0.00104646
-0.01397459
-0.02223777
-0.03258120
0.00598317
-0.00097725
-0.00469259
-0.05881977
0.01369381
-0.01107650
-0.00656385
0.00604582
0.02431437
0.02410469
-0.01389007
-0.00718274
0.01151204
-0.01078829
-0.03443500
-0.00911137
-0.00875503
0.01566751
-0.03872062
0.01417792
0.00015544
-0.02906395
-0.02995154
0.01679448
0.03759293
0.00342929
-0.02804237
-0.01791945
-0.00052691
-0.02073550
0.02292890
0.01937260
0.01979753
-0.01032338
0.02439615
0.04453010
-0.00247149
0.00465012
-0.00641134
0.04890781
-0.03629722
0.02029318
0.02634477
0.00521666
-0.03312963
0.00081639
-0.00288914
0.04612508
-0.02428705
-0.04646718
0.00034988
0.00188186
-0.00583597
-0.01144884
-0.03372603
-0.02345363
-0.01273643
-0.02235794
-0.00796486
-0.01480020
-0.05181520
-0.00255117
-0.00000820
0.01124071
0.00548392
-0.07177037
-0.02871041
0.02095265
0.04400757
-0.00711738
-0.01865726
-0.02902595
0.01704111
-0.00015943
-0.01673636
-0.01776992
0.03308416
-0.03476036
-0.00195189
-0.01452841
-0.00097652
-0.01038923
0.00129263
-0.01031195
-0.01349862
-0.01397992
0.00206176
0.00898199
0.00493583
0.00097884
0.04460609
-0.01078235
-0.01980112
0.02481275
0.00558930
0.02282777
0.02376883
0.03516604
0.00465693
-0.01088553
-0.00578306
-0.01541779
0.01054968
-0.01677718
0.01001999
-0.02120557
0.05168786
-0.01451860
0.00937648
0.00526258
0.01710625
0.03228031
0.00109914
-0.01636628
-0.02138703
-0.05476861
0.07462575
-0.00813993
-0.00864869
-0.02316283
-0.01487751
-0.02162484
0.10957538
-0.04329581
-0.00198472
-0.04310079
-0.04328614
-0.00254556
-0.02991301
0.02797791
0.04178640
-0.02792317
0.01064041
0.02159417
-0.02320471
-0.02588690
0.00979435
0.02620438
0.05766455
0.00458442
0.05328095
-0.01470618
0.00839872
0.00828551
-0.02285617
0.04681747
0.00610060
0.00619087
-0.02189333
0.01522089
0.02101297
-0.01977056
-0.06217076
-0.01899515
-0.01321626
0.00981962
-0.00055453
0.00703226
0.00218809
0.02741302
0.00714614
-0.04299557
0.02436159
-0.00215360
0.01704206
-0.02777966
0.00418214
-0.01037102
-0.02692521
-0.00798784
-0.01458732
0.02277587
0.02321111
0.02254189
-0.00565273
-0.00821400
-0.08122567
-0.01511823
0.03734542
0.00286204
0.01715665
0.05899072
0.00290873
-0.00497016
-0.02440123
-0.05383417
-0.00501236
0.02438417
0.01677325
-0.03977388
-0.01392650
0.03827965
0.00188885
-0.04075542
0.04047254
0.01793804
0.01023563
0.04083832
-0.02647726
0.05172693
0.00757688
-0.00271350
0.02272245
-0.00026717
-0.02402195
-0.04210631
-0.00447104
0.04536491
-0.00433446
-0.01155252
-0.01078619
0.01464618
-0.03575738
-0.00065331
0.02057149
-0.06251992
-0.03995071
-0.04835096
0.05762383
-0.03591662
-0.02041896
0.01349347
0.05476816
0.02871371
0.00633462
-0.00776351
0.05098203
0.02618061
-0.04000672
0.01011869
-0.02081130
0.01056476
-0.00664807
0.00727059
0.01358654
0.04681062
-0.00813784
0.01013981
-0.02011484
0.01632321
-0.00484116
0.00185143
0.00836995
-0.01299753
0.00523400
0.00073844
-0.06472135
-0.02411272
-0.04212713
0.01320886
0.01599311
0.01815430
-0.03394037
-0.00615305
-0.00114942
0.01125205
0.03097735
-0.10811812
-0.01942727
-0.01772758
0.02298299
0.01115784
0.03143286
-0.01765230
0.04144769
-0.02574552
-0.02567870
-0.00680112
-0.02585048
-0.02985601
-0.00736537
0.01276405
0.02416015
0.00260986
-0.05531023
0.02209402
0.03526847
-0.02019725
-0.02811850
-0.00596046
0.00946062
-0.00405188
-0.00709870
-0.02254906
-0.04662168
0.04790553
-0.02148709
-0.04273263
-0.01267582
-0.01242494
-0.02236896
0.03467924
-0.00806983
-0.00168686
0.02456674
-0.02513736
-0.01644113
-0.01902887
0.02711574
-0.00382231
0.01784383
0.05807751
-0.01008686
0.03473940
0.00639440
0.02804198
-0.02339979
-0.00201387
-0.00478775
0.00163491
0.01009225
0.01990814
0.04289266
-0.00626893
0.01640860
0.04015963
0.00495653
-0.00248797
-0.02217855
0.01147575
-0.02039761
-0.01891564
-0.01787487
-0.03246813
-0.01542145
0.01810023
0.01362505
0.00914766
-0.01057607
-0.01426239
0.04281887
0.02287433
-0.02976681
-0.10162187
0.00554012
-0.01553390
0.04378934
-0.04089950
-0.02021698
-0.01850684
0.00516508
-0.00082722
0.03382797
-0.02545436
0.03663662
-0.01476881
-0.02487242
0.01474021
-0.00036499
0.01259155
-0.02631223
0.03565629
-0.00896707
0.02694718
-0.01391643
-0.02076326
0.00753499
-0.00166930
-0.00081934
0.00310712
-0.01780333
0.00547950
0.02892156
-0.01115732
0.06998077
-0.01299486
0.01866592
0.00336225
-0.02887197
0.01975859
0.01049833
-0.01887937
0.01195277
-0.00275827
-0.03142359
-0.03409614
-0.01671648
0.01553377
-0.03874309
-0.02397077
0.05679304
0.00068309
-0.01072914
-0.10969024
0.07118921
0.03449491
0.06426524
0.06431196
-0.03852841
-0.02822230
0.01715422
-0.02024172
0.06892170
0.00152781
-0.03091036
-0.01743446
-0.08186354
-0.04440729
0.03361023
0.02444361
-0.05723773
0.04910979
-0.07680119
-0.03179535
0.07443772
-0.04520073
-0.00131754
-0.05243995
-0.02387709
-0.01261997
0.08846635
-0.02857411
0.00789019
-0.05292213
-0.01814954
0.02388838
-0.05249750
-0.02404083
-0.02070099
0.14230847
-0.04483534
-0.04185324
-0.02539008
0.05942531
-0.02077993
-0.00482990
-0.03043520
-0.02464565
-0.06095401
0.01572279
-0.00283487
0.08607063
-0.06581745
0.06822239
-0.00187435
-0.01247478
-0.02505516
0.00883597
-0.07372598
-0.04019997
-0.04391157
-0.01583751
-0.02003366
-0.00961297
-0.02230847
-0.01625765
-0.02161784
0.01480418
-0.02511243
-0.06137634
0.06197850
0.04534888
0.01978874
-0.01100783
0.03276512
-0.04841819
-0.00593538
-0.01743044
-0.06649594
-0.00116954
0.08737123
-0.06694101
-0.05003410
0.00267416
0.00866219
-0.01145032
0.09715210
0.00869690
-0.01871039
0.02032733
0.00886998
-0.01431485
-0.04710633
-0.03459688
0.02844936
-0.01839601
0.00593548
0.07444447
0.06008379
-0.02875077
0.01547960
-0.04993758
-0.06783109
-0.02913511
0.03448872
0.02662475
0.00363240
0.00932553
-0.03362917
-0.01443142
-0.00578033
-0.00790411
-0.04740199
-0.01990946
-0.03140082
-0.03222675
0.02176381
-0.00663539
0.01522550
0.02988173
0.01240030
0.03129088
-0.03057729
-0.00995543
-0.01077187
0.02439110
-0.03745434
-0.04398799
-0.00882911
0.01009111
-0.00412737
0.00828805
-0.04432150
-0.01541480
0.02485207
-0.08662255
-0.03252097
0.04178986
0.01259273
0.03647209
-0.00167143
-0.00683822
0.01220155
-0.00780239
0.02749829
-0.02387867
-0.02166879
-0.01921176
0.02721091
-0.02662620
0.06410839
-0.01177602
-0.01202519
-0.02591575
0.01509325
-0.02353147
0.01611159
-0.02621240
-0.02434912
0.01344006
-0.02913089
0.02038149
0.01046145
0.01132145
-0.01751536
0.03781489
-0.00504821
-0.00560432
-0.00737937
0.04121823
0.02405438
0.00343045
0.03351851
-0.01718399
0.00010892
0.01988083
-0.00845071
0.05246870
-0.00703386
-0.03496537
-0.01389525
0.00480217
-0.00400347
-0.00127216
-0.02377045
0.03987993
0.02918677
0.00071356
0.01745902
0.00960920
0.00190698
-0.00578629
0.00164341
-0.00920116
0.00706417
-0.05756414
-0.03006741
-0.05119189
-0.07670791
0.03999010
-0.00552797
0.02018569
0.02870186
0.02498254
0.05699685
-0.01674112
-0.01597433
-0.03890438
-0.00820205
-0.03936378
-0.01142536
0.00697639
-0.02978291
-0.00350502
0.03471276
0.00807083
-0.04703402
-0.03489124
0.02797128
0.02507568
0.03780306
0.01336520
-0.01479895
0.03258516
0.05566449
0.00204143
-0.01040121
-0.03669913
-0.02118036
-0.02505686
0.01001524
-0.02504502
-0.03486508
-0.00524243
0.02782568
0.03122243
-0.01576826
-0.00715403
-0.02049182
-0.01549446
-0.05207242
0.01594444
0.01609239
0.02498760
-0.05286022
0.04680971
0.00467562
-0.05887758
-0.00418518
0.01314865
0.03453797
-0.04208191
0.09846500
-0.02491507
-0.03847449
-0.01109003
0.05277836
-0.00596000
-0.04375045
-0.00306269
-0.02538514
0.13680753
-0.02251654
-0.04926847
0.02003914
0.00555801
-0.00607939
0.03432187
0.00517778
-0.01142165
-0.00385703
-0.02415287
0.01866372
-0.03932090
-0.02600664
0.01623713
0.02076483
-0.00912988
0.01807915
-0.02403084
-0.02950323
0.03312907
0.04018279
-0.00552721
-0.03142903
0.04703754
-0.00060225
0.01802808
-0.01650233
0.00693025
-0.02968319
0.02427823
-0.01221678
-0.02366749
0.02453525
0.00252942
-0.01012767
0.01618888
0.00476712
0.00624737
-0.02252927
0.04096505
-0.00219211
0.02270428
-0.02321992
-0.01057352
0.00308484
-0.02165804
0.01829712
-0.00256683
0.00508077
-0.03703321
-0.02597765
-0.01464181
0.03234810
-0.04287247
-0.00010046
-0.01649335
-0.04158654
-0.00749263
-0.04576850
-0.02136885
0.07304189
0.04560195
0.06123623
-0.00442217
0.03518127
0.02967251
-0.02380903
0.00492893
-0.00546277
-0.00899734
-0.01540730
0.00493498
-0.02159549
0.01150529
-0.03999694
-0.04153029
-0.01411939
0.00626184
0.00801600
-0.03344458
-0.00517041
0.01694840
-0.00519196
-0.03820447
0.01650725
-0.00139473
0.00166166
0.00481015
0.00389470
-0.02473388
-0.03410627
-0.00994910
0.01241677
-0.00502764
0.03363440
-0.03163461
-0.01603685
-0.00714895
0.03423426
-0.02102940
0.01226847
0.01298198
0.02486100
-0.01771586
0.02587704
-0.00378447
0.02622083
-0.01830585
-0.01035132
-0.02665725
0.00682250
0.00879695
-0.01456414
-0.00591960
0.03753987
-0.03772822
0.00421491
0.00359800
-0.02212231
-0.06857394
0.01084541
-0.00443364
-0.02361301
0.01623747
-0.00663637
-0.01251495
-0.00403209
0.01693182
-0.07008839
0.03911950
-0.04003689
-0.02528344
0.00896824
0.04522765
-0.02689883
-0.02740367
-0.04199949
-0.04416896
0.01055661
-0.00400067
0.00275278
-0.06755470
0.02066305
0.01462462
0.03904122
0.01363032
-0.09683093
-0.00299504
-0.00420596
0.03059599
-0.01237381
0.01745688
-0.11883970
0.03859675
0.10325263
0.01642711
-0.01258660
-0.02320052
-0.01698911
-0.03942119
-0.04132704
-0.02041685
-0.05593926
-0.00257974
-0.01407497
0.02440381
-0.00978827
0.01755268
0.00666824
-0.01104174
-0.06694773
0.03032867
-0.03794291
-0.08844338
-0.04741339
0.05644038
-0.00934317
-0.06490657
-0.04880201
0.03079054
-0.02677601
0.04997135
0.05907850
0.03075918
0.00759076
-0.00942958
0.04473880
0.01475616
-0.00663888
-0.01751348
-0.00253059
0.14793599
-0.01552796
0.01216002
0.02188689
0.01097703
-0.00366556
0.04163952
-0.00468614
0.00573189
-0.00422534
-0.02684147
0.01314973
-0.05490865
0.02535330
-0.03006421
0.01793007
-0.00538169
-0.01249414
-0.05267221
-0.04219462
-0.00240399
0.03464810
0.06532638
-0.00497950
-0.00802440
0.01826781
-0.01014635
-0.01914543
0.07971633
0.03842442
0.03683947
-0.03889413
-0.03942714
-0.03243529
-0.04572194
-0.01846201
0.05261756
0.01207656
-0.03373314
-0.07316271
-0.01988135
-0.00299436
-0.00060497
-0.03324093
0.00302731
-0.03532721
-0.00391980
0.00718437
0.00796587
-0.01190043
0.03175503
-0.01417455
0.04785512
-0.01212424
0.03249398
-0.02904203
-0.02385481
-0.08782970
-0.01372916
-0.00516123
0.01185185
-0.00363877
0.01205949
-0.04076607
-0.03738938
-0.03321483
-0.03903139
-0.01679783
0.04123830
-0.00586880
-0.00658305
0.00888765
-0.03406750
0.01340509
-0.01753959
-0.04550886
-0.02718043
0.00773149
0.03611858
0.02996415
-0.00278255
-0.03351467
-0.00505628
-0.03008823
0.04359543
0.02514236
-0.00669779
-0.02229756
-0.04778659
-0.02316027
-0.00760544
0.04711453
0.04325531
0.00957506
-0.02436030
0.01257669
0.04799793
-0.03922969
-0.05591483
0.00569683
-0.03532191
-0.01262338
0.00862128
-0.01201603
-0.00960207
-0.01951254
-0.02210121
0.01806542
0.01760893
-0.02396148
-0.00504772
-0.05627742
-0.03408787
0.02846971
0.00073787
0.01783723
-0.01510663
-0.02935534
-0.01300971
-0.01167868
-0.00372196
-0.04571258
0.02722402
0.01158341
-0.05858545
-0.02318598
0.05771961
-0.00014824
0.01719541
-0.01827358
0.02421365
0.00794827
0.02614145
-0.04623437
0.02064810
-0.01478027
0.00949264
0.00395247
-0.00410785
0.00640372
-0.03788362
-0.00878011
-0.02109155
-0.00184740
0.02063329
0.05693124
0.01669930
0.01699972
0.02140360
0.03699226
-0.00222154
-0.03180286
0.00673002
0.00833436
-0.04007605
-0.03532361
-0.02637242
0.01680858
-0.02566128
0.01509517
-0.01964919
0.05886234
0.07472985
-0.01364699
-0.00681640
0.01132877
-0.01836205
0.00163334
0.02841546
-0.00045489
-0.00967073
-0.00456755
0.01197795
-0.00488727
-0.00113272
0.00213203
0.00365682
0.00309426
0.00581048
-0.00406925
-0.04018058
-0.03360258
-0.01851938
-0.01244626
-0.03314540
-0.01660747
0.00052608
-0.01820529
-0.02121311
-0.00494715
0.00237255
-0.00111084
-0.03996178
0.00715708
-0.00528818
-0.01736716
-0.02321952
-0.01936305
-0.01913285
-0.00806309
0.00615588
-0.03040606
-0.00096693
-0.00692307
-0.00015973
-0.01374853
-0.00795306
-0.00177484
0.00841431
0.00415309
-0.01171188
0.00662725
0.00824127
-0.06137652
0.03009504
-0.03202253
-0.04884277
-0.00341686
-0.01717401
-0.00111067
-0.00050557
-0.00966956
0.00737246
-0.01951357
-0.01372996
0.01013202
0.02780916
0.01655341
-0.00030360
0.01234327
0.01729611
-0.00619203
-0.00113396
0.00807989
-0.01339608
0.02246274
-0.00021324
0.00769832
0.01433806
0.00137443
-0.00949720
0.00324464
-0.02864142
-0.00931038
-0.01467189
-0.01515548
0.03374285
-0.00386939
-0.02669018
-0.01237082
0.01257201
0.03600825
0.00349613
0.02671023
0.01925550
-0.00752378
-0.01550004
-0.02420665
0.01410557
0.00558917
0.02677398
0.05791907
0.01684565
-0.01687775
-0.00530393
-0.01101394
0.01275146
0.01888889
0.00404376
0.00115959
-0.00029403
0.00819327
0.00957939
0.02719090
0.01205221
-0.03416189
-0.00697016
-0.03184062
-0.01154869
0.00017339
-0.03149550
-0.00523987
-0.04604910
0.00714608
0.02662154
-0.02276129
-0.00034861
0.01067939
-0.01932355
-0.02659581
0.02475449
0.03908285
-0.01442578
0.03392878
-0.00653787
0.03420816
0.00666509
-0.00691822
-0.01104239
0.02206730
-0.02494339
0.01332512
0.03234150
0.01091226
0.00609916
-0.01709565
-0.01048041
-0.02739308
0.03438423
-0.02078726
0.00510722
-0.00609281
-0.01499841
0.00528021
-0.02040885
-0.02838703
0.00376676
0.01437000
-0.02455731
0.02127174
-0.02496406
-0.01918565
-0.01513207
-0.02939469
0.01405736
-0.01986705
-0.08629274
-0.05360514
0.00060673
-0.01548423
0.00701946
0.03797387
0.00636031
0.02661652
-0.01993022
0.02809919
-0.00114793
0.01588171
0.04136319
-0.02601916
-0.02192549
0.01624551
0.03237741
-0.03500408
0.01013035
-0.05434626
0.04740860
0.03340444
-0.02451901
-0.10132124
-0.03840553
-0.04259217
0.05483846
-0.00740272
-0.02188683
0.00619523
-0.01091609
-0.01499802
0.00893892
0.01174208
-0.03112974
-0.00044399
-0.02296553
0.03286666
0.00493390
-0.02302336
-0.00916550
-0.02203260
-0.05079905
-0.02280948
0.01456949
0.00518940
0.01076360
0.05135730
0.02534866
0.10422952
0.02906051
0.01812796
0.02697944
0.04165554
-0.05378778
-0.01266427
-0.03185496
-0.01629842
0.03395315
0.01093549
-0.03063682
-0.00089933
-0.02834165
-0.02742186
0.03685261
-0.03268965
-0.01155039
0.06136238
0.00888760
-0.02034958
-0.00308227
-0.00833785
-0.06274960
0.00862363
-0.03402732
0.06195009
0.03450230
0.01008005
-0.04321321
0.00883318
0.05052599
0.03292510
0.07600570
0.00185234
0.03488019
0.02327439
-0.01246640
0.00981716
-0.01225363
0.00345752
0.00789040
-0.04024101
-0.01246153
0.02825276
0.04667472
0.01687129
0.03057650
0.00124003
-0.01113754
0.02729804
-0.01307729
-0.04514538
0.00549344
-0.01253645
-0.00372155
-0.01257045
-0.00637164
0.00731087
-0.01919109
-0.00339263
0.02099872
-0.00541140
-0.00611009
0.02785653
-0.02700405
-0.04586774
-0.03009480
-0.04718933
-0.01809837
0.00901688
-0.00908567
0.01370238
-0.04692086
-0.02385421
-0.02391469
-0.01236635
-0.00645990
-0.01570112
0.02454559
-0.00550533
-0.04038913
0.00558304
-0.00345933
-0.01026157
-0.02328736
0.01224505
-0.00405407
-0.01698910
0.01474531
-0.01777258
0.03287531
-0.00606056
-0.02106963
-0.01344895
0.01082800
-0.01779433
-0.00439579
0.00765160
0.01379152
0.00837394
0.02188428
-0.01596432
-0.01138050
-0.04072911
-0.00526414
0.02595158
-0.00136072
0.01200561
-0.01302744
0.00446147
-0.01548807
-0.00130138
0.01590359
0.01047402
-0.04025945
0.03933746
0.02689981
-0.01061278
-0.01915666
0.01525100
0.04702596
0.01097517
0.04901814
0.00920411
-0.01167930
-0.01529325
0.00027232
0.00614132
0.03117404
-0.01087438
-0.01754460
-0.02387152
-0.01377710
-0.01362956
-0.02345039
0.00862276
0.01939030
-0.02338726
0.02844826
0.00965972
0.02674475
0.02494489
0.04494701
-0.01559871
-0.00925411
0.01402221
-0.01560102
-0.01910032
-0.01076080
0.02526565
-0.00872299
-0.02449514
0.04391662
-0.01965221
-0.03651212
-0.01138697
-0.00457952
-0.03082167
-0.02572849
-0.00797398
0.00625612
-0.04438490
0.03421775
-0.05276429
-0.00343363
-0.01077944
0.00640141
-0.00195318
-0.03710642
-0.02125002
-0.01292561
0.00256872
0.02026214
-0.00930637
-0.06739530
-0.01427257
0.03965197
0.00939797
0.02554328
-0.04302615
-0.02583432
0.01890480
0.01704174
0.00091034
0.02529002
-0.02365813
0.04248160
-0.03257084
-0.00978092
0.00913128
-0.03811922
-0.01134080
0.02686894
-0.00575038
0.01098401
-0.01485634
-0.03265681
-0.00732594
-0.00343626
0.00102153
-0.03138708
-0.00104431
-0.01163327
-0.00131245
-0.00737131
-0.01422537
0.01895590
0.02555323
-0.01282551
0.01077614
-0.02589009
-0.03092028
-0.02988026
0.00231787
0.02780444
-0.04566172
-0.01219481
-0.01590732
-0.02392671
-0.02101620
-0.03662615
-0.02033597
-0.05057736
0.00383558
-0.04493912
0.00565534
-0.01016803
-0.01567193
0.01833337
0.00089230
0.00346245
0.02229051
0.00473787
-0.02633602
-0.02859116
0.00665878
0.01682978
-0.03072521
-0.00306368
-0.01754041
-0.02037669
0.00536044
-0.02141852
0.00238282
-0.00274209
0.03405665
0.02329191
0.03477121
0.02538048
-0.01166431
-0.00052550
-0.02598838
0.00156181
0.00847775
0.08188951
-0.02690128
0.02279914
-0.06221488
-0.01270714
0.02639778
0.00424753
-0.03042036
-0.01074733
0.00181486
-0.02206078
0.00209450
-0.00069121
-0.01127496
0.00326777
-0.04519035
-0.00591195
0.00997399
0.01824657
-0.01353760
0.00664417
-0.02303025
-0.01065093
0.01791373
0.03530307
-0.00366024
-0.02042201
-0.00001698
-0.05916049
-0.00363240
0.02454612
0.03044220
-0.01416367
-0.00312944
0.03284302
-0.04561010
0.04992263
0.03524527
-0.02486924
-0.02124049
-0.01469952
-0.00465060
0.04134628
0.00105541
-0.00104821
0.02579860
0.00981239
0.00306128
0.03279103
-0.00640760
0.01193384
0.02232925
0.01358772
-0.03088964
-0.06182660
-0.01116337
0.00219333
0.00468323
0.02318583
0.00814950
0.01296685
-0.04624892
0.00678614
0.04135259
0.00868298
-0.00780436
0.04033153
0.05196529
-0.03361754
-0.03751402
0.03581755
0.00060459
0.00166115
0.01634305
-0.01502367
-0.01107772
0.00584319
-0.01807730
0.00800378
0.03116884
0.02205132
-0.00029528
0.01109383
0.02349395
0.00970044
-0.01845940
0.00498707
-0.00120584
0.00388929
0.00709671
-0.00406997
0.04211645
0.00276427
-0.02252500
-0.00669210
0.01906963
-0.01663394
-0.00671258
-0.01192772
-0.08174577
-0.01180216
0.02262419
-0.01616462
0.00943678
0.02256282
0.04722967
-0.02867315
0.01998211
-0.02490550
0.00423355
0.01265896
0.01076056
-0.04211444
-0.01274794
0.03119058
-0.00573928
0.01565676
0.01274977
-0.01191093
-0.01052723
0.04054126
-0.02818310
-0.01291706
-0.03881540
-0.03172646
-0.02812047
-0.03625888
-0.03408827
-0.00899355
0.01233247
-0.01523966
0.00371142
0.01140909
-0.01786573
-0.00037786
0.01285493
0.00864762
0.01368730
0.00082033
-0.00624153
0.00434202
0.00156113
-0.00728360
0.00441871
-0.02491519
0.00709010
-0.00551387
0.03007219
-0.01306059
-0.04193077
-0.01913040
-0.01214192
0.01817999
-0.02433557
-0.00380467
-0.04319307
-0.04456713
0.02522524
-0.02507743
0.02402016
-0.00569902
-0.03349211
-0.00463439
0.00456743
-0.00764467
-0.01800449
-0.00264588
0.02182177
-0.01303583
0.00962111
0.05316503
0.02064643
-0.02641473
-0.04027915
0.04178921
-0.01479827
0.03265532
-0.06357431
0.01755415
-0.00914861
-0.03646194
-0.00581710
-0.00892253
-0.01244949
-0.05036873
0.06075481
0.01251427
0.02343787
0.05862398
-0.01067526
-0.00569765
-0.00749852
0.05005853
-0.03191808
0.02547150
-0.05957975
-0.04211285
0.00025751
0.00534922
0.00632676
0.01941439
0.00818874
-0.02999222
-0.03634160
0.02660167
-0.02320763
-0.00927307
-0.02551566
-0.00563360
-0.00643239
-0.03321955
-0.00862925
-0.01832070
-0.01284248
-0.02897284
-0.00990349
0.01067009
0.02857895
-0.02911296
-0.01812796
-0.03752605
-0.03377432
-0.01590339
-0.01947580
-0.05390670
-0.00252282
-0.02923547
-0.00908807
0.02252939
0.01286471
0.00394862
-0.00174941
-0.02332729
-0.01781982
0.00597085
-0.00037976
-0.04412547
0.01627431
0.03204815
-0.01359852
0.02267450
-0.00452030
-0.01317741
-0.01714104
-0.01069003
0.00373112
-0.03593225
-0.01031750
-0.02225074
0.06980889
0.02208786
0.02083062
0.00160212
-0.01332030
-0.00503539
-0.00698783
-0.01161997
-0.02861267
-0.04622834
0.02938503
-0.02237223
-0.03392112
-0.01233139
0.02082575
0.02979100
-0.03105339
0.03237643
-0.01344295
-0.01791829
0.00588048
0.02319177
0.02507558
0.00013396
-0.07714926
0.02109612
0.00704427
0.03433841
-0.00793148
0.02675985
-0.00639544
-0.02057769
0.00257502
0.01442762
0.00845558
-0.02230052
0.04168875
0.03634785
-0.04148295
-0.02760365
-0.01652484
-0.02047676
0.01615769
-0.01197323
-0.01105772
0.00243450
0.03440611
0.01849364
0.02866222
-0.02421775
-0.00419900
-0.03197848
-0.00756357
0.00624956
0.00188183
-0.06577393
-0.00276105
0.01179878
-0.00150617
-0.05475925
0.01172724
-0.00954489
-0.01172181
-0.00213044
0.02462353
0.03818623
-0.02767694
0.00355520
0.00501534
0.01052284
-0.00655749
-0.02520805
-0.00373267
-0.02532482
0.02054635
-0.01564909
0.01049011
-0.00058319
0.03270876
0.00137689
0.00625433
-0.03200603
0.01956621
0.03393977
0.01461839
-0.01044753
-0.01520525
0.00487497
-0.02010435
-0.01098389
-0.00425678
-0.00581597
-0.01900239
0.04938939
-0.00838572
-0.00621895
0.01519404
-0.02264452
0.02203629
-0.05103499
-0.01352887
-0.02188921
0.01132748
-0.01970271
-0.03810097
-0.04847458
-0.02825233
0.01291811
0.00249757
-0.01616570
-0.01629784
-0.16452272
-0.04188019
-0.03237720
0.02129399
0.06714264
-0.02890927
-0.06411077
0.01486810
0.07360070
0.06807338
0.12211683
0.00737266
0.08421061
-0.01648224
0.00665508
0.01755471
-0.09904765
-0.03379956
-0.04731804
0.08847927
0.03984925
-0.00791094
-0.06587321
0.03158575
0.00903447
-0.01955784
0.01668834
0.06396223
-0.00293832
0.08208537
-0.00139360
0.06042265
0.02255715
-0.08046217
-0.03309848
0.01904361
0.04220196
-0.03143813
-0.04785969
-0.01434295
0.01621724
0.01557597
-0.01025590
-0.00197966
-0.01112320
-0.08434182
0.01771652
0.00983612
-0.01817070
-0.04239302
0.03648044
-0.00045891
-0.01209922
-0.00674890
0.04931613
-0.01175748
-0.02146206
0.09940870
0.00821335
-0.05170432
-0.01295255
0.03258944
-0.04252189
-0.01806843
0.01021099
-0.08647078
0.06856871
0.02704631
-0.01691761
-0.01639166
0.00257022
-0.00979954
0.04076685
-0.06701554
-0.01146428
-0.07101462
0.01408149
0.05629700
-0.03972808
-0.05842505
-0.01428499
0.02637383
-0.00831193
0.08404546
0.01289440
-0.01414207
-0.05184457
-0.03953005
0.00928292
-0.03478296
-0.00636448
-0.01069776
-0.03232152
0.03451514
0.01499661
-0.01568818
-0.04484579
0.04813077
0.04065283
0.03982551
-0.03895514
0.00818350
-0.02177275
0.02958387
0.00231309
0.04062561
0.02269747
-0.00057718
0.02481850
0.04322454
0.03225900
0.03713578
-0.04017819
-0.00516680
-0.05154857
0.00069855
-0.02201048
0.02887974
-0.06513879
-0.00139370
-0.02457232
0.02419701
-0.03753691
0.05302313
0.03528670
0.00401448
-0.00513508
-0.00713097
-0.03423704
0.02151218
-0.00693195
0.01230281
0.04866045
0.00574774
-0.02175081
-0.04332195
-0.03667587
-0.01200164
0.00740460
-0.00970594
0.01777991
-0.03556035
-0.00796375
0.00543051
0.03059707
0.00773467
-0.01993014
-0.03119301
0.01056677
-0.01291106
-0.02287571
0.01469131
-0.00616143
-0.03508684
0.03217249
0.04684706
0.01875865
-0.00442158
-0.04084338
-0.01540651
-0.02184015
-0.00652095
-0.02267199
0.00741635
-0.00639739
-0.00567438
0.00043953
-0.00521615
0.00544344
-0.03992371
0.00110461
-0.04002555
0.01128510
0.00982444
0.00912094
-0.01343184
-0.01168301
-0.02077190
0.01144507
0.02550882
-0.02560921
0.00850553
-0.00970326
0.01703583
0.02735907
-0.00588810
-0.00827553
0.00397793
0.02048693
0.01541721
0.00711211
-0.02259683
0.00522163
-0.03477901
0.00824616
-0.00607099
0.03045992
-0.05343203
0.03485076
-0.04872443
0.05728939
-0.00692147
-0.00584170
0.01216026
-0.00965039
0.02464661
-0.01254317
-0.00087052
-0.00983831
-0.00492753
-0.03686496
0.00905098
0.00845912
-0.04648720
-0.01731307
-0.02102873
0.03233797
0.00125931
0.01422160
-0.03545334
-0.02246478
0.04250677
0.01509800
0.01277640
0.04307797
-0.02737147
-0.00450942
-0.02029013
-0.02050282
0.00092681
-0.01643771
0.01972780
-0.00267858
0.00705739
-0.00775440
-0.03191778
-0.07848196
-0.01996192
0.03771318
0.00641952
-0.02903396
-0.02299853
-0.05940302
0.00122636
-0.03231150
-0.01072873
0.05744671
-0.03372136
0.00242804
0.01552689
0.00510542
-0.01906659
-0.00643187
0.01640433
-0.01887847
-0.00950891
-0.00057923
0.00823584
0.02478997
-0.00541189
0.00992789
0.01219978
-0.04187303
-0.02572623
0.07232311
-0.00614753
0.01323702
0.01819330
-0.02051767
-0.00884455
-0.06194041
0.00075051
0.00288509
-0.00703784
0.00350480
-0.01786713
-0.05658257
-0.03679189
-0.04987413
0.03064530
-0.00225824
0.02355006
0.03381265
0.00090285
-0.03254717
-0.00226024
0.01469153
0.00444678
0.01877903
0.04399963
-0.01728177
0.03884270
0.03062125
0.01570599
0.02972962
0.01959155
0.09481632
0.05701457
-0.01357728
0.00799713
0.00660429
-0.05399685
0.00567111
-0.00148423
0.00317892
-0.04368636
0.00543757
-0.03559221
0.01603314
-0.01452367
0.05981571
-0.02932417
0.01676651
-0.00919356
-0.00712439
0.00941963
-0.00312451
0.00044900
0.02332896
-0.00716384
0.00531945
-0.03520651
0.02299152
-0.00721218
0.03432443
0.01991073
0.02105767
0.01844551
-0.02616407
-0.01830898
0.00437966
0.02048333
0.06031320
0.04427054
-0.02186867
0.01416029
0.02078664
0.02861331
-0.01563072
0.00712370
0.09589731
0.00113960
0.00977684
-0.06202259
0.00692237
-0.01098496
0.03786718
-0.04189753
-0.00878293
0.00120226
0.04344464
-0.02050867
0.00484172
0.02048566
0.01757049
0.03886387
-0.01239251
-0.00200908
0.00888824
0.04319832
-0.00183746
0.02850872
-0.03460785
-0.02268828
0.01176424
-0.00445965
-0.01329292
-0.02057837
0.02391886
0.02465734
0.02030734
-0.00725840
0.00509694
-0.02260061
0.00890532
-0.00231621
-0.04476397
0.01645151
0.02467568
0.04007631
0.02353991
0.00580808
-0.01478426
-0.01723923
-0.02563819
0.01485479
0.03643903
0.03624572
-0.06156714
0.05004564
-0.08720390
-0.01471771
-0.01890217
0.04230092
0.00649684
-0.00392846
0.01014295
0.03728708
0.00102913
0.01012393
-0.06455113
0.01557070
-0.03878392
-0.01223814
-0.02354247
0.08219776
0.02869610
0.01487189
-0.08209419
-0.04941071
0.02512816
0.13239455
-0.01220379
-0.03457560
-0.07482918
-0.09421882
-0.00217974
-0.00129724
0.02927242
0.10237289
0.03810764
-0.04195867
-0.02262023
-0.01289633
-0.01861161
0.03325466
0.04917550
-0.02151976
-0.01759670
-0.00661270
0.00724401
-0.02853411
-0.02587822
0.00546420
-0.01050833
0.01014397
0.05102441
-0.00786408
-0.04176329
0.00290147
-0.03467391
-0.08714963
-0.01940192
0.04332803
0.02616771
-0.03194407
-0.03936803
-0.01321821
0.03761146
-0.02419196
-0.14755377
-0.03332845
0.04578519
0.02132749
-0.00081436
-0.03753041
-0.02862161
-0.03517213
-0.00933803
-0.03383339
0.05859786
0.00558022
0.04127612
-0.01072618
-0.04782561
0.00269547
0.01861758
-0.01083447
-0.01163547
0.00608229
0.06844141
-0.00961024
0.03316499
0.01176903
-0.01561966
-0.01553979
-0.03689719
-0.01154643
-0.00750437
0.00954399
0.03489405
0.01831649
0.00714541
-0.03452919
-0.03137968
-0.00825987
0.01652824
-0.03085120
-0.00792581
-0.00963908
-0.03394533
0.00212363
0.02650915
-0.04517109
0.01214236
0.04912447
-0.02162937
0.01435053
0.00241991
0.01670538
-0.03493343
0.00080916
0.05078061
-0.01922628
-0.00974344
-0.04378143
-0.00607870
-0.04173247
-0.01437742
-0.06536532
-0.02369726
0.00097804
-0.01351359
-0.01748196
-0.02425578
-0.03142714
-0.02024050
0.02972728
-0.00564825
-0.04131421
0.00627910
-0.00262070
-0.03403477
0.01362062
-0.02300443
-0.02078770
-0.04079045
0.00424324
0.05685338
0.01702933
0.02064039
-0.00366319
0.01914631
0.00759302
-0.02524509
0.06490814
-0.00171077
-0.06666610
-0.02252062
-0.03272396
0.01898162
0.02119699
0.00045370
-0.02546090
-0.01579185
-0.05286654
-0.07271416
-0.00549634
-0.00732707
-0.00068056
-0.01270996
-0.01168081
-0.00725393
-0.00015640
-0.01178248
0.00302880
0.01835469
0.03893588
0.05020941
-0.01242893
-0.02121205
-0.00553210
0.00907132
0.01929997
0.02488931
0.04571060
-0.00150787
-0.01203683
-0.03157657
0.04502967
-0.03912857
0.01367476
-0.01944013
-0.02886197
0.00234903
0.00491860
0.04735976
0.02438230
-0.02112215
0.00318686
-0.01276137
-0.01883111
0.02322007
-0.00060516
0.01450484
0.00266552
0.00257814
0.04071489
-0.01432077
0.01516021
-0.00765537
0.02084892
0.06092688
0.00865006
-0.04137010
-0.05468982
-0.11786959
0.08630280
0.04762300
-0.01379438
0.04036756
-0.01331997
-0.01170622
0.00206842
-0.04091027
0.03122147
-0.00385826
0.00435466
-0.01421108
-0.03186344
0.02805302
-0.06375339
-0.06232912
-0.02087974
0.03820967
0.01355689
0.00385811
-0.03831612
-0.03667426
-0.05358117
0.00892746
0.00989553
0.01064140
-0.00757018
-0.03035217
-0.02715679
-0.06271891
-0.01176148
-0.00121785
0.00808278
-0.00527162
-0.06872915
-0.00083491
-0.04411967
0.00865751
-0.00228735
0.02944322
0.01751669
0.04930423
0.02078863
0.04217526
0.03897806
0.06688295
0.01539018
0.01215282
0.01343098
0.00005857
-0.00998429
0.01943390
-0.01873817
-0.02810025
-0.01911998
-0.02404850
-0.01704083
-0.02652348
-0.07619200
0.01047719
-0.06049842
-0.01144319
0.02834251
-0.05498525
-0.01724636
0.00056133
0.03425475
-0.01620326
0.04034352
0.06921249
-0.02751079
-0.01921929
-0.03091398
-0.02066678
-0.01994128
-0.00222339
0.00355819
-0.00340410
-0.02894377
-0.02691804
-0.02647706
0.01350646
-0.03159085
0.01748686
-0.01258791
-0.00070452
-0.00880344
-0.02803179
0.02349323
0.01788156
0.01795753
-0.00268373
-0.02628202
-0.00859879
0.00663359
0.05455190
-0.02362616
-0.00356520
0.00493932
0.08031192
-0.00557846
0.00008667
-0.02392194
-0.02044887
0.02195407
0.00205571
0.01955301
0.00065119
-0.01770943
-0.01918941
-0.01212237
-0.01415902
-0.02282043
-0.01380820
0.01692075
-0.01213905
-0.02136133
-0.02946901
-0.04468270
0.00598422
-0.00476422
-0.02248533
-0.00142653
-0.02649802
-0.00174898
-0.01925735
-0.01820499
-0.02787568
-0.00511726
-0.00680612
-0.01030231
-0.00488790
0.00228924
0.02358477
0.00136281
0.03619504
0.04372831
0.00906332
0.00218012
-0.01555131
-0.01614784
0.07740960
-0.00649237
-0.03935811
0.00454766
0.00863923
-0.00223545
0.00971855
0.02487968
0.01745708
-0.00957798
-0.01393328
-0.01957766
-0.01044310
0.02182515
0.00110086
0.00565713
-0.00879741
0.00245232
-0.00149366
-0.01682670
0.01100304
0.01433106
0.00923533
-0.00036767
0.00677556
0.00224095
0.01284064
0.00778650
-0.00747577
-0.02419191
0.04268619
0.00784055
0.02369003
0.00393495
-0.03390973
0.00554410
-0.02028273
-0.00633501
-0.00523689
-0.02023752
0.01586005
0.02738356
0.00573550
0.00659201
-0.02119129
-0.01105539
0.00230399
-0.01651702
0.05478941
-0.02260662
-0.01248185
0.02021584
-0.00967519
-0.00997309
-0.04516287
-0.02130590
-0.01048675
0.01766665
-0.02409808
-0.03720142
-0.02358438
0.02234979
0.03263807
0.03350185
0.00272415
0.00646070
0.00401205
-0.01852048
-0.00743597
-0.04059890
-0.02737029
-0.00999724
0.01138344
0.02819712
0.00765332
0.04881562
0.01128145
-0.02478795
0.01011284
0.01642171
0.01923238
-0.02313647
0.01685035
-0.01177372
-0.01081081
0.00703144
-0.02194868
-0.02546485
0.00489439
0.00787817
0.00429792
-0.01428329
-0.02863041
-0.00369259
-0.02071629
-0.00890723
-0.05117531
0.00194259
-0.00291329
-0.01197025
-0.01130530
0.01908310
-0.02373339
-0.00016227
0.00091057
-0.00164473
0.02065598
-0.01099679
0.02255714
0.00318692
-0.00852655
0.00946838
0.00289175
-0.02370340
0.01033551
0.00919709
0.00467038
-0.01229647
0.02033892
-0.01739678
-0.02222094
0.00038414
-0.01360271
0.02299028
0.00536585
-0.00826148
-0.01671357
0.00661928
-0.02002605
-0.00700585
-0.01741675
-0.00755219
-0.00802683
0.04467501
-0.01509367
0.03050516
0.01099244
-0.00983941
-0.01351885
0.01713682
-0.01891259
-0.02067705
-0.02520177
0.01612609
0.00648896
0.00289343
0.01078699
-0.02305296
-0.01984499
-0.01257777
0.01260484
0.00265643
-0.00297130
0.01231413
0.02085872
-0.01894222
-0.00468766
0.00455507
-0.01254028
0.01480206
0.00487904
-0.00021696
0.00016578
0.01211090
0.00055646
-0.01208569
0.01050968
-0.00665102
-0.00876318
-0.01246237
0.00489062
-0.00695711
-0.01632410
0.03070065
0.00840728
0.00765414
-0.00683835
-0.01874375
0.00492842
0.03359833
0.01229735
0.04479070
0.01702495
0.03426676
0.01601651
-0.00933268
-0.00391316
-0.01046940
0.03073537
-0.01563630
-0.00099133
-0.00561281
0.03225665
-0.00222095
-0.00446217
0.01238603
-0.00564920
-0.00410829
-0.02756134
0.00446729
0.02285310
-0.01275676
0.00730200
-0.02273947
0.00510785
0.00204235
-0.01313253
-0.00343756
-0.00973174
-0.00695078
0.02336715
0.03265141
-0.00429524
-0.01508903
-0.00244102
0.01131397
0.04546090
0.03984199
0.05710735
-0.02142193
-0.01096718
0.01064031
-0.01791136
-0.02938224
0.00427577
-0.01900929
-0.04183542
0.02323881
-0.00955065
0.04962968
0.03934326
0.01949784
-0.02910816
0.00453043
-0.02919211
0.01271438
-0.03485722
-0.01930035
-0.04988297
0.06693926
0.01833473
-0.01208259
0.08747916
-0.04132713
0.00306714
0.00720084
0.08093730
0.01482068
-0.00554805
-0.05703144
0.01450284
0.05443049
0.01976638
0.01724013
0.00272670
0.02204268
-0.00588027
-0.03537083
0.00865296
0.01885127
-0.00948734
-0.01016830
0.06123878
0.00929242
-0.01566768
-0.00724802
-0.00220152
0.00387240
-0.05642148
0.00674791
-0.01518606
0.02489097
-0.01512716
-0.02876431
0.04953986
0.02862400
0.05520892
0.00061031
-0.00870602
0.00025129
0.02741223
-0.02241806
0.00123250
0.04829499
-0.01099226
-0.04069453
-0.02407767
-0.01876565
0.02225334
-0.01673762
-0.01863188
0.00782262
-0.00039785
-0.01311158
-0.01814023
-0.00047015
0.03261875
-0.00256608
-0.06097772
0.01152027
-0.04444706
-0.02698177
0.00730106
0.03128039
-0.00102863
-0.00909310
-0.01082998
-0.01060738
-0.03303450
-0.01382894
-0.01526582
0.02730100
0.02918452
0.00959891
0.03079759
0.02640895
-0.01393447
0.00393198
-0.00499662
0.01355014
-0.01826441
-0.00791740
0.00320850
0.00295153
-0.02421204
0.01719026
-0.00768666
-0.00325333
0.00644092
0.01403549
0.01132545
-0.00854633
0.00717988
-0.00352013
-0.00000415
-0.01573593
0.01337048
0.00226195
-0.00372787
0.00125653
0.03166322
-0.00639200
0.00865691
0.01466242
0.00829850
-0.00321488
0.01337973
0.01603124
-0.00183778
0.01036634
0.01682627
-0.01562070
0.00135508
0.00541468
-0.00397863
-0.01287492
0.01811406
-0.02656858
0.04196322
0.02057818
0.02504837
0.01727902
0.02509388
-0.01698738
0.00553944
0.01322719
0.00894197
-0.01499091
0.02392017
0.00956469
-0.00888834
-0.00308153
0.00962629
0.01637092
0.01622644
0.00808707
0.00134090
0.02330192
-0.00098587
0.00653166
-0.00816272
0.00838922
0.02221049
0.00253604
0.00361095
-0.01813808
-0.00634006
0.00485763
-0.00310489
0.02493276
-0.02366333
0.00595423
-0.00649655
-0.00758852
-0.01023098
-0.00380237
0.00407202
0.01393471
-0.00654228
-0.02319627
0.00345127
-0.01224188
-0.00609248
-0.00309524
0.03426940
-0.00048012
-0.03147353
-0.03575591
0.01438707
-0.01800299
0.03939785
-0.01440802
-0.00072590
0.01846031
0.01898812
0.00695162
-0.03694633
0.03604902
-0.00879996
0.01022318
0.02327593
-0.04890042
-0.00483288
0.02647254
0.00581488
0.02981624
0.00508419
-0.04071311
-0.02985879
0.01568702
0.03180129
-0.04338769
-0.03529457
-0.01962077
-0.04279531
0.01014100
-0.01044519
-0.00933820
-0.01009547
-0.00909927
-0.01292585
-0.03783372
-0.01778466
-0.05886721
-0.01730003
0.04263379
0.00179588
-0.00948673
-0.04298489
-0.02369820
-0.03412735
-0.01192091
-0.03598303
-0.00752271
0.07324839
0.02063306
0.01235204
0.00160991
0.02270203
0.01152203
0.00439001
0.00224588
-0.02674574
0.01958998
-0.05122188
0.00474676
0.02586632
0.00697422
0.02456578
-0.02182988
0.03579154
-0.02574730
-0.01799049
0.01308562
-0.01299750
-0.00996896
-0.00424953
0.02784042
-0.00284403
-0.01562883
0.00322357
-0.03056559
-0.01121796
0.02024447
0.02009690
-0.03594825
0.00851751
0.03103847
-0.02108916
0.00529620
-0.01893921
0.00022715
-0.00527294
-0.01171224
-0.01375797
-0.01463144
0.02281691
0.02777757
0.02996778
-0.04612799
-0.02565334
0.02897306
-0.03815578
0.00591943
-0.01221732
-0.03577125
0.03790566
0.05046234
-0.03887220
-0.00886194
-0.03307294
-0.04234179
-0.00483647
0.03828076
0.01253178
-0.03200589
0.03132323
-0.04866341
-0.03594453
-0.00991235
-0.02927738
-0.03807177
-0.00409385
-0.02194114
0.01252433
-0.03498084
-0.04973528
0.01185014
0.02270488
0.01088211
-0.00610033
-0.02500724
-0.02301295
-0.00598109
-0.03817695
0.04537983
0.01589399
-0.00697571
0.02650755
-0.00127554
-0.00953641
-0.01205618
-0.04254344
0.02176634
0.05161793
0.06033406
0.02517436
-0.02011637
0.00190626
-0.00016829
0.03048990
0.00254040
0.06557505
0.00499794
-0.00001171
-0.02688539
0.03906408
0.02305450
-0.02025289
-0.05840926
-0.01754149
0.00526428
0.01439246
0.00051687
-0.00139914
0.02103918
-0.05075626
-0.01182660
0.02174814
-0.00869677
-0.02390874
-0.01795207
0.03204727
0.03878689
-0.01483310
0.03589686
0.03013735
0.01444009
-0.01542698
0.02584243
0.02365641
0.00790901
0.01308354
-0.01724121
0.01778801
0.03736024
-0.02583774
0.03039345
-0.01922142
-0.01251506
0.01139287
-0.00990711
-0.00662299
-0.00262332
0.02649609
-0.00012673
0.02260419
0.00855865
0.03518083
0.00117661
-0.00698040
0.01225966
0.00670440
0.01070686
-0.00515806
0.01018480
0.00776782
0.00992729
0.03230084
0.02395078
-0.04059087
0.02247567
-0.01437042
-0.00795704
0.00088590
-0.04298960
0.03076855
0.02881624
0.02053865
-0.02577480
0.00515402
-0.01796925
0.01247617
-0.05254541
0.02589613
0.01105923
0.00241234
0.02065061
0.03857633
0.01629452
0.04440395
-0.03309814
-0.03281759
-0.02693801
-0.04454230
0.01378814
0.00086570
0.05636902
0.04424384
0.00154527
-0.00796599
-0.00823001
-0.03980318
-0.02754082
0.00810423
-0.02738824
0.01520159
-0.01926432
-0.00090354
-0.03960956
-0.00583883
-0.03132894
-0.00401240
-0.00803850
-0.00283778
0.01330979
0.00866244
0.00666512
0.05590168
-0.02423306
-0.02571416
-0.00526446
-0.01897567
0.01885545
-0.01568350
-0.01978855
0.00252973
0.00856169
0.00910877
0.00347326
-0.00134762
0.00272868
0.00411402
0.04023493
0.01451789
0.01038477
0.00412768
-0.01806238
0.00874616
-0.00578421
0.00457555
0.00442847
0.01701869
-0.02969718
-0.01701687
0.00751844
-0.01412940
-0.02556155
0.02857214
0.06923272
-0.00285661
-0.00410806
-0.00710699
-0.06866998
0.00243846
-0.00068637
0.02431258
0.01989384
-0.00816367
-0.00278693
0.00796239
-0.01587921
0.03390842
-0.04216372
-0.02448817
0.03115917
-0.01682440
-0.01679397
0.00706089
0.01421854
-0.01604593
0.00944347
-0.01097032
0.04643136
-0.00641832
-0.01976636
-0.01039466
0.02590994
-0.02834604
0.00366763
0.05249663
-0.02017441
-0.02633253
0.03766509
0.00126665
-0.01241527
-0.01354355
-0.02015086
0.02475176
0.04395828
0.00995291
-0.02020944
-0.04242197
0.03016469
-0.01192215
0.01110584
0.00560489
0.01730341
0.00108072
-0.00904585
-0.00507699
0.01898332
0.02788130
-0.00780530
-0.00429394
-0.00994923
-0.01009704
0.01949084
0.02627944
-0.00111953
0.01059109
-0.01727725
0.01250541
-0.00690991
-0.01144006
0.00867387
-0.01252019
-0.04839457
-0.01331069
-0.04238429
0.00711885
0.01296482
-0.01899477
0.02163374
0.00697006
-0.00455194
0.02708378
-0.01350954
-0.02354145
0.01420132
0.00597874
0.01314810
-0.01537707
0.01554873
-0.02213759
0.02243186
-0.00243247
0.01078935
-0.01566521
0.00789170
0.00739852
0.00403826
0.00898497
-0.00160519
-0.05358990
-0.02761002
0.00752146
-0.00625015
-0.01188054
0.00416011
0.00436423
0.00700488
-0.02568386
-0.04837717
-0.03958896
-0.01349074
0.02037154
-0.00039141
0.01280273
-0.00367470
-0.01151169
0.06419127
-0.02778022
-0.00243076
-0.03316393
0.01982262
-0.00907819
-0.02128302
0.00151272
0.01626853
-0.01903850
-0.01464638
0.02882715
0.03586140
0.02156374
-0.01725325
0.00100908
0.01428858
-0.01495146
0.02374582
0.01158554
0.00855226
0.00466013
0.00100663
-0.00320100
0.04391661
0.05761163
0.03915334
0.02101142
0.01137431
0.00395745
0.00725098
0.02796212
-0.02824231
-0.05333543
0.01400247
0.00410893
0.01694271
-0.00786618
0.02418638
-0.01604457
-0.01136501
0.02107945
0.04658494
0.02352386
-0.02430005
-0.04626688
-0.03241288
0.03453277
0.00128211
0.01169563
0.00919924
0.00722058
0.06446210
-0.03146613
-0.00298549
0.01528296
0.01491201
-0.01649414
-0.01782918
0.06512184
-0.04142346
-0.01859447
0.01535884
0.01360883
-0.04019161
0.02629559
-0.01502720
-0.01732802
0.03490036
-0.00320850
-0.01323495
0.02175070
-0.02758281
-0.01458068
0.00642932
-0.01986076
-0.04813822
0.02343225
0.03840049
-0.02549418
-0.01921876
0.03336887
-0.01526104
0.02124219
0.01915584
0.01491841
0.04726692
-0.00581968
-0.03169283
-0.00513146
-0.00723985
0.02864172
-0.01669952
0.01067235
0.05215636
0.01570766
0.03519249
-0.01890965
-0.00481448
0.03300260
0.00138482
-0.03922670
-0.00948366
0.02310487
-0.00160807
0.00541518
-0.00094805
0.01486867
0.06116336
-0.03035859
0.02474135
0.03938055
-0.02996046
-0.04675240
0.03413321
-0.01202331
0.00996052
-0.03054497
-0.00199355
0.03040461
-0.02165859
-0.00842101
0.00161361
-0.02588671
0.02563937
0.03501612
-0.00488818
-0.00459294
-0.01447308
0.04499650
-0.02590120
0.04311134
-0.00768721
-0.01858719
0.01742832
0.02975495
-0.02044808
-0.01028984
-0.01996033
-0.02994924
-0.04072869
-0.00909242
0.00117856
-0.00915734
0.01640869
-0.05166113
-0.02380937
-0.04573034
-0.01040831
-0.06010528
-0.01312631
-0.03098084
0.01652675
-0.02967799
-0.00312401
-0.04283206
0.00652189
-0.01194614
0.02541042
-0.05738327
0.00333489
0.01039659
0.01348754
0.02787809
-0.02011220
0.04598897
-0.04470122
0.01169027
0.04523828
0.01354002
0.01222697
-0.06298762
-0.00213126
-0.00274017
-0.00000593
-0.01135905
0.05422693
-0.06857822
-0.02634008
0.03428549
0.08118443
0.02169009
0.00248879
-0.04970911
-0.02966915
0.00758701
-0.00043478
0.00776697
0.04638763
-0.00440962
-0.01604254
-0.04637093
0.06076650
0.02777393
0.04185426
0.00623052
-0.08615611
0.01280313
0.03169863
0.01049886
-0.02890320
-0.02715339
0.01981270
0.01327775
0.00129612
-0.01595714
-0.07824738
0.00402940
0.00286965
0.02968652
-0.00596418
-0.00123277
0.02154697
-0.01794783
-0.00692985
0.00817269
0.00753743
0.03542468
-0.01067539
-0.00059784
-0.02090853
-0.00504245
0.02144927
-0.04291986
-0.01880044
0.05437372
-0.00940828
-0.01980006
-0.01943561
-0.05066780
0.02321671
0.03320051
-0.03941574
0.03585636
0.00881150
0.00436924
-0.02013244
-0.00785873
-0.02794584
0.01425148
-0.03575180
0.01558487
-0.02585103
0.02126626
0.00705012
0.00543527
0.00723038
0.00065322
-0.03360897
-0.03063070
-0.03594060
-0.03921873
-0.02571041
-0.03406812
0.00911995
-0.02110793
0.02555180
0.00992213
0.00002399
0.00668870
0.01193184
-0.00219511
0.02745591
0.00486001
-0.06631330
0.02534405
-0.00838562
-0.02961951
-0.01659777
-0.01298202
0.00738443
-0.02817675
-0.00286861
-0.01305132
-0.00414354
0.03842500
0.01192108
-0.05300604
0.00999905
-0.00435507
0.01970604
0.00733651
0.02747936
0.01188607
0.00051095
0.02664229
-0.01830137
-0.05025154
-0.02157586
-0.01285754
0.00633498
0.02060663
-0.00984770
0.00583796
-0.01506072
0.00268168
-0.02390292
-0.00226081
0.01467130
0.00314047
-0.00956424
0.00347216
0.01607399
0.01259630
-0.02344487
0.01576301
0.05290301
-0.00703263
-0.00638520
0.07875260
-0.00430619
-0.01613556
-0.01969272
-0.02999444
0.01127421
0.02744878
-0.00806746
0.01396920
-0.02655579
0.00838185
-0.05287386
-0.04871453
-0.02934812
0.01453845
0.07515168
0.03251619
0.00272685
-0.04276989
-0.00894048
0.01195961
-0.02862908
-0.02638254
0.01385976
-0.01673893
0.00250456
-0.01781090
-0.00883875
-0.02366689
-0.00213673
0.01025743
-0.06143191
-0.00989928
0.05266499
0.03445979
-0.03388985
-0.02689605
0.05601083
0.01818093
0.00608687
0.02826015
-0.00452999
0.13751452
-0.03126957
-0.07367493
0.02408959
0.01404500
-0.00371357
0.01355215
0.02117500
0.02190553
0.01269563
-0.01916863
0.01961618
-0.07916793
0.01866584
-0.01848068
0.01009473
0.01945345
0.01354028
-0.00473809
0.00162195
0.02046073
0.02124039
-0.00658188
0.03205315
0.01026119
-0.00395882
-0.02028497
-0.01038078
-0.01427705
-0.02714469
-0.03638217
0.01512144
-0.03064086
-0.00466521
-0.05149944
0.03439304
-0.03683257
0.02561250
-0.03243850
-0.00385066
0.03977033
-0.03106132
-0.00503883
0.00011798
0.01800755
-0.00478964
-0.04038630
-0.02001615
0.01768057
0.00492867
0.00839091
0.02578236
0.00538473
-0.01511451
0.01409234
-0.01968059
0.01823561
0.00497831
-0.00545767
-0.02691227
-0.02212257
0.01083144
0.01318259
-0.00994312
0.01204635
0.01525597
0.00719426
0.00481694
-0.01325658
-0.00134933
-0.02736437
0.00455908
-0.00544270
0.01681358
0.00542288
-0.01909813
0.01209683
-0.01351876
-0.03657216
0.02842186
0.02139933
-0.01658705
0.05472321
0.00677520
-0.02632038
0.06436741
0.02479384
0.02045590
-0.03990125
-0.02374596
-0.00471453
0.00196631
-0.01842176
0.02015941
-0.01501068
0.00810506
-0.00926325
0.00811752
-0.01742202
-0.01299842
-0.01067413
-0.02123790
-0.01672072
-0.01282431
-0.00017873
-0.03159683
0.00771508
0.00607075
0.06044046
0.02204027
-0.02931642
-0.00383540
-0.00787113
0.00180037
-0.01018854
0.04361458
0.00911045
-0.03971410
-0.02226166
0.01079357
-0.01119249
0.02784654
0.02556670
0.05629899
-0.01154575
-0.01243885
-0.12575538
0.03120281
-0.03323654
-0.02290062
-0.01929459
-0.00483602
-0.03910506
0.02841494
0.08746821
0.00314555
0.08918189
-0.02909519
-0.04226289
-0.01949067
-0.01758136
-0.01375248
-0.08052889
0.03324096
-0.01374576
0.05902247
0.09769271
-0.08022450
0.01077221
0.02423625
0.02597585
-0.02733076
0.02156276
-0.05077310
-0.01979305
0.02140997
0.01429830
0.04086788
0.01981326
-0.01510553
-0.03544262
0.01630115
0.02048410
-0.01500563
-0.01522166
-0.01564776
-0.01706763
0.01569743
-0.00714933
-0.03317072
-0.04436320
-0.04102428
-0.02941703
-0.00153860
0.03410814
-0.00404595
0.01014382
-0.02051137
0.00974912
-0.03860383
-0.00795082
0.03701425
-0.01600828
0.07102036
-0.00295047
-0.01731215
0.02232606
-0.00478442
-0.04259345
-0.03610534
-0.00647407
-0.03607035
-0.01207350
-0.02728132
-0.03075056
0.03582357
0.01106684
-0.01059078
0.00616363
-0.02219998
0.04253699
0.00513426
-0.02167343
0.01217305
-0.03681166
-0.05773113
-0.02504629
0.03336643
0.03566628
-0.02717333
0.02079085
-0.00406743
-0.03609150
-0.05488488
-0.00296133
-0.02852369
0.00220232
0.00809661
-0.06853867
0.03420022
-0.00333730
-0.01716433
0.01956294
0.02660092
0.00502265
0.02358851
-0.03131635
-0.01466781
-0.02603943
0.02573968
-0.02743847
0.01433223
0.01951009
0.01579897
-0.01886811
-0.02893590
-0.02194775
0.04010939
0.04116049
-0.01072493
-0.01295767
-0.01182632
-0.02356574
0.00920860
0.00142327
0.01496238
-0.05208252
-0.00732788
-0.02014890
0.03054832
-0.02532746
0.00727801
-0.01252307
0.00858187
-0.01775596
0.00361883
-0.00201814
0.02824209
0.03112989
0.00797990
0.00680228
0.00883859
0.01537863
0.01226701
0.03023008
0.01306776
0.02032390
0.01621441
0.05203138
-0.00088354
0.01059872
-0.01019011
0.04070902
0.00549498
-0.02710905
-0.00132797
-0.04653528
-0.00513883
-0.01218599
-0.03965933
-0.02073145
0.01292636
-0.00177234
-0.02445956
0.02034855
0.00786322
-0.01381506
0.00243258
-0.02146209
-0.00286237
0.02114164
-0.01099754
-0.00222670
-0.01500614
-0.00669377
-0.05545710
-0.00380682
-0.01915140
0.00285889
-0.00201787
-0.02924633
0.00109450
0.01770885
-0.00689612
0.00609480
-0.00966404
-0.09967473
0.02410707
0.02421580
-0.03825436
-0.00391000
-0.01933191
-0.01020835
0.02719701
0.02004629
0.00937507
-0.00462806
0.01651662
-0.01193786
-0.03332644
-0.00043665
0.00164952
-0.00138326
0.00309356
0.02640118
0.01283410
0.07868788
0.00229051
-0.03404236
0.01082413
-0.07810559
-0.00923818
0.00026917
-0.03296059
-0.01353529
0.01219263
0.04825622
0.01515296
0.05467232
-0.02485581
0.02009490
0.02572103
0.04106681
-0.01265366
0.02401564
-0.04551607
0.01813528
-0.01717133
0.01147032
0.06771462
0.00651019
-0.02222648
0.03411032
-0.05697436
-0.00516592
-0.00472043
0.02379746
-0.01538025
0.04225658
0.00634205
0.01257941
0.03936658
-0.02646388
-0.01605031
-0.00800019
0.01607937
0.00659671
0.00223274
0.02857378
0.04549332
-0.00906886
0.00625335
0.00799035
0.07049569
-0.03600647
-0.00396857
-0.06561124
-0.04282235
-0.00071432
0.02119590
0.00204709
-0.00563575
-0.00237311
-0.02990350
-0.01830069
0.00144699
-0.03335637
0.03186200
0.01807051
0.03118650
0.04419997
-0.03054435
0.03552828
-0.00636985
-0.01163057
0.00958551
-0.02303286
-0.03050862
-0.00605828
-0.03965184
-0.01875970
0.01421913
0.02352642
0.01670252
-0.00051793
-0.00541515
-0.04688317
-0.03174686
0.01082875
-0.00813373
0.03065581
0.02558827
0.00301434
0.02781394
-0.00474411
-0.01356661
0.01660584
-0.01574641
-0.02090281
-0.00826003
0.02964660
-0.00629139
-0.00362355
0.01861819
-0.05938134
0.03193040
0.02543922
-0.04333536
-0.00883138
-0.04190157
0.04294393
-0.02714187
-0.02187140
-0.05517481
-0.02322411
0.00562497
0.00581725
-0.01775090
-0.02098734
0.00694635
-0.00664144
0.02235336
-0.03208097
-0.05993690
0.03963339
0.04328395
0.01396157
0.03154829
0.02023039
-0.00368234
-0.00128908
-0.01913911
0.02210892
-0.02650020
0.01007422
0.00220689
0.00905117
0.03173372
0.01234328
-0.01649963
-0.02563940
0.01474700
-0.02026425
0.03709954
-0.01818916
0.03434125
-0.02734315
0.01094528
0.00131294
-0.01051974
0.00823854
-0.02287830
0.01264688
0.04083265
0.01315468
0.01098330
0.03601925
0.04829658
0.03136047
-0.00144464
-0.04197630
-0.02859453
-0.01811156
-0.01134670
-0.04580394
0.00885975
0.01553336
-0.00691873
0.00498662
0.00230531
-0.07753859
-0.03938924
0.04416019
0.05230006
-0.00851618
-0.02895585
0.01553373
0.00776868
-0.00138487
0.04246483
-0.04102628
0.03143951
-0.01148609
-0.00879797
-0.03421973
-0.02606973
0.03529251
-0.00459927
-0.00779613
0.02372118
-0.04115034
-0.02856706
0.01940659
0.00191269
-0.01400253
-0.00169445
-0.06544022
-0.00621949
0.00274826
-0.02683767
0.02040078
0.04523053
0.00928233
0.08579793
0.00610761
0.00491110
-0.02159897
0.03735008
-0.07703515
0.01819603
-0.04012595
0.01948723
-0.05800514
0.03255473
-0.01439496
-0.00083728
-0.03957437
-0.03327490
0.04968876
0.03165707
-0.04886199
-0.08157632
0.02981772
0.04212195
0.00132134
0.04027390
-0.01767061
0.00948663
0.02796526
-0.00933870
0.03090930
-0.00960582
-0.00485311
0.00487094
-0.01942438
-0.04385687
-0.02862956
-0.00983876
-0.00937573
-0.00031473
-0.01685858
-0.00466492
-0.03485781
-0.04061317
0.03859288
-0.02945126
-0.01440526
-0.03389519
-0.02192011
0.04499587
0.00457190
-0.04346069
-0.01323667
-0.06477840
0.00815033
0.02033550
-0.05791781
-0.00298434
0.05575853
-0.02146492
-0.02210867
-0.01309248
0.03309188
0.01706615
-0.00073374
0.03513805
-0.02328194
0.01546342
-0.06102839
0.03157730
-0.06264693
-0.02523812
0.00220476
-0.00599178
-0.04749277
0.00997066
-0.01665276
0.01483663
0.05930971
0.00404706
-0.05944417
0.02783381
-0.06809840
-0.05025586
-0.00213596
0.04293732
0.03053003
0.00611554
0.01958000
-0.02457800
0.02836731
-0.00941715
-0.00609038
-0.00935918
0.00744544
0.00255145
-0.01279030
0.03590770
0.01719401
-0.00328019
0.00917630
-0.00220063
0.08792622
-0.01277964
0.03890711
-0.02945423
-0.06691001
0.03540304
0.03510584
0.00054319
-0.03183032
0.00306407
-0.00573723
0.03131949
-0.01813219
-0.00916568
-0.01344819
-0.05910542
0.02740275
0.01544385
-0.03620945
-0.00118621
-0.00434749
0.00499195
0.02513943
0.00331597
-0.03435269
0.00156741
-0.01001329
0.05378632
-0.03321004
0.02742205
0.02362183
0.00447593
-0.00534137
-0.03374071
-0.00507742
0.01463471
-0.07257511
-0.03714178
-0.01940803
-0.04548574
-0.03655706
-0.02665989
-0.01708096
-0.03327099
0.00306706
0.02159397
0.00869791
-0.01178861
0.04393022
-0.00912457
-0.02915925
-0.03137454
0.00700428
0.01961580
0.03376955
-0.01014756
0.00092363
-0.00465532
-0.00647106
0.02592856
-0.00959234
0.01015885
-0.00459463
-0.00893177
0.00567674
-0.03898270
0.00441533
-0.00360883
-0.00974839
-0.01444361
0.02004882
0.03101243
-0.03354410
-0.00171292
-0.00353824
-0.02121929
-0.07865422
-0.01290242
0.01103916
0.04051490
0.00699454
-0.02240839
-0.03481909
-0.03373639
-0.03144903
0.00434226
0.04190498
0.02947896
-0.01595555
-0.04260154
0.00541794
0.03244824
0.01317144
-0.04282306
0.00586270
-0.03550997
-0.01922773
0.03946510
-0.00565379
-0.04002234
-0.02341071
0.02344591
0.03304652
0.00238347
-0.01982899
0.04502609
0.00653703
-0.00667076
-0.04181913
-0.08523908
-0.00522366
0.04546836
-0.00700137
-0.01558438
-0.00048976
0.01104394
-0.05674035
-0.05431654
0.00116659
-0.00523650
0.04027120
-0.01181463
-0.02580882
-0.00517742
-0.03300032
0.05569189
-0.02391538
0.02008897
0.02343800
0.02917204
-0.01557521
-0.03120431
0.03176221
-0.02050961
-0.00636218
-0.01327582
-0.00477925
0.02859604
-0.00203274
0.01633665
0.00864306
0.04165102
-0.00308647
0.01721761
0.00824903
-0.01774326
-0.00568078
0.03737526
0.02579053
0.02645852
-0.03469111
-0.00899210
-0.00580166
-0.01292539
-0.03182932
0.07758284
0.00349954
-0.01274337
0.04936920
-0.03777876
-0.03802105
-0.01040727
-0.02561356
0.04381184
0.04236128
-0.02063549
-0.01196860
-0.05158425
-0.02187165
-0.00323383
0.07621682
-0.03508292
0.05749707
-0.01589403
0.00908825
-0.00200914
-0.02899667
-0.02241291
0.01206490
-0.00439584
-0.02853503
0.00751740
0.03324792
0.04770337
-0.01791673
0.00694570
0.02188041
0.03824339
0.01143246
0.00626061
-0.00479366
-0.00907981
-0.03291434
-0.01437812
0.01881989
-0.02670429
-0.01608362
0.03090302
0.01934789
0.01344893
-0.00850693
0.02561205
0.00447958
-0.00764537
-0.04105396
-0.00941787
-0.02928508
-0.02268045
-0.01583074
0.02385212
-0.00583395
0.02485741
0.05107835
0.00445278
0.01502731
-0.00395601
0.03403970
-0.01896271
0.02571177
-0.01548261
-0.00197737
0.02475204
-0.01680500
0.01856218
0.01015042
-0.02382259
-0.01986609
0.00398520
-0.01202136
-0.02180908
-0.01349969
0.02113851
-0.02418560
-0.04166818
0.00381233
0.01076320
-0.00333239
0.00289406
-0.00653645
-0.02654541
0.03027928
0.01185115
-0.05977137
-0.02299219
0.02815671
0.02096276
-0.01208709
0.03647721
-0.00483086
0.00527509
0.01915034
-0.00384384
0.00752546
0.04852626
-0.02487845
-0.00134580
0.00494061
-0.00804081
0.02147966
0.02233638
0.00537512
-0.00292363
0.05293898
0.05140811
0.02261334
-0.00906752
-0.00719287
0.02943428
0.02403525
0.06547190
0.03135568
-0.00175686
0.01468663
0.03290756
-0.03889403
-0.00707725
-0.01589861
0.04914483
0.02142731
-0.00065018
-0.03138055
0.01014994
-0.04001961
0.01952014
0.02055180
-0.02220523
0.01335332
0.02067585
-0.00507945
-0.01385914
0.00442400
-0.02029102
-0.01492055
-0.00346118
0.01034580
-0.00164826
0.01925277
-0.05250130
0.00667838
0.03735920
-0.02678161
-0.04318810
0.00565788
0.02396405
0.01050252
-0.01562097
0.03826635
-0.00516654
-0.00276946
-0.00568216
0.02313735
-0.01035970
-0.03761101
0.00586530
0.03742523
0.01798656
0.01159588
0.01559274
-0.04690082
-0.01049581
-0.02817736
-0.00747195
-0.03127276
-0.02131311
0.01025415
0.00335463
-0.01405332
0.04239750
-0.00444537
-0.03801404
0.00186629
-0.02138337
0.00424269
-0.03371318
0.05051683
-0.00784432
-0.02413485
-0.01046216
-0.03951846
-0.00078312
0.00928735
0.02828928
-0.00063329
0.03558135
-0.01829652
-0.04297335
-0.02862156
-0.04281452
0.01494553
-0.00657385
0.00927863
-0.02817014
-0.00247929
-0.01759565
0.02169010
-0.03260132
0.01143712
-0.00671975
0.03250760
-0.01693743
-0.02553136
0.01757613
-0.00340037
0.00464409
0.00743954
0.01442356
0.04917496
0.01075908
-0.00451471
-0.02512535
0.03257740
0.00225320
-0.07533707
0.01580870
-0.04599347
-0.02462056
-0.02916784
-0.06821447
0.02715966
0.00645961
0.00809503
0.00542870
0.03319007
-0.03616060
0.00932069
0.02540997
0.02330686
0.01651858
0.05826027
-0.01926609
0.02176869
0.03002843
0.02512512
0.02712526
-0.02858866
-0.03546730
0.01408394
-0.02016514
0.03411863
-0.00034379
0.04657380
0.04470254
0.00775641
-0.01708387
-0.01510643
0.00041460
-0.01129837
-0.01940978
0.06928690
0.02909159
-0.01502350
-0.01667654
-0.00677395
-0.03513871
-0.03417841
0.01266356
-0.00569514
-0.01343617
0.03298109
-0.03655080
0.00072762
0.00049175
0.04657471
-0.01890618
-0.02637535
0.01035858
-0.01647387
-0.01395928
0.00303933
-0.03095941
0.00528938
0.01338414
-0.00465491
0.01606120
-0.00180819
-0.03342857
-0.05447627
-0.00105948
-0.01018063
-0.02129424
-0.00212124
0.00435438
0.01310951
0.02190056
0.01255051
-0.00212389
0.03629541
-0.00418930
-0.03959604
0.00944094
0.01749443
0.04001134
-0.01452321
-0.00441262
-0.00756537
-0.01392327
-0.00022937
-0.00666351
-0.00456864
0.00461022
-0.00854723
-0.01362852
-0.01053034
0.01499338
0.01074972
0.00942564
0.01715628
-0.00254087
0.01186136
-0.01401438
0.01148243
0.02931077
0.01433799
-0.02461874
-0.01876302
0.02231762
0.00617266
-0.02053412
0.00868969
0.00563342
0.02318438
0.01833851
0.01373721
0.02316273
-0.06821878
-0.00209749
0.01959873
0.02000188
-0.05507025
-0.01481232
-0.03428958
-0.00669934
-0.03440143
-0.02498417
-0.01007543
0.01852601
0.00329445
0.06239876
0.03313845
0.07001387
0.05385117
0.01185859
0.01469359
0.02117245
-0.00651842
-0.03369084
0.02622554
-0.04023448
-0.01107135
0.07322270
0.02438711
0.02191995
0.01013752
-0.00786871
0.00065422
-0.00774880
0.01718343
-0.01731493
0.00016011
-0.01990540
-0.05149875
-0.03698923
-0.01441376
0.00603504
-0.04083937
-0.03609731
-0.01105344
0.00992764
-0.02188451
0.01215093
-0.08140530
-0.00985781
0.00656239
-0.00640788
-0.00420480
-0.01803681
-0.03938010
0.00861449
0.01688645
0.04382602
-0.04466884
-0.04523810
0.00176371
-0.02350475
0.00100006
-0.01315553
0.01267259
-0.04789840
-0.00025569
-0.00232225
0.01319853
0.02143805
-0.00074056
-0.00382079
-0.03472940
-0.03304769
-0.07051844
-0.02283998
0.01119717
-0.01712597
0.01228155
0.01199606
0.00417513
0.00500012
-0.01779226
-0.00719552
-0.03415345
0.01900370
0.02853991
-0.02157773
0.00989843
0.05149749
-0.00685001
-0.04456757
-0.01555393
-0.01860782
0.03062456
-0.01351778
0.00861211
-0.00439313
-0.02804334
-0.05174253
0.02669543
-0.01404918
0.01103041
0.00653669
-0.02718257
0.00574975
0.00167928
-0.02280616
-0.00188132
-0.02108038
0.04134246
-0.01535732
0.03468716
0.01374368
0.00167338
0.02395049
-0.01268212
-0.01750653
0.05996872
-0.00581738
0.01972670
0.01886341
0.01838942
-0.01168010
-0.00025341
0.02458834
-0.01746585
0.01412885
0.02336097
0.00432851
-0.02218206
0.01458436
0.02319855
-0.03932014
0.03405174
-0.02362638
-0.01506004
-0.04837494
-0.05528215
-0.02526079
-0.03742103
-0.02986448
-0.00422165
0.01616566
0.02680187
-0.01664414
0.02532553
0.01400627
-0.00015009
0.02726028
0.00356010
-0.01342189
-0.00902623
0.05584680
-0.00032462
-0.01028888
0.00422251
-0.03308364
-0.01905163
-0.08922587
0.00693520
0.01107414
0.02476197
0.04566351
0.01405927
0.02376009
0.03093375
0.02777341
0.03094403
-0.02351865
0.02395556
-0.02449645
-0.01582983
0.01159209
0.01989186
0.01845806
-0.02532200
-0.03842542
-0.03232108
0.05200874
-0.00129533
-0.02162689
0.01246453
0.00414621
-0.05501255
-0.00421431
-0.03267545
-0.04661614
0.02082038
-0.00078001
-0.02559424
-0.02333978
0.00252214
0.01447941
0.03426400
-0.05596353
0.04319661
0.00097321
0.01899940
-0.01553128
-0.02164106
-0.02939360
-0.03046637
-0.02810784
0.00380424
0.03589033
-0.00845385
-0.02139588
0.02277271
0.00724752
0.00536587
0.00759579
0.01439649
0.01244921
-0.02509883
-0.02705151
0.00101063
-0.01575772
0.00158104
-0.02985365
0.01003565
0.00365635
-0.01532840
0.00376335
0.00081896
0.04368618
0.01100759
0.02387319
-0.04728473
0.00191046
-0.01326012
-0.00645598
0.02338045
-0.02441597
-0.01505768
-0.01401877
0.01155056
0.00350081
-0.00995632
0.00602259
0.02417586
-0.00344022
0.01252763
-0.00511143
0.02111994
0.04741642
-0.00643246
-0.00078360
0.02295291
-0.02933656
-0.01357040
-0.01820354
0.04183634
-0.01120205
0.01380432
0.01801466
0.01846285
-0.01135120
0.00855509
-0.00431808
-0.00721295
0.00388853
-0.00711364
-0.00067783
0.04814751
0.00866560
0.01049637
-0.00612332
-0.00845982
0.01099346
-0.00516461
-0.02129365
-0.02751197
-0.00969148
-0.04281996
-0.00765955
-0.00998936
-0.02286400
-0.04356093
-0.03487635
0.00969505
-0.02121801
-0.01537544
0.00897636
0.03413300
0.00567140
-0.02544398
0.05308547
-0.00551484
-0.02172259
-0.00406463
0.01545753
-0.06157059
0.03012777
0.02105979
0.03394637
0.00278896
-0.01250097
-0.02171783
-0.01127795
-0.02907753
-0.05786099
-0.00648889
0.03029424
-0.02066013
0.00818615
-0.02330455
-0.01241961
0.00266423
-0.01998364
-0.00509192
0.01928074
-0.01496239
-0.00814506
-0.01350382
0.04109843
0.00020023
0.00635008
0.05245621
0.02248209
0.03193805
-0.02578408
-0.02879825
-0.00166120
-0.04168369
0.01124361
-0.02978522
-0.01090855
-0.00356883
0.04482428
-0.02781468
-0.03209615
0.01696870
-0.03118318
-0.03567910
-0.03146073
-0.05230718
-0.01913089
0.05371056
-0.00907022
0.02239590
-0.03778745
-0.01777211
-0.02570459
-0.00405656
0.06117216
-0.01075695
-0.00467102
-0.00951041
-0.01281118
-0.03690249
-0.00634576
-0.02580030
0.00036058
0.04225639
0.06142261
0.01127827
-0.00947909
0.02040340
-0.00226796
0.00190885
-0.01801121
-0.01458064
0.05509572
-0.02641573
-0.04822885
0.00194486
0.03666389
0.02350554
0.01321525
0.04603591
0.04190721
-0.01358689
-0.00686107
-0.00223644
0.00121562
-0.02510281
-0.04941212
-0.01852188
0.00794579
0.02712690
-0.02051293
-0.03238529
0.03136032
-0.00115954
-0.03266253
-0.02246154
-0.01472690
-0.01301110
0.00349836
-0.03043229
-0.02977313
-0.01891506
0.09065917
0.01038170
-0.03781695
-0.00659457
-0.05632116
-0.02003488
-0.00118962
-0.00362940
0.11268590
0.02010531
0.02458613
0.00375613
0.00443075
0.03891371
0.00473048
-0.01357234
0.00398412
0.02708762
-0.02461095
-0.06098801
0.01152392
-0.02126168
-0.02813846
-0.03191395
0.00008409
0.04214672
-0.03337456
0.02467811
0.03283441
0.02137232
-0.06512079
-0.02972405
0.02378239
0.01608117
-0.01234282
-0.03285540
0.01582862
0.02022488
-0.02874318
-0.05044148
-0.01259024
0.01885391
-0.01042996
-0.02833408
0.01668876
-0.02279598
0.00917324
0.00729112
-0.05139131
0.01130141
0.01602679
0.08555427
0.00691676
-0.08532410
0.00583310
0.05391904
-0.06056864
-0.00237229
0.09828849
-0.02988619
-0.07398032
-0.04294121
0.00190846
-0.04546762
0.04109282
0.05854855
-0.00086284
0.04737588
-0.01131824
0.02811187
0.02878748
0.03516192
0.03304325
0.02367148
-0.00036910
-0.01547980
0.00082171
-0.01204130
-0.00154961
-0.00194511
0.00162309
0.00455415
-0.01732945
-0.00504902
0.00192811
0.00192164
-0.01573722
0.00116103
-0.01813464
-0.01237819
-0.00886009
-0.02138515
-0.04058669
-0.03784745
-0.02272632
-0.01450387
0.06697845
-0.00091494
-0.01395322
-0.00775514
0.01365769
0.01650442
0.04561099
0.00594532
0.06729187
0.06837236
0.00871655
0.00040596
-0.00655256
-0.03768122
-0.01708410
0.02821126
0.00334025
-0.01702655
0.04100522
-0.01210410
-0.01093710
-0.00424257
0.00502170
-0.01301175
-0.02188118
0.03592041
-0.00985156
-0.00257851
0.00592245
-0.05371200
-0.05914814
0.01160768
-0.00824180
-0.00993670
-0.04369150
0.00197857
-0.01900785
-0.01325806
0.03433667
-0.04769575
-0.01065103
0.00971415
0.00045057
-0.01706707
-0.01423924
-0.02655226
-0.00795808
0.00083416
-0.00338892
0.04914760
-0.01155718
0.05340349
-0.00890033
-0.02574096
0.03636764
0.01861371
-0.01333521
-0.01489149
0.00525524
-0.00189583
-0.02609010
-0.00542907
-0.00237034
-0.05454797
-0.00927681
0.00561769
0.03607447
0.03556720
0.00842705
0.00352413
0.01544278
0.00514434
-0.00939759
0.00185803
0.00971391
0.00175830
0.01907215
0.00701400
0.00283497
0.00413167
-0.02107107
0.00042829
0.01826569
0.02637104
-0.04064535
-0.00208570
-0.01221089
0.01061918
-0.00024362
0.02179775
0.00493160
0.01000307
0.01998784
-0.03746009
0.02946109
-0.02573704
-0.02751152
-0.00664614
-0.01844833
-0.02904699
0.00008847
0.03638392
-0.00415612
0.00187587
-0.02002622
-0.01054662
0.01014215
-0.00072565
-0.04793292
0.02082566
0.00652359
-0.04742673
0.01275219
-0.03710559
0.00140480
-0.08287578
0.01848875
-0.01604862
0.02438861
-0.04191209
-0.01677793
-0.04071195
-0.00201877
-0.01531832
-0.07104970
0.01964913
-0.01877761
0.00681068
0.01604111
0.00572039
0.01501960
-0.01418762
-0.01683115
0.00008431
0.02907570
-0.02377669
-0.02109999
-0.01526425
0.03880508
-0.00390543
0.00648529
0.00122672
0.00611446
0.03483795
0.00299247
0.00411608
0.01727052
0.01601006
-0.00854625
-0.05473849
-0.00763536
0.03036268
-0.02371349
0.03742468
0.06823802
-0.03701594
0.00364816
0.00608219
-0.00888190
-0.01625885
0.01648637
0.01850335
-0.04201642
-0.03615790
-0.01874531
0.03739200
-0.03714217
0.01776647
-0.00093506
0.04041084
0.01374610
-0.00300811
-0.00071605
-0.00115797
0.00021024
-0.01420754
0.01158147
0.00130831
-0.05589001
0.01879202
-0.01502079
-0.00912600
-0.01679304
-0.03532442
0.00626577
-0.00717316
-0.05542580
0.05072362
0.01946274
0.05069965
0.00475940
-0.02089244
0.01874113
-0.03806578
0.03146355
0.02495236
-0.00541322
-0.00706626
0.03870171
0.01330374
0.03995748
-0.03143325
0.01688354
0.00312871
0.01617482
-0.00514706
0.01135743
0.00153303
0.01235526
-0.02137216
0.06309015
-0.02448850
0.03097716
-0.03185465
0.03252672
0.00387462
-0.02638761
0.02124126
0.00988959
0.02301795
-0.04426389
-0.03729564
-0.01260190
0.01073332
-0.01158578
0.04945897
-0.00316938
0.07611331
0.01795153
0.01882177
0.02390911
0.08016628
-0.01589883
-0.01767412
0.01465662
0.01695089
0.01888167
-0.00456821
-0.02255735
0.00705357
-0.01817053
-0.04559539
-0.01705037
0.05880515
0.05440142
0.00836894
-0.02276392
-0.00210220
-0.04732161
0.00907825
-0.02446153
0.00020169
0.01232201
-0.02546626
0.01460308
0.02549403
-0.06576072
0.02091659
-0.00525666
-0.02134853
-0.03277801
0.02448218
0.03171114
0.02547632
0.00920730
-0.01034215
-0.01629302
-0.00465565
0.02190436
0.01142125
0.00211678
0.03286915
0.01493707
0.02619590
0.00574257
0.02959168
0.01345283
0.01373379
-0.00199369
-0.00812794
0.00116146
-0.01449457
0.03091266
0.02381770
0.01482296
0.01181050
-0.01832231
0.00275903
0.01289721
-0.02419955
0.01415466
-0.00180862
-0.01352166
0.02669502
0.00104729
-0.00845500
0.00796693
-0.01930586
-0.01307463
0.01397695
0.01147244
-0.01905736
-0.01028918
-0.01248549
0.00922351
0.00887549
0.00754471
0.00993960
-0.02534401
0.03492272
0.00063893
-0.01943332
0.00882977
0.00793222
0.00073199
0.00468867
-0.00782947
0.00004111
0.00334057
-0.00495974
-0.00045052
0.01754570
0.03016724
0.00718918
0.01885426
0.00186464
0.01684748
0.00335429
0.04521003
-0.00497598
-0.00193663
-0.00002408
0.03017779
-0.00407558
0.00188380
0.00245000
0.01416960
0.01204881
-0.02233756
0.00341727
0.02018535
0.01561020
-0.00290866
0.02101835
0.03041285
0.00029074
-0.04244539
-0.01231126
-0.01609460
0.01001684
0.01186273
0.02375835
0.02133615
0.02156027
-0.00161283
0.00735310
0.00725454
-0.04029960
-0.03727477
-0.05400089
0.02199360
0.02235390
0.00926347
-0.00295944
0.05352860
0.01145152
0.00038834
-0.00090410
0.01975705
0.00863619
-0.00353342
-0.01614742
0.00255990
0.04658563
-0.01093425
-0.04631877
0.02883810
-0.03481551
-0.01452054
-0.00114627
-0.01149597
0.00606466
0.03080642
-0.00081479
0.03933045
0.01549969
-0.00588944
0.02291845
-0.02679515
-0.02530880
0.00185444
-0.03131699
0.06381904
-0.05248052
-0.00191251
0.02136404
0.01017600
0.04598833
-0.00731414
-0.01113587
-0.01536844
0.03704534
-0.01014171
0.02456942
0.00216838
0.03465549
-0.04881695
0.00811825
-0.00951131
-0.01520364
0.00865746
0.00499498
0.02061585
-0.00614842
-0.02855150
-0.03940618
0.01257849
-0.03181148
-0.02273054
0.00505082
-0.01355267
0.02390484
0.03588831
-0.07305247
-0.07837239
0.05419279
0.01194352
-0.03616733
0.02928087
0.01230780
0.04004410
0.02786461
0.00921625
-0.01688235
-0.01732303
-0.04732016
-0.01446253
0.04300632
0.00758416
-0.05025586
-0.01635743
-0.00305644
0.02898750
0.00433504
0.00335201
0.05103915
0.02320797
-0.02868645
-0.01288075
-0.03825621
-0.05951006
0.01216199
0.00897273
-0.02009613
0.03039862
-0.03392497
-0.02496577
-0.01752320
-0.02969904
-0.00613227
-0.00429387
0.02461925
-0.01865322
0.01069046
0.00940327
-0.05963597
-0.01241594
-0.02328923
-0.03290326
0.01805524
-0.00545199
0.00811822
0.03959202
0.00251268
-0.02298377
-0.02918104
-0.00814937
-0.04133444
0.04022333
0.00450599
-0.04072565
0.03619697
0.00719118
-0.05288900
0.05212200
0.04692904
-0.00967284
-0.07316066
-0.03173833
-0.00740931
-0.02256905
0.00847560
0.03160887
0.02637690
-0.00152453
0.00181656
-0.02172377
0.00017977
-0.00653088
0.03653317
0.01598867
-0.01377100
0.00134743
0.01837712
-0.03384529
-0.03264655
-0.01745065
-0.02475823
-0.07247119
0.01793837
0.03534826
-0.01780456
-0.00624808
-0.03682449
-0.02550081
0.06175482
0.03694060
0.02376025
-0.00335235
-0.01036556
0.02296897
0.02771618
0.04695761
0.02056396
-0.00195485
-0.00707987
0.02847677
-0.00944323
-0.00376010
-0.03417452
-0.01199720
-0.02458789
-0.03384182
0.00711687
0.03165720
-0.00137067
0.00590535
-0.00277468
-0.05410814
0.01534573
0.02870177
-0.01612895
-0.02661387
0.03061731
-0.00452599
-0.00216982
0.02873434
-0.04880738
-0.01948595
0.03792457
-0.06482708
-0.00008501
-0.02649930
-0.00518367
-0.01580918
-0.00538342
0.03569393
0.02104372
-0.04321780
-0.00066570
-0.03208463
0.02967340
-0.00676366
-0.01108313
-0.00556556
0.00272133
0.03531505
-0.00492426
0.04133425
-0.01751610
-0.03439713
0.02837781
0.00753305
-0.03257911
0.02885731
0.03365441
-0.03331434
-0.01220197
0.00654435
0.00507256
0.06140394
0.05273352
-0.01171545
-0.04354089
-0.01478624
0.00642394
-0.03239975
-0.01529217
0.02998975
-0.03841602
-0.01007119
0.01339937
-0.03065323
0.02673657
0.01609594
0.02138465
-0.00605195
0.03001968
0.02032060
0.01068177
-0.04204948
-0.00704403
0.00919795
-0.02735429
0.02839576
0.00154024
-0.01405746
0.02750471
0.00518290
-0.01844299
-0.03117228
0.05530978
0.02749953
-0.01214415
0.05262857
0.00862015
0.02139644
0.01413188
-0.02915923
-0.02467873
-0.00570245
-0.00881806
0.04330597
-0.00110980
-0.02760966
-0.01935650
-0.02878834
0.00313494
-0.01975463
0.01050361
0.04534465
-0.03595190
-0.02774153
0.02368518
-0.01634420
-0.00352051
0.00239157
0.00697682
0.00408957
-0.00152400
0.01659414
-0.03214625
-0.03086790
-0.01595215
-0.00673487
0.01446777
0.01260886
-0.00184164
-0.01092680
-0.06642850
0.01867849
0.04050051
0.02654397
0.02129509
-0.00537326
-0.02375778
-0.00797648
-0.03621584
0.01055226
0.00711471
-0.08846527
0.00889990
0.02253804
0.01137214
-0.02170033
0.06756176
-0.02702527
0.00990021
-0.01180637
0.01405247
0.02732765
-0.00841351
-0.04565169
-0.01065094
-0.02372397
0.00615169
0.00974665
0.01306452
-0.00603039
0.02720567
-0.04965227
-0.00063855
-0.00925394
-0.01177009
0.01175369
0.03004411
0.01546152
-0.01152750
-0.00771461
0.00227678
-0.03125602
-0.01150412
0.01920812
-0.00261865
0.04080926
-0.03578288
0.01306847
-0.01835078
0.00433374
0.01223118
0.05240206
-0.00598610
0.01701723
-0.00289148
-0.00281469
-0.01756028
0.02984180
0.00585251
-0.00537073
-0.03313598
-0.00409464
-0.01702297
-0.00240204
-0.05890258
-0.00939050
-0.00324861
0.01651018
-0.02358421
-0.00261545
0.01647842
0.00739566
-0.01187321
0.00369675
-0.02691744
0.02071953
-0.01652786
0.01612249
0.00782213
0.05097986
0.03313577
0.00897816
-0.01497193
0.00105237
-0.00476787
-0.02436573
0.01614854
0.04342050
0.05506278
-0.01883667
-0.00171333
0.00773165
