4.22201729
