-0.00927364
-0.05312368
0.01063286
-0.03703517
-0.02007169
0.09548191
0.02332073
0.03036357
-0.05983588
0.02608659
-0.00779928
0.02314149
-0.01613412
-0.01135245
-0.06263133
0.06929184
-0.08084106
0.07078711
-0.01084397
-0.06131494
0.01362275
-0.04941845
0.06404776
0.02240854
0.03453819
0.06755689
-0.01689737
0.04349548
0.05408263
-0.04197769
0.01590394
0.00596142
-0.01969249
0.01604151
0.06728706
-0.00665400
0.00133274
-0.01720802
0.01780269
0.04219829
0.01291181
0.01855304
0.00711394
-0.07327658
0.04067444
-0.02849861
-0.00991887
-0.11699597
-0.01152505
0.02352751
-0.04556552
0.04057049
0.00876981
0.02613092
0.04466297
-0.00079552
0.00298253
-0.06061633
-0.05011351
-0.01005026
-0.01398049
0.00684259
0.01755670
0.04773191
-0.06075802
-0.00250488
0.02253562
0.03639755
-0.00678377
-0.00027572
-0.05967420
-0.09436534
0.04035537
-0.00533286
-0.01781377
0.03962005
-0.03849686
-0.10556326
0.00651392
0.01832892
0.00028742
0.04645190
0.03312458
0.03570467
0.05907671
-0.07177444
-0.01990054
-0.05392678
-0.02069547
-0.00854290
0.04301754
0.04048930
-0.01210013
-0.02707959
0.03234676
0.00053049
-0.00462724
0.00903848
0.01692310
-0.04335166
-0.00747030
0.02083680
-0.02663590
0.06769732
0.04085334
-0.04647607
-0.01330635
0.00983506
0.02611170
0.02024961
0.02710735
-0.06601445
0.02372698
-0.02975361
0.01172652
-0.01662563
0.00781984
0.07858505
-0.01025012
-0.01386425
0.00377407
0.02312217
-0.03527952
0.03008504
0.00715301
0.03368644
-0.03539439
0.03251013
0.00171079
0.07405674
-0.07097678
-0.01512984
-0.03834986
0.01838464
0.04695781
0.03646059
-0.06694574
0.02304087
0.03325588
-0.02889272
0.02914000
0.10016758
-0.02334197
0.01402850
0.00144144
0.07083373
-0.00480871
-0.04243177
0.05561386
0.00838689
-0.03621152
-0.03109846
-0.05828138
-0.00631788
0.06009053
-0.01710025
-0.02253237
-0.06253275
-0.01940255
-0.04940172
-0.02150605
-0.12065694
-0.01402283
-0.03616101
-0.09461226
0.01318317
0.10241138
0.00467003
0.02543652
-0.08575863
-0.05926729
0.02259349
-0.02177268
-0.15542118
-0.01283243
-0.04222385
-0.12589066
0.08763103
0.04341923
-0.08360212
-0.10963631
0.01917321
0.05263951
-0.00401571
-0.07132515
0.04556178
-0.06858145
-0.02212384
-0.04674745
0.01694652
0.00939659
0.10960311
0.00046899
0.07957888
0.01129090
-0.00821530
-0.01565903
-0.01110408
-0.06963050
0.05452362
0.02480860
-0.06921779
0.00848997
0.00429097
0.02654649
-0.00018592
-0.09613088
0.03145771
0.00311612
-0.03442518
0.00522079
-0.00515874
-0.06557433
-0.08220603
0.03669384
0.08645540
0.08722113
0.07224832
0.07033499
0.09797271
0.05365275
-0.01185631
0.05939544
0.06594808
-0.04552451
0.02459522
-0.01963763
0.00316893
0.08045926
-0.00169524
-0.08633155
0.09347073
-0.05692253
-0.00760022
-0.06971976
-0.01382775
0.03351256
-0.03383060
0.00309996
0.00419855
0.07039980
-0.01360486
0.03501354
-0.01012370
-0.00707894
-0.03472332
-0.02069750
-0.04070848
0.01147459
-0.13806097
0.00600536
0.03464290
0.05160279
0.01925479
-0.03926277
-0.04128015
0.02319282
-0.02706430
-0.06441539
0.01421469
0.03370707
0.01449186
0.04411396
0.05267117
-0.03088137
0.00382203
0.01710004
-0.08880126
0.05954850
-0.01095476
-0.05895094
0.02286141
0.05495724
0.00550380
-0.02303484
-0.01873698
0.06971361
-0.02058281
0.06798220
0.00585400
-0.02905690
0.00666828
0.02285420
-0.02919861
0.03446952
0.01323149
-0.03838360
0.01144218
0.07864761
-0.05137842
0.01588367
-0.05852798
-0.03595334
0.02846156
0.02519295
0.02773929
-0.04233436
-0.03985460
-0.04607179
0.02551412
0.02657486
-0.08248333
0.01641189
-0.03653036
-0.05011234
0.00838730
0.04004785
-0.02643165
0.01141784
0.01207460
0.03470223
-0.03328683
0.07638001
0.00416316
0.01077539
-0.07157513
-0.01845461
0.02613115
0.07810229
0.09430273
-0.03389414
-0.07800690
0.01143754
0.04536127
-0.09419344
-0.02145635
-0.03367184
0.01305372
0.01033737
0.03218376
-0.02273746
-0.14517942
0.01279844
0.01708074
-0.01796809
0.05905479
-0.05055175
-0.05354208
-0.03934200
-0.04499441
-0.02762102
-0.01385874
0.01983804
-0.02644981
-0.04761352
0.03668604
-0.00199020
0.06520183
0.08496936
-0.05819579
0.04071875
-0.04370861
-0.06042687
-0.03285403
0.01492880
-0.05516154
0.07221527
0.02621955
0.00564690
0.05098294
0.00226285
0.02545659
-0.01565103
0.00442823
0.02470130
-0.05848572
0.06102496
-0.02634684
0.11700273
0.02589653
-0.01707437
-0.04561754
0.02462568
-0.06748010
-0.00688461
-0.09908281
-0.03787629
-0.08050241
0.00374079
0.06007475
-0.02316695
-0.00143863
-0.06591812
0.00344719
-0.05621612
0.01243115
0.00453208
-0.05548801
0.10674196
0.07307709
0.01056338
0.12136119
-0.12585390
-0.04148150
0.00496929
0.11542893
-0.01981415
0.01364546
0.02474521
0.09422492
-0.12535609
0.10446104
0.07659009
-0.03414385
0.00203375
-0.08940701
0.02104541
-0.08709048
0.07421883
0.01796556
-0.02676629
0.06381427
-0.00295467
-0.02732849
0.06213638
0.00548459
-0.16416237
-0.02150503
-0.01092377
-0.03369443
-0.17751838
0.04218676
0.08089786
-0.03990908
0.11554150
0.00639397
0.03307825
-0.01264527
0.05852764
-0.14043452
0.07449964
-0.16416781
0.13267264
0.02463280
0.04535623
-0.01469417
-0.01357123
-0.09736787
0.04350708
-0.00266159
0.01319626
-0.04573135
-0.06668649
0.06198645
-0.07960829
-0.06838590
0.01976207
0.02925692
0.01545530
0.09606940
0.01113366
0.03529068
0.00760197
0.04922226
0.00539846
0.02313842
0.15386924
-0.04202424
-0.12658449
0.12627000
-0.07287937
-0.05717688
-0.00892436
0.01013402
0.06618866
0.02948379
-0.02844008
0.03930371
0.13855153
-0.08894736
0.00014085
0.01438110
0.04965586
0.02965536
0.16299415
0.00902030
-0.12519096
-0.10733682
0.07314176
0.05349794
-0.11440639
0.05220566
0.00180760
0.06450114
0.03937514
-0.08832427
-0.03184871
0.00039882
-0.06507055
-0.09770266
-0.00910340
0.05235519
0.01788715
0.04051156
0.01717016
-0.15377504
-0.04611999
-0.11973400
0.06299005
0.04165301
-0.03008235
0.02499446
0.15912226
0.04491354
-0.02146526
-0.00478403
0.00130976
0.00633487
0.00547957
0.02571000
0.04103922
-0.02919078
-0.01430779
-0.06499347
0.07056890
-0.02556438
-0.00452244
0.11066055
-0.05129929
0.01324368
0.02062825
0.00154079
0.00088284
-0.00287639
0.01716556
-0.03842923
-0.03138143
0.02603312
-0.09227245
0.06292041
0.02745170
-0.00455978
-0.02032842
-0.10687485
0.04200744
-0.00247472
0.06800178
-0.05056976
-0.00443828
0.01945069
0.01403506
-0.04678524
0.02361909
-0.05343114
-0.05337298
0.04608293
0.04749363
0.01635617
0.03492671
0.02296544
-0.02018216
0.06281160
0.05757239
-0.01780602
0.05488555
-0.02996797
0.08701339
-0.02117171
0.03216787
-0.11993869
0.00795454
-0.01680262
-0.03836362
0.04717254
0.08567358
-0.00438102
0.04945675
0.00307233
0.00916100
-0.11579902
-0.10570396
0.03942540
0.06460950
0.02762566
-0.05011220
-0.01978919
-0.06526406
0.04232744
0.00545887
0.03929096
0.04228283
0.01983233
-0.11726157
-0.04665478
0.08267545
0.04872513
-0.03420763
0.06591752
-0.04922569
-0.06646391
-0.03033057
0.01705415
0.01558190
0.06517058
0.01345270
0.05352738
0.12062257
-0.04033798
0.01220859
0.00173463
-0.08348221
0.06072417
-0.00014250
0.00531970
-0.04947764
-0.03838880
0.03080671
-0.00604539
-0.01901194
0.01880528
0.06189726
0.02243049
-0.03344662
-0.01218533
-0.02443172
0.05660296
0.04145990
-0.06446298
-0.00835520
0.05630274
0.01861967
0.08831923
0.00565593
-0.05597019
-0.06702313
-0.06832431
0.04370009
0.07187405
-0.01143104
0.04069012
0.06050484
0.05649219
-0.02237578
-0.02413811
-0.05364112
0.07038435
-0.00298027
0.06940851
-0.00251903
0.03653889
0.03059508
-0.04411683
-0.07081459
0.01085777
0.02854758
0.02316591
0.05586821
0.07260428
-0.04848296
0.01161292
0.00616913
-0.12412853
0.06116161
-0.01933067
-0.06384806
0.02116091
0.05248845
0.00448387
-0.04673798
-0.03654816
0.10728630
-0.02487420
0.06921130
0.01368421
-0.04480190
0.02042311
0.00695966
-0.02820243
0.05240864
0.01056617
-0.05155792
-0.00026819
0.06940041
-0.05723884
0.00802128
-0.05740158
-0.05277774
-0.00461084
0.03909605
-0.01384266
-0.04977816
-0.05070305
-0.06457517
0.03430598
0.03673111
-0.07458568
0.00748036
-0.04688517
-0.06241562
0.00577550
0.04541432
-0.04157495
-0.01176181
0.00500150
0.05745717
-0.04476227
0.09847782
-0.00879886
0.00563822
-0.07584968
-0.01565468
0.02151733
0.10177100
0.11618430
-0.06004980
-0.08293892
0.00883161
0.06856727
-0.12858443
-0.00787033
-0.01922026
0.01592348
0.01634733
0.03872719
-0.02491180
-0.17866491
0.01608094
0.02124060
-0.01111069
0.05692311
-0.07080220
-0.05965777
-0.05257586
-0.02198435
-0.04755779
-0.00945091
0.03781337
-0.04004263
-0.06251836
0.07005423
0.01399961
0.05905168
0.09000761
-0.04291453
0.07555982
-0.06616874
-0.08842093
-0.04434099
0.01340578
-0.08601914
0.09134524
0.05086469
0.01148143
0.07599503
-0.00374621
0.02495740
-0.02633819
0.00151789
0.02684135
-0.08150692
0.06996253
-0.05413839
0.11602813
0.02595290
-0.00045064
-0.05109294
0.04277728
-0.04630623
-0.00039979
-0.12997545
-0.03934264
-0.08415089
0.00436692
0.08948377
-0.02194644
0.01290757
-0.08686092
0.00652403
-0.11377367
-0.16313937
0.04324698
0.00080894
-0.01577087
0.08489291
-0.09081943
0.10273797
0.07956544
-0.04954451
0.04521105
-0.09243489
0.03007747
0.01404633
-0.06029166
0.10487719
-0.08740508
0.19337484
0.03418705
0.03298757
0.06645884
-0.09728762
0.07519303
0.09057003
-0.09188892
-0.07899194
0.04881493
-0.01216896
0.05153474
-0.02792410
0.15342270
-0.14511137
-0.12977511
-0.08816527
0.04118175
-0.12076072
-0.08326266
-0.04302427
0.06252592
0.01595874
0.02216149
-0.11975013
0.04376063
0.03157204
0.13863659
-0.07360875
0.05695858
-0.10772532
-0.07625110
0.00625129
-0.03635604
0.03198620
-0.01159157
-0.03327192
0.10733260
0.01688525
0.05105685
-0.12452795
-0.12682040
-0.01292828
0.05607845
-0.02907541
-0.02501162
0.02119073
-0.04452946
0.10116620
0.05772031
0.04060371
0.00465610
0.14449391
-0.16098554
0.15297934
0.20305343
0.05663067
-0.08997876
-0.05253610
0.04992266
0.08668907
-0.06465402
0.09537021
-0.09762214
0.01743858
-0.03271626
0.05913995
0.03690612
-0.17246802
0.10353919
0.08001680
-0.13498814
0.15495355
0.02918130
-0.02861018
-0.05850698
-0.07332817
0.14044602
0.05818800
-0.12560648
0.02996504
0.05043190
0.10952892
0.04703164
0.06024127
0.01464147
0.15666759
-0.00209361
-0.01723436
-0.06983522
0.13030176
-0.09036157
-0.03220347
-0.00823420
-0.07033297
-0.09638976
-0.03605503
0.00841244
0.04990076
0.08013369
-0.04314485
0.04842443
-0.03894410
-0.03303326
-0.17402695
-0.02777646
0.09945676
-0.00984258
0.10704017
-0.02157130
-0.02226750
-0.03131962
-0.04549658
-0.00410038
0.00816942
0.03949453
0.06766409
0.00907406
0.10596658
-0.10065916
0.00692951
0.00795926
0.01796316
-0.03033934
-0.04150811
-0.01774000
0.03963023
-0.00244474
0.08491232
-0.01558599
-0.02572006
0.11417738
-0.06922980
0.00333862
0.01967617
0.00939614
-0.00673918
-0.04518328
0.03932638
0.02611503
-0.02976529
-0.03516404
-0.04481950
-0.01971311
-0.03005876
-0.01725971
-0.06793775
-0.13359420
-0.01689401
-0.00728851
0.02074930
0.04733271
-0.05210553
-0.00623052
0.10580143
0.05535735
-0.13912328
0.05814542
-0.09617272
-0.01034346
0.05057769
0.01671010
-0.04760971
-0.02830708
-0.06738042
0.09785898
-0.06424132
0.11193847
-0.02920841
-0.01835914
0.00764205
-0.00071553
-0.01751115
0.06279084
0.02122177
0.02653746
0.03011834
0.05429931
0.08968035
-0.01249225
0.09075121
-0.02852568
0.12960680
0.13211811
0.04935279
-0.03103505
-0.07540304
-0.01670614
0.03392398
-0.00102917
0.01079771
-0.08334535
-0.04555435
-0.04653291
0.07398184
-0.03422794
-0.11572656
0.05479297
0.01016213
-0.04622040
0.04341499
0.04416818
0.03107595
-0.05875623
-0.09241427
0.10889298
-0.05648118
-0.14708424
0.04199325
0.03123490
0.01155372
0.11929196
-0.06865738
0.06450379
0.08410998
-0.07951950
-0.03195510
-0.07849436
0.04443042
0.00150962
0.00927002
0.00882321
-0.12628420
0.03204707
0.01424728
0.07028671
0.03585030
0.01235021
-0.06595993
0.07108209
-0.09455922
-0.03032393
-0.11830249
-0.05854653
0.04859900
0.01714727
0.01664383
-0.00617935
0.00483402
0.04615588
0.00981351
-0.00243077
0.00508835
0.00576206
0.00139327
0.02903120
-0.02899257
-0.02213652
-0.01287020
0.07540103
-0.03168333
0.07637932
-0.00538348
0.00221050
-0.00176529
-0.04147276
-0.00698686
-0.02164766
0.03005673
-0.00853185
-0.09413063
0.07704280
0.03537953
-0.01375828
-0.05115221
0.04493390
-0.08121670
-0.04648805
0.00539122
-0.03505985
0.00998212
-0.02074860
-0.03263216
-0.02118241
-0.04021013
0.01753991
-0.07451756
-0.02270049
-0.00106811
0.05327066
-0.00172233
-0.02342444
-0.06243305
0.08784438
0.00936775
0.05260574
-0.02495794
0.00837806
0.00255973
0.03512297
0.05512198
0.05635394
0.00838047
-0.05356060
0.04061316
0.01334343
-0.05000306
-0.09105628
0.06248241
0.00194451
0.02094725
-0.02211056
-0.02491318
-0.09155399
0.03473611
0.01782868
0.04324616
0.02851681
-0.05673458
-0.02950008
-0.06517395
0.02497996
0.09651828
-0.04211229
-0.04751027
0.03694766
-0.00720384
-0.06001109
0.03700036
0.04331717
0.01350355
-0.04950591
0.00899552
0.04626890
-0.03041272
0.05810237
-0.04010838
-0.03893500
0.04323331
0.05178829
0.02598986
-0.01647892
-0.03239143
0.01110718
0.02048668
-0.03765336
-0.01490627
0.06653735
-0.05225978
-0.04380931
0.08067127
-0.01129985
-0.00375641
-0.00514692
-0.02163733
0.01898864
0.07907258
-0.02425583
0.02477657
-0.00651920
0.03140239
0.00440257
-0.03518215
0.01591027
0.02733077
-0.05181699
0.04180373
0.03332130
0.05613768
0.01366889
0.01396857
-0.04468652
-0.02208700
-0.02825510
-0.04982185
-0.02589319
0.06777246
-0.07482055
-0.22724579
0.07113826
-0.02595609
0.04998811
0.09050602
-0.07857046
0.16089767
0.01311606
-0.04372770
0.02975072
0.00147671
-0.03125289
0.00934396
-0.03344167
0.13016441
-0.08484030
0.23594257
0.01274905
-0.00026410
0.05640856
-0.14298719
0.05888071
-0.01008970
-0.06465238
0.03188785
0.03411540
0.06213403
0.04763672
-0.03086536
0.19452100
-0.13160846
-0.19982284
-0.04946897
0.03901801
-0.02968539
-0.16929118
0.00353280
0.03981185
-0.05112807
0.04817732
-0.02493048
0.00950160
-0.02112771
0.17688264
-0.08164420
0.05093278
-0.14635547
0.06887224
-0.01496246
-0.06098430
0.01919316
-0.02269352
-0.03196260
0.10092482
0.01319638
0.04543227
-0.10296729
-0.15085328
-0.00485798
-0.00299259
-0.06647065
0.01762598
0.03174401
-0.12003240
0.08697871
0.03755647
0.06623309
-0.05960676
0.08913875
-0.15234281
0.07288994
0.22141317
-0.02503435
-0.11093456
0.08875760
-0.00281369
-0.00651858
-0.01231966
0.02589300
-0.01847156
0.06155865
-0.01201238
0.04899415
0.14287105
-0.14496894
0.03779563
0.03738092
-0.08172201
0.13977529
0.13146135
0.04142364
-0.10596922
-0.06433290
0.14291908
0.06268552
-0.13665609
0.02138854
-0.00925378
0.03199548
0.03980054
0.01544532
-0.03427356
0.16803570
0.01739067
-0.09633948
-0.03260978
0.07839527
-0.07317077
-0.07753240
0.04252840
-0.13206725
-0.09195973
-0.15215327
0.00311300
0.02483200
0.07463223
0.09113655
0.09119669
0.00438926
-0.01277917
-0.10718335
-0.03362220
0.17736763
0.01370450
0.13877062
-0.00709720
0.00259654
-0.05900096
-0.04368893
0.05150184
-0.01115065
0.00341067
0.01912542
-0.06943474
0.00448524
0.04959245
-0.05500428
0.01551978
0.11276336
0.02280387
0.01148405
0.04509590
0.00446008
-0.05531777
0.11163034
-0.00120487
0.02259959
-0.05861501
-0.07638736
0.06579142
-0.08165903
0.00955019
-0.08830582
0.00053888
0.02389502
-0.05295890
-0.00074194
0.07127363
-0.04422699
-0.11309658
-0.00264884
-0.00878784
0.04203567
-0.04868323
0.03279278
-0.08097126
-0.01276310
0.08057313
0.00522822
0.05391190
-0.01024511
0.08191981
-0.06407664
0.05821981
-0.03003221
0.06324601
-0.05053829
0.02476533
0.01575975
0.06658173
-0.03441188
-0.06065262
0.03458174
0.01935552
-0.04691402
-0.04790850
0.11090990
0.05954646
-0.07115947
-0.07252237
-0.05058359
-0.02404419
0.04454824
-0.05565984
0.03928655
0.06861823
-0.00785090
-0.03738124
0.03267059
0.07605477
-0.01340370
-0.04632213
0.06469861
-0.04184762
0.05654804
-0.03641327
0.03525419
0.03315960
0.05588688
0.01359028
0.02548132
0.08543247
0.00932235
0.03216051
0.02114500
0.01379139
0.05993379
0.02341087
0.00142264
-0.09217232
-0.07013718
0.00088398
0.04706446
-0.03533084
0.02923877
0.02641720
0.03934970
-0.02879339
-0.04062866
-0.02962303
0.05884314
-0.00617437
-0.09173869
0.04153997
0.06060888
0.04698683
0.05355370
0.00653188
-0.03999899
-0.11656044
-0.09601102
0.01783287
0.07606543
-0.02097159
0.04225154
0.12977952
0.10607208
0.04277687
-0.05295874
0.03557943
0.06488938
-0.00335568
0.00665317
0.01627216
-0.02136852
-0.08999950
-0.05170659
-0.00769656
0.03613142
-0.03078240
0.04331748
-0.05886691
0.03320527
0.05849805
-0.03187284
0.04562046
0.01985585
0.01650619
0.03188189
-0.05382608
0.04935517
-0.05123278
0.17591828
-0.01000646
-0.00400998
-0.01231361
-0.10843059
0.09341863
-0.06187824
-0.06811329
-0.10385430
0.00713169
-0.01626299
-0.04337027
-0.00531507
0.06469903
-0.08927586
-0.08393086
-0.06559729
0.04083639
-0.01145713
-0.10846814
0.04309322
-0.02756240
0.00014248
0.04725892
-0.08019035
-0.01225117
0.06586657
0.05587853
-0.12297252
0.00971929
-0.07575458
-0.03841857
-0.06360070
0.03020415
-0.00194679
0.02029702
0.00096699
0.05674640
0.00663161
0.04277492
-0.05261149
-0.04655304
0.03938732
0.03851544
-0.04668835
-0.05526632
-0.00165964
-0.02669993
-0.01385335
-0.09014086
0.02975027
-0.00023897
0.09796727
-0.08387527
0.08871354
0.10996877
-0.00975970
-0.07310089
-0.03625341
-0.03121711
0.09787130
-0.06598144
0.09005803
0.00103682
0.00088258
-0.00120888
0.04367464
-0.01475799
-0.03366657
0.07650462
0.05685694
-0.02010821
0.10769554
-0.02967145
0.00386543
0.01264091
-0.05978427
0.05712116
0.03075916
-0.10285117
-0.00801893
0.04513308
0.05263384
0.03604224
-0.05301038
-0.02108721
0.09881280
-0.00727274
-0.07097359
-0.03586625
0.05333405
0.10402371
-0.00979338
0.02638788
-0.03709108
-0.08197642
-0.07719710
-0.02534314
0.02513671
0.00942209
-0.00983523
0.10257135
0.01186766
0.00244718
-0.14369032
-0.00382344
0.15003836
0.03763117
-0.00036142
-0.00741362
-0.04225715
-0.04904786
-0.08933947
0.02188336
-0.01337333
0.08985878
0.13183911
0.00774622
0.08955033
-0.07730002
0.01612043
-0.06232723
0.05391211
0.02016260
0.00174970
-0.01638013
0.01129155
-0.06292156
0.06369524
0.00996529
-0.01145389
0.07583638
-0.08538391
0.03062815
0.08297997
0.08906614
0.02625903
-0.04685962
0.05404742
0.06371957
-0.00220289
0.03214568
0.00669146
-0.10004847
0.03486579
0.02807697
-0.03085556
-0.04926036
-0.03564056
0.05716736
0.01162407
0.04341355
-0.03840452
0.07811117
-0.03647339
0.07708962
-0.04470988
0.04228408
-0.13793768
0.06505317
-0.00314202
-0.04579941
0.00311511
0.01075764
-0.07308830
0.09757341
-0.00819357
0.03966720
-0.08821741
-0.01775449
0.02354097
-0.00725714
-0.03646540
0.02405788
-0.00399227
-0.01349759
0.03945064
0.02526778
0.08491777
0.04348037
0.02478800
-0.01814505
0.03567734
0.14939377
0.02812476
-0.04838797
0.04594382
-0.02689145
-0.04823649
0.03208942
-0.00621044
-0.07010522
0.04217793
-0.02796327
0.12430793
0.04017804
-0.11994974
0.04876486
-0.01920633
-0.09205573
0.04726087
0.05897174
-0.02176711
-0.12449749
-0.10735639
0.09962555
0.00125555
-0.04985045
0.03940330
0.05941098
0.03132730
0.02340693
-0.00884676
0.03747077
0.03408597
-0.01610942
-0.04061528
-0.01955000
0.07713680
-0.02320303
-0.02134641
0.02836503
-0.14170726
-0.04526401
-0.04358511
0.07574559
0.06881344
0.03164039
0.00905628
0.06649882
-0.03204319
-0.01770425
-0.05236427
-0.05628438
-0.00700430
-0.01256188
0.04069131
-0.00239424
-0.01257546
-0.07278141
-0.03356349
0.01265762
-0.04111429
0.07893138
0.04224198
-0.02934295
0.08491644
-0.05064233
-0.05855279
0.00339607
0.08611050
0.02731054
0.00974175
0.04576154
0.07719041
-0.10457309
0.06851371
0.08090743
0.00371450
-0.01097517
-0.09365743
0.05758438
-0.05729343
0.05255544
-0.03956901
-0.04587801
0.05073749
-0.00876698
0.00805089
0.07829064
-0.00890307
-0.15826830
-0.00026840
0.01066624
-0.04616611
-0.13540071
0.01770257
0.03133012
-0.04178821
0.10800993
0.01051409
0.05394809
0.00772074
0.08732794
-0.09027094
0.07560856
-0.13052662
0.11200167
-0.01363036
0.05257193
0.00754339
0.03194959
-0.07847925
0.01109515
0.00831783
0.01536000
-0.06412078
-0.06131908
0.08021244
-0.02910769
-0.07853671
0.00027896
0.00135161
0.00960400
0.07863171
-0.02229180
0.01842164
0.03489717
0.02226138
0.01455989
0.00311357
0.15538822
-0.00563017
-0.14173622
0.12270994
-0.06352382
-0.00937972
-0.00070511
0.02955983
0.05615551
0.05328242
-0.04290915
0.03500126
0.13326931
-0.07809795
0.01667251
0.02559604
0.01041642
0.03924971
0.11924405
-0.02371301
-0.12051044
-0.09779781
0.04790795
0.06013444
-0.09281205
0.04358069
-0.00457085
0.07120199
-0.00914920
-0.07029065
-0.01182045
-0.01636926
-0.04196230
-0.07781045
0.03402814
0.06011748
0.00000525
0.04190610
0.02366265
-0.13283654
-0.07500579
-0.11753138
0.03818386
0.05566964
-0.02901846
0.03896643
0.15447600
0.06927604
-0.01746596
0.00323390
0.01736498
0.01431338
-0.04179080
0.06025793
0.03611067
-0.04362901
0.05753265
0.05620859
-0.06430504
0.00552176
0.00640202
0.09465650
0.05105883
0.11338802
-0.14173695
0.03608470
0.02214941
-0.07313805
-0.02115484
-0.00769054
-0.05597796
0.04913216
0.04406884
0.07136651
-0.05497131
-0.09335345
0.12903713
-0.03106526
-0.01533496
-0.03148774
-0.05740312
0.04740212
0.03706044
-0.01758494
0.01523324
-0.00205026
-0.11307098
-0.01967395
0.05180048
-0.11435103
0.00386148
-0.05510314
-0.07717321
0.07008187
0.09778289
0.01900885
-0.04241348
-0.07381853
-0.07473277
0.08716390
-0.02445728
-0.18284224
0.01397151
-0.06372011
-0.08908295
0.07635108
0.07247396
-0.08311364
-0.11731767
0.00622578
0.10650554
-0.03253131
0.04342524
0.03508509
-0.03612830
-0.07531428
-0.06538343
0.07515027
0.09019373
0.15010948
-0.00650024
-0.01857608
0.02894207
0.07716043
-0.13155690
0.02761814
-0.02756139
0.09205139
0.00352894
-0.01194612
-0.00566703
-0.08965306
0.03416212
0.01859300
-0.08221509
-0.00409397
-0.04166926
-0.09140604
-0.00147821
0.00407892
-0.06417207
-0.00197817
0.04531398
-0.03165912
0.04937600
0.07322317
0.05984779
0.10948416
0.09238317
-0.04959778
0.11211960
-0.04947396
-0.13598263
-0.03587726
0.00414530
-0.05598846
0.15758157
-0.02380643
-0.04621673
0.10689080
-0.03472598
-0.05629371
-0.11445003
-0.01054772
0.02314593
-0.06772504
0.03004147
-0.01770279
0.13978055
0.01072984
0.01847141
-0.06893372
0.02664473
-0.08772554
-0.00016013
-0.14493816
0.03178604
-0.16665791
-0.00984618
0.10015275
0.05205036
0.00054729
-0.03699565
-0.00410725
-0.05271675
-0.08157719
0.03813408
-0.04137918
-0.00465210
0.09739353
-0.01109976
0.05866146
-0.05460189
0.03464328
-0.03403337
0.09100527
-0.05024141
-0.02608147
-0.04027142
0.04653096
-0.07489364
0.12265518
0.01913408
-0.03442398
0.05558386
-0.10883206
-0.00756634
0.01110286
0.11845759
0.03203441
-0.05019491
0.09175324
0.01426853
-0.08452645
0.02740601
-0.03514686
-0.06315262
0.03804762
0.02771530
-0.00193077
-0.08512066
-0.02986737
-0.01388571
0.02863177
0.08856340
0.00080120
0.02155823
-0.02081069
0.07162423
-0.11379465
0.06259301
-0.07722269
0.00883601
0.05227524
-0.06555778
-0.02783624
0.05391878
-0.04359749
0.08764313
-0.04475008
0.03482920
-0.05038360
-0.06348410
0.03271383
0.00736548
0.00734333
0.00370018
0.01160338
-0.02211699
0.06829170
0.05288336
0.03099283
0.06770522
0.04074549
-0.09779496
-0.01146189
0.08989257
-0.01646521
-0.01070940
0.02011199
-0.07216496
-0.09321808
0.00345030
-0.04350156
0.02184229
0.06602447
0.00068866
0.09168720
0.03422868
-0.09906036
0.00311581
0.01520196
-0.03175578
0.04742950
0.00033643
0.01600471
-0.10242318
-0.04040177
0.07354511
-0.01929910
-0.06672517
0.03586214
0.04678286
0.02935840
0.01848796
-0.06249722
0.00869741
0.06181620
-0.03447619
-0.07192945
-0.05045898
0.04815364
0.06751182
0.06871513
0.00703252
-0.12824553
-0.03121023
-0.05610674
0.08865707
0.09365565
-0.01058790
0.00924921
0.05662031
0.01327189
-0.03272452
-0.08765743
-0.08632281
0.07303359
0.03068272
0.03418305
0.01370465
0.03145349
-0.02170153
-0.08648318
0.06653288
-0.02543383
0.01474760
0.12581891
-0.02742534
0.03055044
0.00653121
0.00827281
-0.01043928
-0.00685897
0.01980676
-0.05269617
-0.04280423
0.03769258
-0.09290624
0.08272488
0.02324786
-0.01616545
-0.00451124
-0.12042784
0.03573433
-0.01120612
0.09159925
-0.02390607
-0.00112416
0.02596212
0.02352764
-0.05411975
0.02274638
-0.03782734
-0.06548549
0.04551877
0.05086664
0.00457127
0.00232926
0.04016827
-0.00339058
0.04570474
0.06483942
-0.01858446
0.05768321
-0.04579488
0.08298213
-0.04751457
0.05090700
-0.13869908
0.02360279
-0.01496471
-0.05035709
0.04287174
0.08440503
-0.01297216
0.05271593
0.00402926
0.02558277
-0.11208219
-0.10717933
0.01032216
0.00845110
0.02029631
-0.04062737
-0.01034577
-0.07239615
0.05133381
0.03069067
0.04377098
0.04641746
0.01878283
-0.12164740
-0.03865326
0.09301481
0.03090991
-0.02312075
0.07261367
-0.04755320
-0.08707605
-0.01383285
0.01211831
-0.00199006
0.05710857
0.01288710
0.05196404
0.11898057
-0.04808480
0.01428615
-0.00836573
-0.08875664
0.06894936
0.01839725
0.02288187
-0.06582798
-0.05122103
0.05071892
-0.00634852
-0.02495094
0.01243164
0.07942908
-0.01314131
-0.00961253
-0.01340349
-0.03778656
0.05800822
0.05234051
-0.05866189
0.00223902
0.05985889
0.00713995
0.08172830
0.03280550
-0.08752047
-0.05271034
-0.06785502
0.04897053
0.08445892
-0.00361301
0.03956278
0.07823921
0.03095608
-0.03963902
-0.04450421
-0.05501143
0.05990048
0.01177119
0.07022023
0.00638942
0.03495419
0.00291643
-0.03283571
-0.00771148
-0.08064078
-0.02770174
0.04849975
0.01556861
0.04965422
-0.06417034
-0.01175368
0.00416786
0.02389143
-0.02563325
-0.02731239
-0.02868312
0.11584017
-0.10059376
0.08418692
0.01416048
-0.06151337
-0.01805896
-0.04824276
0.07491753
-0.02612114
0.01251413
0.06659362
-0.02551694
0.05066376
0.04127437
-0.05336075
0.03597520
0.04191350
-0.03823245
-0.00199853
0.04626359
-0.02016732
-0.06864163
-0.00585112
0.02533820
-0.00411578
0.04538821
0.04530401
-0.02501193
-0.05138513
0.04736408
-0.06221417
0.02223691
-0.10666887
0.00971278
0.02275481
0.01341327
0.03070699
-0.01475796
0.02321966
0.01278503
-0.00653588
-0.00605529
-0.02901580
-0.08232480
0.00263331
-0.02795791
-0.02175607
0.04042052
0.08582930
-0.07068260
0.01892639
0.02491911
-0.00787596
-0.03869119
0.00074781
-0.03747600
-0.12529457
0.02535654
-0.01720001
-0.06210946
0.05544382
-0.03377002
-0.09774252
0.00399301
0.02341701
0.03956036
0.04207009
0.02717135
-0.01525669
0.11818914
-0.04995981
-0.03180646
-0.04977132
0.03145326
-0.00159382
0.09286050
0.05395194
0.00706719
-0.00440515
0.02836699
0.02452657
-0.04094951
0.00313254
-0.04697122
-0.05737873
-0.01354338
0.01455786
-0.04648850
0.05747326
0.02806078
-0.08023861
0.02869246
0.00073954
0.02470086
0.02609325
0.05288393
-0.08124976
0.01703433
-0.06059359
-0.00103348
-0.04639264
-0.00013451
0.09520459
0.02550706
0.02099667
0.00093903
0.04793375
-0.00094201
0.06333973
-0.02693952
0.04266123
-0.01746876
0.02471677
-0.07062172
-0.18618111
-0.01847010
-0.06339436
-0.02775458
0.07090165
-0.02110842
0.13947093
-0.04511737
-0.00323953
0.06553451
-0.04517797
-0.07826626
0.03640395
-0.09638447
0.15899204
-0.11553387
0.24963215
0.00415212
-0.02628932
0.13358112
-0.04046245
0.05448481
0.08053619
-0.12165552
0.14798762
0.02132909
0.01250992
0.06310935
-0.08995958
0.13554753
-0.10531122
-0.09431599
-0.15993971
0.05488609
-0.10334782
-0.21023779
-0.12319287
0.07600751
-0.03248414
0.04136141
-0.08122531
-0.01529939
-0.00330094
0.12280534
-0.16147263
0.05723795
-0.11228327
-0.05870860
0.09805016
-0.04333569
-0.00949927
-0.09091037
-0.02300424
0.11892450
-0.01689542
0.02884523
-0.02743082
-0.11359113
-0.07179493
-0.01942307
-0.00352237
0.09487093
0.10201723
-0.03643552
0.12236482
0.16523880
-0.00214218
-0.04602939
0.11491752
-0.20255850
0.11985715
0.17133474
-0.01696334
-0.04799078
-0.11295673
0.06097106
0.00861549
-0.04076208
0.02095539
-0.01872166
0.00449011
-0.02796962
0.03690405
-0.01584177
-0.18753308
0.08751636
0.05238517
-0.01794118
0.12976655
0.07406073
0.06514599
-0.02584505
-0.04308166
0.14016086
0.05595328
-0.13946925
0.03061659
-0.02259333
0.04250066
0.06360480
0.07938150
-0.01563141
0.17141487
-0.03023009
0.00621982
-0.10738112
0.06676996
-0.01179393
-0.07514087
-0.03603489
-0.12719896
0.00386595
-0.03574942
0.03660421
-0.03956202
0.06060529
-0.01523318
-0.03493657
-0.08571861
-0.03024887
-0.18239802
-0.02299057
0.11670762
0.01423324
0.07849574
-0.02336898
-0.00046103
-0.08663633
-0.09940974
0.00691149
0.03017490
0.01941358
0.03690420
0.02193891
0.01203476
0.02119030
0.01897768
-0.04467266
0.03956764
0.02604385
-0.00579587
-0.02275251
-0.00520488
0.01847955
0.05907045
-0.01317170
0.01559495
0.04480322
-0.08709651
0.07271299
0.09761623
0.06034743
0.00981020
-0.04752627
0.04765985
0.04108600
0.03111454
0.03063054
0.02817579
-0.05505794
0.06781160
0.00061923
-0.03754056
-0.03086371
-0.05310973
-0.00915706
0.00406170
0.02299463
0.00291038
0.05548324
-0.03358352
0.05828317
0.00397674
0.05418188
-0.03024986
0.00447310
-0.02643459
-0.03743120
-0.00423175
0.06735203
-0.00984904
0.03466048
-0.01453848
0.06675019
-0.09002068
0.00943045
0.00979822
-0.00356289
-0.04925431
0.01798821
-0.03129651
-0.02671127
-0.01643725
-0.00746413
0.02703795
0.06552474
-0.01185039
-0.00907106
-0.02417204
0.09940062
0.02368065
-0.01057684
0.01301294
-0.02546579
-0.02321483
0.03739537
-0.02499990
-0.08990909
0.06308093
-0.02111320
0.06648767
-0.00152550
-0.05099896
0.04760434
-0.00049376
-0.06925403
0.03516970
0.01570740
-0.03474340
-0.10119750
-0.06768113
0.05592308
0.01763013
-0.00770831
0.00572432
0.02358922
-0.02358967
0.00838794
0.00141157
0.04863716
-0.01253607
0.00687194
0.01591227
0.01919121
0.05380340
0.00422655
-0.01173373
0.07935339
-0.10414390
-0.04497583
-0.01078395
-0.00593766
0.08100364
0.05014284
0.01707500
0.04172421
-0.00844410
-0.02844518
-0.04476326
-0.04118130
-0.00196307
-0.03561178
0.04413033
0.00018708
-0.02467523
-0.07976252
-0.17164658
-0.01836121
0.00095391
0.09090104
0.13901499
0.02679295
0.13548693
-0.04066920
-0.00647668
-0.00037641
-0.07313740
0.04646233
0.10627536
-0.08392222
0.04467703
-0.06884903
0.14645812
0.01993756
-0.01215216
0.12861305
-0.06576934
0.04738692
0.05652725
-0.07036585
0.02153023
-0.00471678
0.01283222
0.07818859
-0.02861837
0.09612790
-0.12130331
-0.10959250
-0.10983551
0.05055193
-0.07227693
-0.18784882
-0.06031973
0.18858679
-0.02677435
0.02656033
-0.12394166
0.00542658
0.01550599
0.09781117
-0.09625019
0.00266380
-0.18021020
-0.02644999
0.00238823
-0.02208907
-0.04410520
-0.05733490
-0.05446789
0.15201780
-0.02416729
0.03391114
-0.08573119
-0.05850043
-0.02903893
-0.01422919
-0.04371842
0.06303782
0.06675015
-0.05213717
0.06735194
0.01315003
0.07202818
-0.02499237
0.07630415
-0.11928184
0.12393545
0.20717320
-0.01681286
-0.09873287
-0.04457655
-0.01334787
0.00853606
0.00247375
0.08201463
-0.09978381
0.00905947
-0.06170562
0.10416789
0.04960038
-0.19282611
0.07180846
0.09080560
-0.07520198
0.15789722
0.07480821
0.01181039
-0.04681306
-0.08473939
0.18531835
0.04394443
-0.10299862
0.02184659
0.01700296
0.05745769
0.11892553
0.04938130
0.00075704
0.13352391
-0.02731813
0.02140998
-0.09488612
0.05436252
0.00660218
-0.14249694
0.02060438
-0.12941447
-0.02872291
-0.05680624
0.04529563
-0.00209404
0.06125326
0.02089400
0.03375025
-0.10281081
-0.02662153
-0.14869913
-0.02927932
0.10194257
0.02119324
0.08548394
-0.07775754
-0.04331052
-0.09773304
-0.11837954
-0.00984907
0.02434675
-0.01196793
0.06127312
-0.07768769
0.09445911
-0.06302253
-0.00277809
0.04196674
0.01843635
-0.06169047
0.01673098
-0.06445061
0.06761436
-0.03019745
0.12042425
0.01004547
-0.02052956
0.11504571
-0.04253837
0.01082668
0.06058296
-0.09774074
0.04489775
0.02528396
0.04920828
0.02577969
0.02125497
0.10154963
-0.12181772
-0.12285540
-0.09066231
0.02195806
-0.10670036
-0.09322110
0.02613623
0.06113923
0.01818782
0.00586405
-0.08210845
0.02214043
0.04347108
0.05355117
-0.12306180
0.01782223
-0.04774669
-0.04680946
0.07573399
-0.02746191
-0.01521240
-0.08257313
-0.04955650
0.10652193
-0.00505611
0.01612141
-0.02847097
-0.02598379
-0.04774621
-0.03518964
-0.04276551
0.02615574
0.03021015
0.02934006
0.05152819
0.04575539
0.05108912
-0.02385573
0.11365122
-0.07423900
0.16119394
0.18141682
0.01462131
-0.03631968
0.05299677
0.05944299
0.04838829
-0.00624296
0.02445287
-0.10165960
0.01908218
-0.02434469
0.06304201
-0.07733444
-0.14486089
0.04419469
0.02770862
-0.02801203
0.06722745
0.04413712
0.03099485
-0.06944003
-0.07223049
0.11656605
0.03590279
-0.12550554
0.03426893
0.00348318
0.07695007
0.09339798
-0.02898823
0.04743163
0.13101467
-0.02839112
-0.05224495
-0.09086210
0.02760535
-0.04595622
-0.02294797
-0.05403823
-0.07090510
0.01879649
0.00237910
0.00281098
-0.01502062
0.04437441
-0.07967095
-0.00037335
-0.07001470
-0.00133335
-0.12761693
0.00831500
0.02876562
0.03412459
0.09187061
0.00063852
-0.03336899
-0.05283359
-0.06179018
0.02128208
-0.01198578
-0.00264222
0.00208984
-0.05356900
0.08585311
0.04202338
-0.04135760
0.03875494
0.02630327
0.02248096
-0.05437499
0.02787432
0.10120721
-0.04331017
0.11575548
0.00572602
0.01905495
-0.00676029
-0.10688829
0.10087075
-0.04359125
-0.02835568
-0.07651886
0.00524251
0.03122818
0.02404453
-0.02849902
0.04223537
0.00185244
-0.02899508
-0.01664893
-0.00637305
-0.02112566
-0.07949926
0.02998444
-0.04889653
0.02231770
0.04390295
0.01522615
-0.00760584
0.04589289
0.12564464
-0.06340557
0.05189999
-0.04317900
-0.01423559
-0.03226569
0.03995809
0.02397525
0.06839549
-0.01530875
-0.03284464
-0.02352929
0.07954532
-0.07395260
-0.05824107
0.06394186
0.06458423
-0.05322060
-0.02387575
0.07018987
-0.04701846
-0.02922091
-0.00684650
0.04643779
-0.01994021
0.04466110
-0.07937976
0.03206185
0.08959495
0.05472790
-0.08483407
-0.06434472
-0.02482378
0.04673557
-0.04619388
0.06893280
0.00426098
-0.00806428
0.00503988
-0.01099584
0.07645074
-0.03567849
0.03631251
-0.00622008
-0.07067742
0.07689619
0.02772917
0.01504207
-0.01204745
-0.08401239
0.07999612
0.01927735
-0.11182930
0.02175852
0.02152346
0.01858556
0.03537707
-0.01324161
-0.01454461
0.09228029
-0.01715381
-0.08503225
0.03187459
0.06801164
0.03046975
0.03267101
0.05911560
-0.05997677
-0.04953670
-0.07301404
-0.00904898
0.05049087
0.02968973
0.00203926
0.12714776
-0.00964510
-0.02447268
-0.08809962
-0.00054705
0.11981688
-0.04852439
-0.00787136
0.00523752
0.00345250
-0.01879392
-0.02097907
-0.03943263
-0.05677655
0.02959901
-0.00130402
-0.00384855
0.01888064
-0.04637266
-0.00578058
0.02145549
0.03620394
0.02153542
0.06951206
0.00369533
-0.00344407
-0.03614084
-0.01359073
0.05801360
-0.01340518
0.01755024
0.01053934
-0.02367688
-0.01150043
-0.05194310
-0.02240713
0.05689961
-0.01590656
0.00186238
-0.01260672
0.01569282
-0.03415196
-0.04244369
-0.05464036
-0.02958621
-0.03683940
-0.03353418
0.02221609
0.05772030
-0.01622458
0.04085008
-0.03839993
0.02451811
-0.00553284
0.01737214
-0.08649699
0.01759495
-0.01640323
0.00455812
0.06068900
0.03050996
-0.02329630
-0.04194065
-0.06050003
-0.00005375
-0.00675935
-0.06204180
0.01542500
-0.02195136
0.00616026
-0.03859479
-0.01767881
-0.03353309
0.01966520
0.04968395
0.07594430
0.02052944
0.02639215
-0.00466129
-0.00438907
-0.02802754
0.06586637
0.06950045
0.00884088
-0.02959920
0.02406605
0.03753801
-0.00359150
-0.01087498
0.05923161
-0.00027717
-0.01508548
-0.05870357
-0.00809030
0.02699726
-0.10700280
-0.00872698
0.02901220
0.00218993
0.01586907
0.03646945
0.03214641
-0.05385653
-0.04873004
0.03721067
0.03507834
-0.02020101
0.05981520
-0.00573467
0.07145074
0.03133299
0.00424475
-0.01276714
0.03959441
-0.00919955
-0.01620481
-0.06544413
-0.02745141
0.00272523
0.01052758
-0.03777910
-0.01637033
0.02135990
0.00508806
0.06115137
-0.02395666
-0.05318789
-0.04118794
0.00058599
0.00569057
0.01240036
-0.02893912
0.03835802
-0.05261414
-0.01675864
0.00199814
-0.02772157
-0.02378964
0.00473481
-0.03093396
0.04862447
-0.02692777
0.00008398
0.03708803
-0.01102314
0.01771744
0.01714832
0.01996270
-0.01922696
-0.06311582
0.02626332
-0.06490670
0.00237349
-0.02478160
-0.01091514
0.02550282
-0.03496093
0.01442216
0.03718648
-0.06632914
-0.01775373
0.02462327
0.03130070
-0.05403071
-0.04295014
0.02630252
0.01226613
-0.02083100
-0.04289657
-0.01431494
-0.02175288
0.05658828
-0.03563214
0.03043172
-0.03749503
0.00483468
-0.02702796
-0.01159846
0.05294817
-0.03383813
0.00509968
0.01415971
0.05653415
-0.00275760
0.04971155
-0.01323604
-0.01148150
-0.00493119
-0.01891815
-0.01792205
0.04703637
-0.03342056
0.03845447
-0.04527273
0.04689617
-0.06943043
-0.06024953
0.03281821
0.04662408
0.00400729
-0.00661158
-0.01986342
-0.04475642
0.02352294
-0.00561921
0.05167918
0.03447352
0.01340548
-0.04577960
0.02414886
0.05455743
0.05842255
0.00542294
0.00985720
-0.01244056
-0.02080932
0.01527046
-0.01880617
-0.05472640
0.04648957
-0.04170259
0.08052753
0.00931896
0.00210318
0.04989836
0.01194206
-0.05051646
0.10295176
-0.00253355
-0.00650636
-0.05406910
-0.02420276
0.04295908
-0.04322924
-0.05863548
0.01896753
0.02235565
-0.02929953
0.02268151
-0.00911200
-0.00547647
0.04687495
0.00922023
-0.06320112
0.01241189
0.04238798
0.01710033
0.04279473
0.02959794
-0.07439275
-0.04509503
-0.02396232
0.06083073
0.08832360
0.02527842
0.00108513
0.05972608
-0.01886674
-0.00777026
-0.04352564
-0.02990857
0.07187386
-0.03815039
0.04304589
-0.00475731
0.03311883
-0.10713024
-0.14838807
0.03291166
-0.08749101
0.14083275
-0.02873228
-0.06077651
0.06845587
0.02718043
-0.08587168
0.08261331
0.15242471
0.10164990
0.10216974
0.06110987
0.03932546
-0.10770154
0.12405396
0.06283940
0.04517568
-0.04989959
-0.13478661
0.14876485
-0.02754113
-0.06943623
-0.11543693
0.03337279
-0.06255710
-0.08013711
0.01612573
0.13248403
-0.02753455
-0.20952566
-0.07181212
-0.05409949
-0.03522031
-0.12897587
-0.06745438
-0.02476209
-0.11288539
0.17256194
-0.02117986
0.04886518
-0.04560579
0.15818006
-0.04988128
0.07495657
-0.02555984
0.12415441
-0.08684705
0.04061870
0.01790505
0.09716669
-0.06692994
-0.08157613
0.08602769
-0.01021887
-0.05746811
-0.10232066
0.15103550
-0.02937836
-0.14097291
-0.07655629
-0.06160378
-0.03555765
0.10649390
-0.00043628
0.01719007
0.13037376
-0.03875845
0.05261160
0.05266609
0.17252520
0.07075401
-0.15834506
0.06149155
0.02167704
0.07877995
0.00591244
0.13323431
0.11354062
0.07567830
-0.12536299
0.04884881
0.14538558
-0.18527098
0.09749959
-0.01775668
-0.05762807
0.07297728
0.07936095
-0.06488314
-0.19289985
-0.11202706
0.04520128
0.07839490
-0.08703450
0.10048836
0.06183351
0.05589330
-0.07586068
0.04416101
0.00022770
-0.06145567
-0.05404704
-0.07115366
0.06272973
0.13150969
0.02539942
0.00961933
-0.03518006
-0.08536846
-0.14032865
-0.15210558
0.02802624
0.03958666
-0.14127481
0.06263813
0.15771174
0.14197202
-0.00347153
-0.04917977
-0.01355178
0.01396558
-0.04191845
0.01181265
0.01962213
0.02170846
-0.01825678
-0.06613471
-0.00000332
-0.02052808
-0.02440148
0.06254247
0.02931833
0.02350525
-0.02240762
0.03480813
0.01062096
0.01126993
-0.01418632
-0.02723969
-0.04979343
0.03686263
-0.04979178
0.07178138
-0.02476780
-0.04979730
0.03797641
-0.05120034
0.06693623
0.06796528
0.04529160
0.07270571
0.00417378
0.04270333
0.04662195
-0.02278667
0.00352076
0.01026959
0.00781939
0.01944471
0.03235966
-0.00967880
-0.01385005
-0.04969456
0.01990385
0.03667050
0.01254215
-0.00641786
0.01954300
-0.08681949
0.07009243
-0.01515368
0.01665927
-0.07654929
-0.00588818
0.01010438
-0.04664389
0.02491870
0.03318504
0.01414035
0.02403260
-0.00983573
0.01855617
-0.05880023
-0.03777203
-0.03260961
-0.01250751
-0.00439134
0.01974491
0.03228270
-0.05735236
-0.01966519
0.03650345
0.03955035
-0.01572406
-0.02107487
-0.07595196
-0.07726037
0.02870850
0.01829248
0.02958621
-0.03520712
-0.01329214
-0.09257016
0.01969778
0.01031931
-0.02370499
0.04075459
0.00885337
0.03077987
0.03032945
-0.02241655
-0.02278201
-0.06070564
-0.04328479
0.05234307
0.01543849
0.03263036
-0.01633755
-0.04419034
0.02425123
-0.00486256
0.00759426
-0.00822740
0.04261956
-0.02478805
0.00104702
0.05437427
-0.02470898
0.04843201
0.05295557
-0.00126291
0.00047497
0.04124824
0.01914319
0.02203999
0.02287840
-0.06834666
-0.01236539
-0.02759353
0.03001498
0.01753964
0.02342513
0.05187234
-0.00307488
-0.03432280
-0.02734998
-0.00287063
-0.03814902
0.02318096
-0.03019304
0.00299137
-0.02775828
0.03511297
-0.04383374
-0.05286448
0.04007092
-0.00915809
0.05929799
0.12434200
-0.04473130
0.07477849
-0.01097060
-0.01363488
-0.03925856
0.07092558
0.00847836
-0.02024774
-0.05399738
0.03691365
-0.11661265
0.07709508
0.07758127
-0.01910573
0.00896929
-0.13605398
0.02309714
0.00635225
0.11815676
-0.02724991
-0.01787830
0.03184750
-0.00534668
-0.02961013
0.05180319
-0.02403595
-0.10776296
0.02415224
0.06240078
-0.02420236
-0.00510730
0.00045474
0.00898308
0.02575459
0.04786968
-0.00546565
0.06801502
-0.04433192
0.03473092
-0.06966054
0.07055795
-0.17022607
0.06416824
0.00320448
-0.03143282
0.02120819
0.06122268
-0.08454052
0.07247788
-0.00163734
0.02175464
-0.10259365
-0.07611904
0.04273060
0.00333321
0.01315807
-0.02280281
-0.03508874
-0.02967065
0.07981579
0.03082071
0.03397857
0.03401125
0.05318796
-0.04837236
-0.02932393
0.13453048
0.01932153
-0.08698595
0.06345294
-0.09013060
-0.06075980
-0.02526084
0.01844642
0.01350214
0.04916780
-0.01740127
0.05090461
0.08758977
-0.06598187
0.01435047
0.02984907
-0.02355455
0.03881540
0.03570712
-0.03319546
-0.06971142
-0.05969300
0.03832799
0.00274034
-0.03812537
0.03579690
0.06162112
0.05258532
-0.02945873
-0.05038174
0.00219038
0.00379758
0.02986013
-0.04262661
-0.02200748
0.06965313
0.03427451
0.06320377
0.01130383
-0.09824517
-0.06950137
-0.05152240
0.05435930
0.07681773
-0.00564289
0.01144474
0.06559266
0.06466427
-0.05979096
-0.02719872
-0.08309120
0.01628545
0.01204419
0.05822694
0.00055891
0.00893905
-0.07509603
-0.06400624
-0.02159779
-0.06110248
0.07902315
0.06364849
0.02108919
0.08227003
-0.11814354
-0.02332449
0.00073911
0.08962731
0.00338189
0.02832058
-0.01361468
0.08737411
-0.14261498
0.06051768
0.09547611
-0.06309425
0.01335278
-0.06188153
0.06680465
-0.03381763
0.00442944
0.06560358
-0.03668061
0.04777455
0.04302002
0.00423166
0.07425538
0.03295048
-0.15727995
-0.01566239
0.06366277
-0.05676828
-0.10792034
0.00446411
0.07813925
-0.06790514
0.07631406
0.03515031
0.02949040
-0.04755488
0.03433511
-0.09037497
0.03066291
-0.18706059
0.11755506
0.00885363
0.02942537
0.02957415
-0.02466788
-0.09954435
0.03819246
0.00528665
-0.01975185
-0.05370229
-0.05492217
0.03189499
-0.07884727
-0.07239155
0.03574432
0.02795605
-0.00491623
0.06382324
0.02028970
0.01517281
-0.03074464
0.02982562
0.01431259
-0.02225537
0.14802529
-0.03334048
-0.13587900
0.11360683
-0.04036818
-0.06951024
0.02071600
0.06798931
0.02173219
0.03828928
-0.04008556
0.02693221
0.15000281
-0.12185744
-0.00246602
-0.02648487
0.03307810
0.00168940
0.16748540
-0.01128586
-0.08513155
-0.06116595
0.05858567
0.06449398
-0.07022990
0.04028302
-0.03119137
-0.01121065
-0.01513021
-0.01677256
-0.02756602
0.02060521
0.01513244
-0.05770013
-0.00080019
0.02043532
0.01178908
-0.01374048
0.04887369
-0.14050573
-0.01887182
-0.08345548
0.01804932
-0.03675675
-0.01135735
0.07231262
0.08655421
0.04556034
-0.01928765
0.05734191
0.00332090
-0.00978479
-0.00701166
0.05767249
0.01612943
-0.02209063
0.02752481
0.08005660
-0.03565675
0.03122173
-0.04976132
0.04920371
0.01253766
0.05739886
-0.07605835
0.01932787
0.03818798
-0.05570067
-0.05811619
0.04389020
-0.02298230
0.06001741
0.01485062
0.10280781
-0.00342995
-0.05589431
0.05741600
0.01013318
-0.05297646
-0.03582595
-0.05913619
0.01672489
0.05676168
-0.00518377
-0.05486527
-0.03742921
-0.03962381
-0.07137831
-0.00413398
-0.11541672
0.01600014
-0.03477114
-0.12128406
0.06782822
0.06851647
0.06760858
-0.02117618
-0.08309509
-0.07026125
0.08713493
-0.01996840
-0.16216035
-0.01307572
-0.06640632
-0.09777178
0.04845941
0.05876639
-0.05197605
-0.11926561
0.01677128
0.10811003
-0.03496142
-0.00079988
0.02875615
-0.05511596
-0.04083532
-0.03210871
0.05565890
0.05719439
0.08618543
0.00745231
0.01358176
-0.02908830
0.03350665
-0.08378736
0.04357147
-0.06932063
0.10479086
0.03711698
-0.03152258
0.00744705
-0.03129974
0.00193735
0.05592359
-0.09936517
0.01526151
-0.00460983
-0.06783199
0.02075622
0.01944854
-0.06813616
-0.03620149
0.01990258
0.05967715
0.04338369
0.06248598
0.02205512
0.09791046
0.07879764
-0.03840364
0.05918831
0.02287639
-0.10752707
-0.03456643
0.01099603
0.04888403
0.08923052
-0.06031092
-0.04741128
0.09203324
-0.03541768
-0.00185664
-0.11114479
-0.02293859
-0.00645552
-0.02887529
-0.00976070
0.02068198
0.09824965
0.00431532
0.00086839
-0.05371219
-0.01957632
-0.05933023
-0.01198958
-0.07282599
0.05438437
-0.16079564
-0.01748828
0.08910003
0.07742371
-0.00966437
-0.01308884
-0.02969081
-0.00883407
-0.02208208
-0.04341327
-0.00233119
-0.07322148
0.05776738
0.00714448
0.09804820
-0.07608362
0.03365375
0.04530111
-0.04808977
-0.06510077
0.05554666
-0.05086360
0.06326179
0.01225535
0.13802142
-0.03976826
-0.04250258
0.13866004
-0.00317094
-0.02075588
-0.00637857
-0.09993613
0.04542334
0.04768522
0.01772868
0.01147543
-0.07860735
-0.00288058
-0.10622080
-0.01219666
-0.14689474
-0.01351259
-0.04528142
-0.13618340
-0.00697790
0.08083014
0.05767457
-0.01553781
-0.08971743
-0.09051441
0.06681652
0.03198040
-0.17944124
-0.01436097
-0.03927908
-0.17225637
0.11094195
0.00400150
-0.08166640
-0.12194313
0.01783624
0.10497994
-0.03362664
-0.01558841
0.01690295
-0.05958591
-0.05720915
-0.01756406
0.00998364
0.05221001
0.14292794
-0.03051043
0.03967766
0.02690347
0.04676491
-0.07202126
0.04712176
-0.11758025
0.12848148
0.08853232
-0.01988100
0.01609929
-0.05800858
0.03241199
0.03341928
-0.05787899
0.02452476
-0.04881123
-0.05189035
0.00326611
0.03444082
-0.09701646
-0.12141010
0.03088857
0.05876049
0.02334282
0.11131271
0.04306988
0.13416621
0.05171005
-0.02266800
0.13010372
0.02436041
-0.12578958
0.01530448
-0.01421625
0.00708537
0.14040224
-0.00227169
-0.02626355
0.14715470
-0.07486235
-0.03465142
-0.11172642
-0.02455233
0.01899784
-0.06396310
-0.02318188
-0.01694499
0.07501271
0.00118828
0.04455714
-0.04004406
0.01703112
-0.04212434
-0.02468872
-0.12264688
0.01503918
-0.18135954
-0.01013363
0.11239274
0.06164810
0.04350882
-0.07252332
-0.00724806
0.04184837
0.03523272
-0.05033389
0.01524055
-0.01803055
0.05922480
0.02101546
0.07765968
-0.10873246
0.02263090
0.02962175
-0.02223944
-0.03995806
-0.00761407
-0.02843665
0.04434615
0.04631236
0.05695145
-0.00691760
-0.06474281
0.06963582
-0.01655236
-0.01685842
-0.03683598
-0.03511181
0.02252804
0.05491897
-0.00622296
-0.01135287
-0.01243262
-0.08576664
-0.02103086
0.06125899
-0.07416514
-0.00060677
-0.05528652
-0.06653889
0.06617916
0.03656292
0.07015317
-0.02771852
-0.04138558
-0.04641418
0.08868076
-0.00086961
-0.14406395
0.02223646
-0.04854352
-0.05535837
0.05525186
0.06887847
-0.04140566
-0.07856378
-0.00096490
0.07283139
-0.03561876
0.05046296
0.03260821
-0.02972702
-0.05217078
-0.03591531
0.04838476
0.05192247
0.08820233
0.02444367
-0.03240471
0.02243786
0.06537821
-0.09007694
0.01636096
-0.04391222
0.08831274
0.00867544
0.01403890
0.00895664
-0.08939934
0.01522500
0.02756390
-0.06145616
0.01482299
-0.03561757
-0.08123645
0.01378926
-0.01361227
-0.04435090
-0.02284251
0.00886259
-0.01480278
0.00956829
0.01897899
0.02570514
0.09963851
0.07691753
-0.06185911
0.07068863
-0.03268138
-0.10868426
-0.02435358
0.02157368
0.00372569
0.11505888
-0.04673217
-0.02176125
0.07500751
-0.03276147
-0.00649367
-0.09609069
-0.01573487
0.00744533
-0.02007992
0.01768799
0.00729174
0.11294399
0.03371907
0.00821159
-0.04920554
-0.01360161
-0.07932332
0.00194884
-0.10293573
0.02181418
-0.13662556
-0.02641128
0.05286242
0.03385860
-0.01335199
-0.01668725
-0.00011973
-0.05655692
-0.00714813
-0.06703192
-0.01260633
-0.02763135
0.02090441
-0.00449778
0.08245052
-0.06489894
-0.01520053
0.05932092
-0.01581681
-0.01597322
0.06981566
-0.03663928
0.09294561
-0.02055868
0.13226205
0.06658345
-0.03941388
0.10001989
-0.00114363
-0.00105282
-0.00334929
-0.09988897
-0.01853607
0.08491405
-0.02060472
-0.00836273
-0.05169115
0.03508256
-0.09090751
-0.06708056
-0.14495221
0.01287263
-0.12702066
-0.16014414
-0.00721766
0.09567928
-0.01023636
0.00708399
-0.12420802
-0.02170475
0.09686598
0.00748863
-0.20096940
0.02860548
-0.07366616
-0.11007887
0.09528559
0.08309463
-0.05475615
-0.10948126
-0.03584716
0.09846643
-0.01390937
-0.00293963
0.01290566
-0.06069277
-0.03523600
-0.04885733
-0.01311373
0.03320711
0.08704102
0.06383504
0.09312152
0.06481714
0.00916214
-0.04500184
0.10427462
-0.08067037
0.15919895
0.12714997
-0.02275529
-0.04989376
-0.06776126
0.05263978
0.10607491
-0.12216125
0.06832744
-0.01897789
-0.07568570
-0.02218573
-0.00476688
-0.06924861
-0.16164768
0.06641356
0.11226106
0.03874133
0.04052546
0.07351863
0.05572971
0.02955529
-0.05657594
0.10411013
0.07025741
-0.13574658
0.03412268
-0.00983430
0.10386761
0.10592476
-0.02538461
0.01175459
0.11860210
-0.09106848
0.03339671
-0.11656824
0.02849661
-0.00971919
-0.03396212
-0.01001663
-0.02416601
0.05675915
0.02915451
0.03070124
-0.03203129
0.01548166
-0.09996051
-0.01621997
-0.06618012
-0.00955357
-0.19884323
0.00421822
0.02644027
0.05113634
0.02218473
-0.01525738
-0.06163464
-0.12921631
-0.03322803
0.00412586
-0.04654876
0.08502246
-0.00753158
-0.07347013
0.03123944
0.02443434
-0.02466806
-0.00777296
0.14801717
0.01549278
0.03487035
0.04507353
0.00871228
-0.06263289
0.11094072
0.04466201
0.03528377
-0.02166315
-0.08069731
0.02712506
-0.03674372
0.01587758
-0.07490495
0.00440766
0.01605299
-0.04962827
0.04461177
0.11973771
0.00686972
-0.16357908
-0.01595509
-0.00475008
-0.00291579
-0.08276369
0.05033997
-0.06424204
-0.06685775
0.09758487
-0.02937941
0.06885775
0.01391294
0.03911833
-0.09958647
0.07514743
-0.01780988
0.10633031
-0.06934079
-0.00097315
-0.03147439
0.02996845
-0.07772616
0.01869570
0.02189378
0.01421690
-0.02971524
0.00043452
0.10524423
0.00159529
-0.06766023
-0.07300374
-0.06514742
0.07088342
0.04074612
-0.01912935
0.00306362
0.07938884
0.07648772
0.03880303
0.08739482
0.11802817
-0.02814202
-0.08828011
0.05730450
-0.02744400
0.08044184
-0.02112711
0.02299499
0.04269829
0.05361821
-0.03718446
0.03989758
0.02010206
-0.08423547
0.08640262
0.02748509
-0.00795804
0.00095702
0.00116853
-0.05520635
-0.13388702
-0.09580923
-0.02357385
0.04268757
-0.05217292
0.07840718
0.04007983
0.12710464
-0.06673465
-0.06537188
0.02653453
-0.02103661
-0.04280975
-0.07066718
0.00497424
0.08229268
0.05217713
0.04882050
0.00193435
-0.09653531
-0.10059015
-0.09468721
0.02766878
0.06440980
-0.05029640
-0.02929681
0.11631739
0.10421530
-0.00644129
-0.06714310
0.02502579
0.01444720
0.01107654
-0.03424414
0.05173589
-0.04318170
-0.01945656
-0.09844840
0.03860666
-0.01548350
-0.04170924
0.12266901
0.02036070
0.03917011
-0.06022795
0.05626513
-0.03589633
0.01453183
-0.00314461
-0.01491486
-0.03891200
0.01352683
-0.05413866
0.06539869
-0.06787747
-0.05012462
0.05268411
-0.04349226
0.07155464
0.08961792
-0.00694538
0.07750527
-0.05622568
0.07501438
0.09160714
-0.01576712
0.00414975
-0.00779585
-0.04366361
0.05104718
0.03463900
0.02548830
0.02392753
-0.05135892
0.00359053
0.02954603
-0.00534989
0.02854276
0.00565914
-0.06771240
0.06264052
0.06165956
-0.03296889
-0.11470699
-0.03257633
0.00346202
-0.07474744
0.05584597
-0.00016456
0.00565180
0.05888856
-0.01111209
-0.00358751
-0.10902922
-0.03077474
0.00926767
0.03505886
-0.02888079
0.03039091
0.03114801
-0.09742585
-0.03683612
-0.01543880
0.09234003
-0.00862416
-0.01553782
-0.02894409
-0.05504675
0.07581881
0.02838984
0.00006881
0.05805754
-0.02214369
-0.09585900
0.05492269
0.00253196
-0.08988554
0.07260060
0.01108812
0.11210120
0.03121498
-0.07720275
0.00940083
-0.07659261
-0.06193684
0.05173868
0.07752066
0.02881896
-0.05858802
-0.01974312
0.08913394
-0.00720281
-0.01958363
0.01794658
0.00243622
-0.10124052
0.01400573
0.06196048
-0.00453068
0.11578046
0.04099552
-0.06368727
-0.00151935
0.00324949
0.01037193
-0.03666532
0.04069467
-0.08754922
-0.03116859
-0.03648299
0.01391480
-0.00194381
0.04420097
0.13339315
0.01455301
-0.05466856
0.04237728
0.03350010
-0.03674508
0.05731893
0.00758140
0.07082078
-0.05982050
0.04415610
-0.02931970
-0.05337382
0.03601739
-0.07094340
-0.05412002
0.07408288
0.00369580
0.01063106
-0.02728033
-0.01054094
0.04184746
0.04608093
-0.02975526
-0.02227009
-0.04388775
0.08032843
-0.08456349
0.08067805
0.01088568
-0.06302236
-0.03611292
-0.03325375
0.06257649
-0.00069595
-0.02070111
0.03757280
-0.04187173
0.05166340
0.01400033
-0.02892119
0.05304362
-0.02554163
-0.04864259
0.02533223
0.07766224
-0.02400784
-0.03529833
-0.01099200
-0.01291047
0.01823196
0.03413648
0.04589290
-0.00758312
-0.05284920
0.04689326
-0.03189895
-0.01300065
-0.10424947
0.00355256
0.02712862
-0.04002668
0.05235432
0.02249741
0.01069370
0.00074916
0.00360008
-0.02234197
-0.03005969
-0.06899979
0.03175638
-0.00258002
-0.00247078
-0.00136599
0.01820885
-0.03025091
0.03308908
0.00605624
0.02440789
-0.01217316
0.00136777
-0.04327830
-0.07385028
0.04171465
-0.01934958
-0.04692385
0.07253310
-0.03396662
-0.08176212
-0.00232992
0.03911629
0.03543146
0.07526801
0.02323787
0.01616424
0.08257260
-0.08963958
-0.05060523
-0.02837519
0.02575779
-0.00588660
0.03688500
0.01786742
-0.02235083
0.00519395
0.01192687
0.00629165
-0.03068722
0.01760050
-0.00520327
-0.02753818
-0.03888512
0.00288570
-0.03111181
0.08296360
0.04600148
-0.05669894
-0.00340251
0.01633960
0.02444360
0.06843744
-0.00082128
-0.04641832
-0.00204178
-0.06813657
-0.00330404
-0.02990647
-0.00941352
0.09980793
0.00982786
0.07298034
0.03377306
0.03486360
-0.02078227
0.07302599
0.00102646
0.04619076
-0.00792826
0.02656845
-0.01927055
-0.06635344
0.00983586
-0.01473069
-0.04287849
0.10082167
0.00205170
0.02002005
-0.01562856
0.03638470
0.00257312
0.01264256
0.01473928
-0.02388015
-0.02949036
0.04030232
-0.04633036
0.08623135
-0.04380721
-0.01712264
0.02764779
-0.03943755
0.09922939
0.08116712
0.04571571
0.07150216
-0.01161786
0.04651263
0.05811548
-0.00695919
0.01015045
0.00090570
0.02507074
0.01732927
0.03027161
-0.02572566
0.01051758
-0.05919917
-0.00452001
0.08341038
0.01367236
-0.00324481
0.04703729
-0.07165242
0.08615381
0.02836877
0.02275113
-0.06272432
-0.03171862
0.00949666
-0.03789231
0.04567550
0.03566222
0.04353658
0.02135672
0.00985607
-0.00049929
-0.08125019
-0.02439925
-0.02298202
0.02018347
-0.02407750
0.01527964
0.04854023
-0.05923637
-0.02605239
0.02149498
0.03894458
0.02643599
-0.04542917
-0.07785849
-0.09408645
0.03590214
0.04796994
0.04083390
-0.00368077
-0.00524105
-0.07707278
0.02522462
-0.00156024
-0.06372384
0.05732443
0.01394707
0.05448863
0.03266475
-0.03010915
0.00066093
-0.07281873
-0.05635390
0.06301159
0.01201765
0.06169175
-0.02651239
-0.05480131
0.03839418
0.01162451
0.02631285
-0.01992106
0.04880176
-0.02983342
0.01437576
0.06298549
-0.01832270
0.06730797
0.03618987
-0.02050458
0.02544802
0.04276105
0.01293470
0.02197364
0.03365048
-0.05672840
-0.02721490
-0.02330349
0.01146827
0.02536161
0.02766805
0.06546794
0.01562785
-0.04273187
-0.00368310
-0.00944852
-0.02602114
-0.00432575
-0.02890188
0.01297264
-0.03274505
0.02115230
0.04198032
0.05199035
-0.06244300
0.01760486
-0.01279610
0.07206698
0.01947229
0.08809128
-0.11772136
0.02727766
0.03192601
-0.03100388
-0.05126224
0.00355341
-0.04173262
0.06156114
0.04010671
0.07664904
-0.01703062
-0.08125599
0.08899441
-0.02771313
-0.01831344
-0.04754494
-0.04936090
0.02843470
0.06352939
-0.01649319
-0.01538318
-0.01180346
-0.09864385
-0.03599912
0.05211001
-0.10915700
0.01425824
-0.05413726
-0.06918768
0.07503490
0.06417403
0.05595360
-0.02347358
-0.05590259
-0.05481870
0.10708221
-0.02370667
-0.18077761
0.01772342
-0.04154683
-0.08536419
0.06221536
0.07792262
-0.06551533
-0.10090882
0.01089175
0.09061730
-0.03008680
0.03325891
0.04314542
-0.02384963
-0.06188862
-0.05955687
0.06154357
0.04254060
0.11403602
0.03724672
-0.02362214
0.01292789
0.06112168
-0.10789464
0.03648471
-0.04532879
0.10691696
0.01257010
0.00088775
0.00241891
-0.08229508
0.02114158
0.03650484
-0.07979313
-0.00221313
-0.00981107
-0.09491678
0.01864479
-0.00813743
-0.05513976
-0.02055365
0.02270492
-0.01312798
0.02088607
0.03607098
0.02383065
0.10052978
0.08113053
-0.06177448
0.10002318
-0.03260343
-0.11817385
-0.02822393
0.01560281
0.00445873
0.13328460
-0.06270878
-0.03963657
0.08887943
-0.02773962
-0.02999239
-0.12709267
-0.02600880
0.01407531
-0.01688704
0.01698540
0.01326679
0.13088447
0.01858658
0.00423422
-0.06287104
-0.00888618
-0.09250935
0.00276269
-0.11792827
0.03697258
-0.16984719
-0.02379402
0.07203053
0.05386341
-0.02020437
-0.01195674
-0.01363015
0.02163003
0.06828035
-0.04383262
-0.01633514
-0.00750686
0.06378938
0.04795607
0.01775763
-0.08433285
0.02387482
0.02682287
-0.04085253
-0.01151152
0.00892941
-0.06785407
0.02636358
0.00814317
0.05155719
-0.02771535
-0.06107792
0.04558970
-0.02804620
-0.00466607
-0.01413974
0.01029735
0.01463405
0.01712160
-0.01815084
-0.01107661
-0.00534797
-0.06823993
-0.00718462
0.01848353
-0.07449149
0.01083004
-0.03982318
-0.05409634
0.06628860
0.08318434
0.01557749
0.02350729
-0.05873782
-0.03837708
0.02413499
-0.04816734
-0.14402342
0.00997630
-0.03654194
-0.06477030
0.05569167
0.03323401
-0.03536694
-0.07163745
0.00463281
0.06309832
0.00862138
-0.00048700
0.03662381
-0.04241348
-0.05189216
-0.07363002
0.06286331
0.01901727
0.10175811
0.00103466
0.00286093
-0.03518932
0.01395287
-0.05234749
0.00281234
-0.01699365
0.01500797
-0.01397263
-0.02574086
-0.02111274
-0.00663200
0.00258448
-0.01688438
-0.07393162
-0.00254763
0.00531183
-0.01780340
-0.00147780
0.00950413
-0.03686040
0.01944367
0.02651681
-0.00006775
0.04685142
0.03833983
0.02472357
0.06736066
0.04013818
-0.02924163
0.03755258
-0.02029355
-0.04898913
-0.03974470
-0.00337405
-0.01604468
0.08218122
-0.01809918
-0.04534164
0.05702617
-0.02333804
-0.04515215
-0.06311199
-0.01848797
0.04263727
-0.00891295
0.01025140
0.00357398
0.09723558
-0.00748414
0.01718498
-0.02638203
-0.01432869
-0.06641136
0.00417824
-0.04970169
0.02752360
-0.10714673
0.02391689
0.05359728
0.04368419
-0.01397052
-0.02245711
-0.01524730
0.05351895
0.05599358
-0.08276413
0.04061360
0.00236662
0.04230462
0.06582988
0.10444690
-0.08735789
0.01874475
0.03538895
-0.12093171
0.04960786
0.04677400
-0.03806060
0.04463689
0.06026243
0.07742146
-0.03767221
-0.05309848
0.14125685
0.00599736
-0.01024405
-0.02845804
-0.07431013
0.01752710
0.06051679
-0.02512643
-0.00765040
-0.03426836
-0.04840992
-0.04709377
0.03794671
-0.14112604
0.00835837
-0.05833042
-0.12222704
0.03538141
0.10425151
0.02829369
-0.06766117
-0.10569804
-0.09450358
0.06506492
0.01520153
-0.19156432
-0.00130171
-0.07764261
-0.12342445
0.06710424
0.06872530
-0.10546708
-0.11239202
0.04476136
0.09985871
-0.04761935
0.03872418
0.02905220
-0.03930521
-0.07375809
-0.04997628
0.05199394
0.12223402
0.15387602
-0.04042520
-0.00694438
0.02483902
0.05422186
-0.12164465
-0.00461375
-0.06360738
0.07538250
0.03617386
-0.03943302
0.01272172
-0.12016387
0.03652209
0.05091500
-0.09911488
0.04457703
-0.03848917
-0.10657286
-0.00943832
-0.02506484
-0.09031424
-0.04617677
0.04721872
0.03881778
0.03485461
0.09058769
0.05712041
0.12880695
0.12459017
-0.04312742
0.09284230
0.00101092
-0.13795973
-0.02975389
0.02093199
-0.04860751
0.12310278
0.00841159
-0.04354637
0.10639733
-0.05664303
0.02239489
-0.08462532
0.01015585
-0.01285112
-0.09850974
0.05215669
-0.03073607
0.15144035
0.00518058
0.01438127
-0.06188032
0.03895979
-0.07044650
-0.01819894
-0.13459770
-0.01198172
-0.19903737
-0.01813287
0.10160576
0.05266255
0.02183627
-0.07662971
-0.03421689
0.04796786
0.01859804
-0.02587307
-0.00091444
-0.00963467
0.03634929
0.02162078
0.03203527
-0.09174337
0.00324973
0.01509918
-0.03139721
-0.01032994
-0.02016894
-0.03795286
0.01627874
0.04777702
0.03850538
0.00047682
-0.04827331
0.04737064
-0.00189397
-0.01732073
-0.01837965
0.01611926
0.01423678
0.03235096
-0.01307391
-0.00791729
-0.02395095
-0.06518855
-0.00729724
0.05574340
-0.04467570
-0.02243816
-0.06065028
-0.06492464
0.04891554
0.03179899
0.06483777
-0.02164771
-0.03584154
-0.02614394
0.03363144
0.00102505
-0.10260426
0.03262174
-0.04258501
-0.02651640
0.03796539
0.05530383
-0.01501044
-0.04307400
-0.02076117
0.05153498
-0.01442965
0.06716185
0.02650541
-0.03401872
-0.04937845
-0.02536948
0.04670599
0.06874008
0.07218085
0.00227538
-0.03518458
0.01011114
0.05343720
-0.06437023
-0.01322771
-0.03245439
0.02996303
-0.00083940
0.02715694
0.01033468
-0.08578872
0.00207755
0.00816195
-0.03624487
0.02967833
-0.05656380
-0.04638187
-0.00392690
-0.01294140
-0.02691326
-0.00753458
-0.01029355
-0.00095187
-0.01024178
-0.00596863
0.00959936
0.08713483
0.05725243
-0.05460487
0.03532902
-0.03908139
-0.07750256
-0.04376335
0.02697887
0.00601288
0.08647619
-0.01158038
-0.00227029
0.04190374
-0.03690078
0.02086335
-0.05632025
-0.00874850
0.01217375
-0.02227549
0.01947267
-0.01393797
0.08793093
0.04648981
0.02493248
-0.03108143
-0.03010964
-0.07484894
0.00302828
-0.07672697
0.01143902
-0.10435212
0.00920861
0.02039904
0.00765413
0.00183526
-0.03626037
0.01236002
-0.02762095
-0.03084991
-0.00231620
0.00498406
-0.02519067
0.03796502
0.04479783
-0.01221878
-0.03735648
0.04661353
-0.00123614
-0.00871479
-0.01647140
-0.03697794
-0.01538583
0.00094297
0.01763300
0.04437527
-0.07351206
-0.02062156
0.04034369
-0.02747942
0.02222849
0.03206824
0.02074604
0.03462174
-0.03007833
0.04986291
0.03580303
-0.00947847
-0.04147807
0.00552634
-0.00590910
0.02750752
-0.00927499
-0.00012560
-0.03670702
-0.01270839
-0.01705651
0.01326807
0.04092896
-0.00971627
-0.00515939
-0.03540402
0.04192729
-0.01589782
0.00961297
-0.00620902
-0.03646863
0.00880612
-0.04105403
-0.00072776
0.00067310
0.01443433
0.01152185
-0.02789307
0.03547837
-0.03708385
-0.01637137
-0.00724266
-0.03440740
-0.02497878
0.00636858
0.00811888
-0.02620814
-0.03919701
-0.00352062
0.04511852
0.01489121
-0.01067673
-0.04193597
0.00240511
0.03339525
0.01545061
0.04345147
0.01563683
-0.00157189
-0.05587230
0.03479740
-0.01566314
-0.04706892
0.02938737
0.00087664
0.06394820
-0.02611905
-0.03084035
0.01198391
-0.04703938
-0.04342844
0.03758716
0.01109175
0.03485276
-0.05728719
-0.03593859
0.04363571
-0.01016869
-0.02666095
-0.00556364
0.03282652
-0.07061011
0.04481080
0.00939841
-0.01250517
0.05498110
0.01787247
-0.03454118
0.00258884
0.00212586
-0.00046845
0.02014972
0.03844137
-0.06037111
0.01317361
-0.00497506
0.01402244
0.04608041
0.01861140
0.04622202
0.02891931
-0.05832331
0.00939189
-0.02896504
-0.01486256
0.01902184
0.00273831
0.00381287
-0.01793498
0.03162273
-0.08575911
-0.15843579
0.03074586
0.04485781
0.00264184
0.09527344
-0.03912633
0.08753080
0.03416084
0.00455407
-0.00873112
-0.07076095
0.03522909
-0.06569548
-0.07203051
0.05013100
-0.00149546
0.11620383
-0.02439863
0.01035343
0.07092717
-0.15702601
0.11244667
0.09026896
0.03410172
-0.02721149
-0.03043031
0.02436561
0.06745926
-0.01370665
0.02496488
-0.05121587
-0.01985709
0.03082083
0.02986883
-0.06059387
-0.03356203
-0.04590566
-0.01601568
0.02554236
0.01870265
-0.03516753
0.03725419
0.03781262
0.13491036
-0.02521111
0.04369539
-0.08574092
-0.05385903
-0.03600428
-0.02984493
0.01364304
0.08960522
-0.02642380
0.06718192
-0.02398801
0.13843915
-0.12904508
-0.02815750
-0.01101956
0.07544378
-0.04032456
0.01906757
0.00559310
-0.07832514
-0.04340044
-0.00468859
0.07836461
0.02937426
0.07096603
-0.10480795
0.01740771
0.15052854
0.08298454
-0.05101798
-0.13839951
-0.02986844
0.02077132
0.02096736
0.03589911
-0.13602892
0.02910722
-0.03181053
0.06918554
0.01005737
-0.05254282
0.06642765
0.00457870
-0.20003361
0.11343183
-0.00831210
-0.01652332
-0.04019050
-0.08586107
0.14564170
-0.03144296
-0.09275573
-0.00542667
0.06581124
-0.01156798
0.07354611
0.00542446
0.05222714
0.08048100
-0.00444899
-0.00637388
-0.00323133
0.07131048
0.00683415
-0.02266699
0.07856543
-0.10211126
-0.06096939
-0.00379509
0.00626689
0.07170445
0.07421247
-0.00900800
0.09144666
-0.10016376
-0.07580226
-0.12516017
-0.05636248
0.09635844
-0.03857542
0.05039150
-0.03419688
0.00529471
0.01483739
0.02597662
-0.06062547
-0.00923834
0.02078776
0.04618302
0.05337980
0.01994022
-0.03773662
0.01197463
0.00250237
-0.11883226
0.04752192
0.02004696
-0.07887003
0.01661665
0.03848097
0.03262466
-0.02524128
-0.03792873
0.05060009
-0.02776135
0.03470827
0.00576147
-0.00323313
0.00210794
0.00912184
-0.04000429
0.00544102
0.02657227
-0.04366568
-0.00412918
0.03748501
-0.07204986
0.02502206
-0.04031859
-0.05869844
0.03061481
0.07977884
-0.02280680
-0.00090212
-0.07759089
-0.04115294
0.02058156
-0.02948466
-0.09949892
0.00947053
-0.03269428
-0.05326034
0.00482843
0.04448914
-0.05052948
-0.03538137
0.01242269
0.07120743
-0.00245683
0.03464557
0.00737553
-0.02362513
-0.07731442
-0.05349216
0.05225522
0.05730339
0.09459155
-0.02833840
-0.03846137
-0.05488000
-0.00072190
-0.08547798
-0.00695188
-0.01805551
-0.00243322
-0.01271888
-0.01803272
-0.04138595
-0.07415575
-0.00864210
0.00679952
-0.04817713
0.02360136
-0.01278581
-0.01563022
-0.04210995
-0.01056964
-0.01996862
0.02517160
0.03795665
0.02265394
0.01190264
0.07574094
0.00050253
0.03979615
0.07814649
-0.03080396
0.04028802
-0.01267148
-0.03138003
-0.07740262
-0.01201277
-0.01074115
0.06309284
0.02918349
-0.03598372
0.03601781
0.01431911
0.02378661
-0.03899918
-0.01969909
0.04088437
-0.07099332
0.04064922
-0.00441324
0.09043755
-0.00551089
-0.01013715
-0.03364048
0.01373983
-0.05919829
-0.00916914
-0.06899624
0.02219903
-0.08260415
0.03248935
0.08657960
0.00974116
-0.01087387
-0.05238543
-0.00902425
0.01304826
0.04366011
-0.02676542
0.03400589
-0.09391731
0.04821517
-0.00869264
0.08601286
-0.07408484
0.03214641
0.05074675
-0.04659361
-0.06956581
0.03103102
-0.01460779
0.07643948
0.01931582
0.12515743
-0.02836613
-0.05784838
0.10915802
0.01188598
-0.04080492
-0.01788162
-0.10570986
0.02988666
0.04856500
0.01235198
-0.03220487
-0.05501845
-0.03350719
-0.08948677
-0.01328778
-0.11566343
0.00419344
-0.03885888
-0.11402915
0.04176399
0.04549323
0.07374369
-0.04298521
-0.07355785
-0.09343059
0.10261103
0.00047172
-0.17227322
-0.01607547
-0.04607427
-0.14874148
0.07635128
0.03918673
-0.06164091
-0.12449969
0.02373013
0.10999989
-0.04780028
-0.00823933
0.01689149
-0.06131560
-0.03400306
-0.00855128
0.04098492
0.06343250
0.10871214
0.00006186
0.01659153
0.00912941
0.04650981
-0.08919932
0.06277537
-0.08447257
0.13197598
0.06805416
-0.00884450
0.02106980
-0.03395751
0.03253122
0.06792168
-0.09413664
0.00273749
-0.03290604
-0.07168413
0.02795481
0.03261810
-0.11693825
-0.08036170
0.03460696
0.04702096
0.03716444
0.07653336
0.04586751
0.11041534
0.07318428
-0.02407640
0.09609263
0.01148450
-0.14294091
0.00077789
-0.00356001
0.01337961
0.10335904
-0.05014338
-0.02927830
0.12977539
-0.05280543
-0.03427498
-0.11048177
-0.01919946
-0.01600536
-0.01442655
-0.00665781
0.00608139
0.08617969
0.00586012
0.00710207
-0.05107456
0.02105902
-0.05691092
-0.01509508
-0.09759020
0.04675588
-0.16644248
-0.03170501
0.10371622
0.07694768
0.03049115
-0.01687468
-0.01960164
0.00040487
-0.07682733
-0.01303561
0.01489053
-0.01244949
0.05218010
-0.01808281
0.09430208
-0.02913522
0.02620997
0.02402073
-0.06477266
-0.01305581
0.07497895
-0.02568727
0.04309784
0.02142479
0.09288181
-0.04149142
-0.00692150
0.12396445
0.02779980
-0.02605414
0.01749012
-0.13950901
0.05761759
0.05618543
0.01256729
0.03168419
-0.04198569
0.04930499
-0.11163474
-0.03916204
-0.12214556
-0.00522908
-0.01853123
-0.11755195
0.03907870
0.08618192
0.02765912
-0.03974978
-0.08141601
-0.03437579
0.04286293
0.03656916
-0.11417012
-0.00898909
-0.02236980
-0.12637484
0.07406545
-0.02671482
-0.06851485
-0.11743473
0.00788972
0.10691455
-0.03394786
-0.02741548
-0.00526464
-0.03532721
-0.07688938
-0.03089132
-0.00386119
0.05818702
0.09603508
-0.01150888
0.04070282
0.02913704
0.06027822
-0.06317618
0.03660754
-0.11939648
0.15073982
0.12467656
-0.00778988
0.01315422
-0.00661444
0.06171428
0.04474656
-0.01028782
0.03453672
-0.08308740
-0.03148979
-0.01878757
0.04317903
-0.07127934
-0.16519606
0.03937602
0.04953805
-0.01580263
0.12134977
0.03174174
0.11773881
0.00825615
-0.04315116
0.13706835
0.04063836
-0.09420972
0.02430641
-0.01205887
0.01962810
0.11220179
0.01898877
-0.04038595
0.14848293
-0.00895563
-0.03563427
-0.11091119
-0.03416205
-0.03871780
-0.08939182
-0.00295129
-0.03374335
0.05878060
-0.00487911
-0.00181214
-0.05376036
0.04920409
-0.04713320
-0.04008391
-0.12127940
0.04647942
-0.16027592
0.01357721
0.07812533
0.05188981
0.07052987
-0.05655295
-0.02565487
0.02852503
0.02842664
-0.02633227
-0.00552985
-0.04635181
0.07987717
-0.00385051
0.08948892
-0.12266233
0.04137525
0.03638712
0.00470092
-0.10522342
-0.00410559
-0.04911966
0.05838450
-0.00483650
0.09382880
-0.03518989
-0.08102455
0.10323938
-0.01914776
-0.03369248
-0.03284644
-0.07224445
0.05317501
0.00536484
0.01645136
-0.00596054
-0.04138819
-0.09981727
-0.06991129
0.01965947
-0.09589075
-0.00129487
-0.02249429
-0.07845422
0.04593132
0.02597610
0.06395017
0.00471350
-0.03578883
-0.06770130
0.12402955
-0.03353407
-0.17708944
0.00067135
-0.04163867
-0.10619520
0.08339278
0.04746407
-0.04375218
-0.10704890
-0.02684654
0.10245766
-0.04247922
-0.00312071
0.02394498
-0.02374640
-0.02771718
-0.03126749
0.05110754
0.02823234
0.10275590
0.01916187
-0.00251742
-0.00181222
0.07135211
-0.10077889
0.07134827
-0.03682812
0.13288388
0.04179611
0.01963847
0.00138301
-0.05284438
0.00748331
0.03722163
-0.05540265
-0.01697700
-0.02244565
-0.07788417
0.00965472
0.04920249
-0.06829825
-0.04266980
0.02531555
-0.01488537
0.03580393
0.05343995
0.03063422
0.09342335
0.03460437
-0.02886735
0.11512865
-0.05102168
-0.12744628
0.00942395
-0.01602178
-0.00262657
0.13672638
-0.07234970
-0.00528266
0.12668703
-0.04419699
-0.07934819
-0.14679128
-0.05152091
0.03641507
0.01723642
-0.03227197
0.00463147
0.09446257
0.00934034
0.04163132
-0.06162670
-0.02167056
-0.07093231
0.01251114
-0.10865990
0.05288806
-0.13390908
-0.03865826
0.10857820
0.07899712
-0.01403768
-0.02028111
0.01309294
-0.00573501
-0.04733743
-0.00402121
0.01624987
0.00508518
0.02927140
0.05048165
-0.01663409
-0.01609313
0.05036153
-0.01512494
-0.02677849
0.02937045
-0.01345041
-0.02224332
-0.02396948
0.05028585
0.00793917
-0.05838066
-0.01107557
0.04774978
-0.01081333
0.02595560
0.03996970
-0.00775229
0.04249163
-0.01922245
0.04078202
0.04884151
0.02338772
-0.03233021
0.03242914
0.01387018
0.04663377
0.00400008
0.00354980
-0.01421733
0.02980384
-0.01269086
0.00819164
0.00770145
0.00070134
0.00631428
-0.02707496
0.01722569
0.02562710
0.01023930
0.00173936
-0.00554734
-0.01940249
-0.02721576
0.01436731
0.00856313
0.01838092
0.01795393
-0.01846159
0.02449362
-0.03134437
-0.00354405
-0.03111427
-0.04078336
-0.01686569
0.02253618
0.01268941
-0.03403320
-0.07549972
-0.00569800
0.04317573
-0.00526384
-0.03884302
-0.03336414
-0.00375469
0.02054228
0.01318896
0.04012010
-0.01091765
0.01823147
-0.04732974
0.03831644
-0.00197204
-0.08182982
0.03322874
-0.00085520
0.03918356
-0.04332764
-0.02200854
0.03380297
-0.05817848
-0.04005643
0.03907837
0.01356827
0.02948770
-0.02747544
-0.04041428
0.03997077
-0.00856978
-0.00164514
-0.01643549
0.02001380
-0.08839087
0.02674158
0.01971249
-0.02364972
0.04112411
0.05124209
-0.00838881
0.01267473
0.00622723
-0.00390004
-0.02232867
0.08466230
-0.05168391
0.03785314
0.01557458
-0.02817193
0.03251619
0.04156657
0.03247647
0.01140335
-0.05182903
0.01440000
-0.03646174
-0.01730996
0.02681223
-0.01713520
0.02225499
-0.00717751
0.01086827
-0.13569660
-0.22711188
0.03419597
0.02283224
0.00168722
0.10628221
-0.07846917
0.09813707
0.03998526
-0.04902320
0.06458071
-0.07018594
-0.00166798
0.03805252
-0.10453495
0.12801494
-0.14157872
0.19032854
0.06259537
0.01417231
0.05940405
-0.15038125
0.09088041
0.04257008
-0.09897552
-0.06417734
0.01880888
0.00870699
0.05684055
-0.03438926
0.18484631
-0.20613852
-0.19424687
-0.07774224
0.07560749
-0.09540590
-0.13252693
-0.06637277
0.08012102
-0.01836874
0.05556819
-0.08661053
0.01512517
0.01924258
0.16120672
-0.08354700
0.03369022
-0.18838245
-0.00096567
0.00696665
-0.04735433
0.05131489
0.00911516
-0.05575589
0.13652153
0.00086673
0.01703482
-0.12786169
-0.13369296
0.00222692
0.01676734
-0.04306877
-0.01022396
-0.02201056
-0.08882031
0.10833467
0.04136463
0.04221470
0.00008157
0.15698113
-0.21373315
0.09012593
0.23743300
0.03456976
-0.13456467
0.04458554
0.01572511
0.01878953
-0.02595050
0.10323468
-0.03514198
0.04890160
-0.04456618
0.08641805
0.15563138
-0.18770207
0.08733527
0.07754271
-0.16795169
0.15277618
0.05874777
-0.00595879
-0.10193148
-0.04586607
0.17382172
0.06312551
-0.14804564
0.01831132
0.03242477
0.07336863
0.03883948
0.04806833
0.00840545
0.14121737
-0.00062676
-0.03183062
-0.08495969
0.07880256
-0.03004980
-0.04182497
-0.02219028
-0.09911353
-0.09867963
-0.11008944
0.02192121
0.02911212
0.01290675
0.06959695
0.07179159
0.00253894
-0.05321275
-0.12142321
-0.04568999
0.14909500
0.02571109
0.15151003
-0.04347293
-0.00387233
-0.06376953
-0.12604050
0.05896477
-0.06285211
0.00845280
0.07128740
-0.04296306
0.07692748
0.08021493
-0.02060236
-0.01373211
0.02469087
0.00733396
-0.06388500
-0.00152782
0.12864353
-0.09190638
0.14783569
0.04441034
0.00595970
-0.03958937
-0.12069707
0.08018524
-0.01576494
0.07303177
0.00727809
0.01405001
0.04323533
0.03579986
-0.07755245
0.11408990
0.02952403
-0.10802567
0.03894095
0.03028344
-0.00687773
-0.05438514
0.01978828
-0.01738732
0.00577021
0.07702851
0.02935635
0.04875779
-0.05316178
0.15357243
-0.05673751
0.08480636
-0.09539844
0.03731048
-0.04766241
-0.02799346
0.03922369
0.10022924
-0.01867788
0.00557138
0.02142232
0.05297283
-0.12861055
-0.13697939
0.02228757
0.00822761
-0.02872090
-0.03333721
0.02912848
-0.09954042
0.05507790
0.03525490
-0.00644451
-0.00168282
0.03362143
-0.10736005
-0.10893105
0.10382975
0.01253433
-0.07800709
0.03312712
-0.06047864
-0.05606394
-0.05120121
0.00451050
0.03982498
0.05712769
0.03225751
0.00375485
0.19953184
-0.05258826
-0.00701889
-0.01519617
-0.08415138
0.05985412
0.04276731
0.00042452
-0.06635235
-0.03324233
0.06267476
0.04939690
-0.03543558
0.00000702
0.02707364
0.03964461
-0.01227236
0.02608043
-0.03450472
0.05814079
0.04660208
-0.06823780
0.06215916
0.07890228
-0.01416919
0.04312479
0.08039127
-0.10597211
-0.11726840
-0.09026751
0.01444515
0.08619755
0.04212004
0.07511149
0.08537204
0.06952693
-0.04264206
-0.03718848
-0.01654718
0.10334992
-0.02644330
0.05149929
0.01970156
0.02412488
0.02285327
-0.01176673
-0.04599809
-0.03308769
0.02985434
-0.01218479
0.02669472
0.04024753
-0.05170763
-0.00446025
-0.00185248
-0.04235451
0.08351436
0.09175251
0.02151793
0.00347545
0.02955361
-0.00622711
0.03645289
-0.00888007
0.04977458
0.04052950
-0.02595378
-0.00354805
-0.05843716
-0.00648844
0.08361623
-0.02607549
0.00519700
-0.04129634
0.01486735
-0.01330543
-0.02452178
-0.05500123
-0.04683539
-0.03179997
-0.07914541
-0.00497861
0.08720279
-0.03017776
-0.02625709
-0.07323413
0.00279295
-0.01890497
0.03817664
-0.11203249
0.02018785
-0.02796444
-0.01930291
0.07434084
0.03329091
-0.06617726
-0.06455009
-0.01673062
0.03657686
-0.03386399
-0.02393492
0.00739441
-0.04272312
-0.04060161
-0.03492758
-0.01204486
0.03978077
0.05168054
0.00876440
0.08187973
0.06933524
0.02539375
-0.00579498
-0.04145099
-0.05907160
0.05286017
0.04724398
-0.03052775
0.02556747
-0.01462315
0.05368331
0.01757194
-0.03768977
0.05721972
-0.03080061
-0.03671490
-0.03432311
-0.02660588
-0.00192733
-0.12048069
0.01743634
0.05538948
0.00849291
0.02264593
0.06259035
0.09033616
0.01039069
-0.04672343
0.04591989
0.06036540
-0.02547552
0.03798653
-0.00432174
0.03796893
0.03339936
0.04374473
-0.02755801
0.04393604
-0.04196041
0.04275139
-0.04130831
0.01105436
-0.03323050
-0.05669783
0.01346779
-0.03992103
0.04445400
0.03149289
0.06821869
-0.01332445
0.00616681
-0.04822079
-0.04979366
-0.03472589
-0.00478572
-0.08406539
0.02261107
-0.03407268
-0.01194175
0.02259270
-0.04434735
-0.03950066
-0.08399393
-0.21822673
-0.00292442
-0.07195023
0.01792066
0.09623175
-0.01716184
0.15749346
-0.01036863
-0.00679838
0.02784560
-0.07824429
-0.00741680
0.02837975
-0.08294974
0.12768982
-0.09550782
0.22302711
0.02535712
-0.03625375
0.13747188
-0.05282575
0.04461802
0.03815616
-0.09005761
0.09184894
0.02060040
0.01521894
0.07950455
-0.08313206
0.11875545
-0.10243493
-0.09698732
-0.12261689
0.06536715
-0.09510326
-0.22829404
-0.05318382
0.10514407
-0.06853022
0.04437423
-0.10446793
-0.00953330
0.02939130
0.12899543
-0.16404209
0.05249145
-0.14079680
-0.02360541
0.04864831
-0.02273045
-0.04623643
-0.06406105
-0.05460071
0.12651652
-0.03805770
0.06831207
-0.05291374
-0.10343619
-0.05449124
-0.02804928
-0.02930308
0.07584823
0.12274892
-0.04376695
0.11511184
0.14288300
0.03824784
-0.06965459
0.11133465
-0.20198774
0.12642248
0.18280374
-0.02927998
-0.07387947
-0.13444301
0.02620849
0.01274680
-0.04638869
0.07015178
-0.08623920
0.00682200
-0.04570159
0.04469470
0.02958965
-0.19531974
0.08950316
0.06482374
-0.05642533
0.14188451
0.07100197
0.04703470
-0.03204793
-0.05518620
0.16232152
0.04086725
-0.14615315
0.02668332
-0.00058090
0.03775413
0.07926580
0.05997316
-0.02870508
0.17126335
-0.02205898
0.00314012
-0.08416715
0.08163659
0.00707314
-0.10143157
0.04993653
-0.15247649
-0.01695744
-0.03920841
0.04682581
-0.00329580
0.10847452
-0.00349773
-0.00269317
-0.10299492
-0.05146192
-0.20611803
-0.03295889
0.15219806
0.02570497
0.09124774
-0.01969879
-0.01835965
-0.02034454
0.03168602
-0.01400608
-0.01652950
0.08531342
0.04565013
0.02264184
0.05759637
-0.04573413
-0.02083038
-0.01891045
0.05260941
0.03355831
0.02652207
0.01151705
0.00247479
-0.03244850
0.02477542
0.06747135
0.01436738
0.03162557
-0.06040998
-0.00827198
0.00765944
0.08588503
-0.07926450
-0.04116962
0.00974921
-0.02695736
0.00074076
-0.01216053
0.00895085
-0.06236238
-0.00203651
0.00058954
-0.05104589
-0.08637313
-0.02254961
0.02379316
-0.00358727
0.06569897
-0.03855436
0.04595260
0.03548039
0.01246647
-0.10563435
0.08182111
-0.08372342
0.05501759
0.01587252
0.04187195
-0.04341356
0.02858721
-0.07124956
0.04783674
-0.02147037
0.02746556
-0.03604361
-0.00970841
0.06136105
-0.02381876
-0.00945927
0.00533022
-0.01990070
0.05767704
0.07007311
-0.00273441
0.03880652
0.03927762
0.01482962
0.03777237
0.03739605
0.09394888
0.01857694
-0.07407778
0.00492298
-0.04990804
0.01817171
-0.03375395
0.01493621
0.00666323
-0.00661445
-0.06356610
0.04654610
0.03093942
-0.07234450
0.04093077
0.04593107
0.00576278
0.02970362
0.02488550
-0.01934005
-0.07743819
-0.09263860
0.03390508
-0.00645551
-0.06432126
0.04301419
0.04073263
0.08196924
0.02082476
-0.05812957
0.04926870
-0.03883367
-0.04893457
-0.00409362
-0.02972087
0.06379679
0.01008172
0.04684756
0.00866020
-0.08867099
-0.01700238
-0.03685136
0.06673482
0.07534262
-0.03150291
-0.03271462
0.07939178
0.02591243
-0.02039914
-0.06983430
-0.04216326
-0.02739941
-0.01152084
-0.01499564
-0.00318074
-0.03993674
-0.05633356
-0.09167460
0.01088446
-0.08848059
0.02015160
0.04551195
-0.02100497
0.08673750
0.02881438
-0.02307799
0.03517206
-0.02442770
0.00797346
0.01694102
-0.03644540
0.09450393
-0.08478915
0.10063636
0.07900228
-0.02068347
0.01795623
-0.05478570
-0.00821130
0.00266634
-0.02031355
-0.01464130
0.05632532
-0.01594019
0.02167761
-0.11712588
0.09885162
-0.04369599
-0.07166351
-0.02631106
0.01937140
-0.06477847
-0.13346222
0.02743210
0.09489670
-0.03569980
0.06565526
-0.05480825
0.02117694
-0.00570745
0.08028429
-0.13894002
0.05875322
-0.10299953
0.01921969
0.05333478
-0.02988974
-0.03667637
-0.00913787
-0.07833039
0.07227274
-0.02740354
0.04164561
-0.03689164
-0.11953744
-0.01059261
-0.02080309
-0.00515548
0.00347290
0.03340655
0.01109043
0.13610974
0.10467575
0.01212610
0.01222251
0.06851553
-0.16058744
0.04044442
0.10344635
-0.04047186
-0.08227516
-0.02874762
0.00806219
-0.04125735
-0.06548810
0.05976418
0.02265007
0.01792938
-0.03696468
0.00658715
0.10821254
-0.16968873
-0.00553813
0.08209427
-0.01326332
0.04515699
0.03483022
0.00602656
-0.03659199
-0.04501450
0.07883150
0.05451978
-0.07529859
0.04090672
0.01763953
0.12739606
0.02037970
0.00563993
-0.04452127
0.06010331
0.00089149
-0.00395210
-0.05728089
0.10852443
0.01522525
0.01892670
0.02696511
-0.10431015
-0.03325187
-0.02939655
0.07278330
0.02916785
0.02975771
-0.03430473
-0.01204145
0.00353306
-0.05174950
-0.12771468
-0.02133817
0.08007167
-0.01962336
0.03579903
0.03047676
-0.02187903
0.01142234
-0.01355295
0.04270748
-0.07556142
0.01042858
0.02682221
-0.05330915
0.12713851
0.01259180
-0.02966390
0.10716409
-0.01035261
0.04334650
-0.06324218
0.00919191
0.18206999
-0.05767860
0.15414143
-0.07877423
0.06090400
-0.02984536
-0.09060439
0.12899606
0.04883057
-0.14635436
-0.19565703
0.02363878
-0.06899013
-0.00638181
0.03320980
0.07253493
-0.03704566
0.00048941
-0.10191323
-0.00058607
0.00186526
-0.04234404
-0.00845389
-0.04128032
0.04810189
0.05115505
-0.05393719
-0.06326207
0.00684987
0.06713421
-0.03921979
0.01311619
-0.00092321
-0.02556948
-0.04321726
-0.00489862
0.02097727
0.03980143
-0.01373521
0.03921824
-0.00753440
0.03604537
-0.01296264
-0.13345988
0.06559740
0.02736394
0.09320838
-0.03700447
-0.01128612
-0.09050503
0.02724034
0.04169688
0.01133548
-0.00730031
0.02132482
-0.13186480
0.05665057
0.05179005
0.12472628
-0.04031589
-0.08315352
0.05497702
0.01298066
-0.05644303
0.11190987
0.05726703
-0.06180497
-0.02348768
0.07625096
0.04182184
-0.09484114
0.07252543
-0.02092707
-0.07139518
0.08539985
-0.05659731
0.05060254
0.03944521
0.00744534
0.09056433
0.00502534
-0.10945033
0.05044319
0.11071303
-0.05490612
0.02188629
0.09882845
0.00101903
0.07005028
-0.03005916
-0.02864476
0.01616228
0.04269164
0.11871461
0.07060086
-0.00547498
-0.04728463
-0.01448970
-0.08821946
0.01188528
-0.02710771
-0.06991803
0.00703396
0.03695651
-0.00597794
-0.03512825
-0.10915016
-0.04459190
0.16236238
0.02297748
-0.02409561
-0.04303343
0.06902102
-0.00148169
-0.04864902
-0.02402304
-0.08631559
0.00319231
0.01955759
-0.00509969
0.06457715
-0.08088021
-0.03623230
0.03074876
0.02161868
-0.00015720
0.07984082
0.00477061
0.08346436
-0.13173158
0.06371932
0.11417291
-0.04277238
0.01141463
-0.00288427
-0.00844195
-0.03830591
-0.07620861
0.03281266
0.02539362
0.01601220
0.00827507
-0.08088049
0.10650175
-0.03626606
-0.13643023
-0.04464870
0.02156117
-0.04827174
-0.13168155
0.01638196
0.11246016
-0.03563189
0.04586489
-0.01977649
-0.00989571
-0.02382512
0.04077701
-0.13564393
0.01087664
-0.15259778
0.03860901
0.07424424
0.01117029
-0.00449149
-0.07525481
-0.03548063
0.06393814
-0.02536445
-0.06671498
-0.01054136
-0.08499350
-0.00146644
-0.06609292
-0.03623393
0.04420943
0.03908755
-0.01464064
0.11575113
0.05484262
0.00553888
-0.02123127
0.01049834
-0.05919888
0.01229572
0.12558742
-0.05746758
-0.07431028
0.12542336
0.04222777
-0.05909896
0.00314745
0.10238879
0.02362005
-0.00240029
-0.03308354
-0.00772319
0.11864656
-0.18312196
-0.04215295
0.05644199
0.04313873
0.00405733
0.13611075
0.08550695
-0.01828077
-0.01197225
0.05943662
0.08026382
-0.07039465
0.04871340
-0.03975881
0.03098856
0.00397353
-0.00909388
-0.05379737
0.06195559
-0.00034038
-0.03504756
-0.05339514
-0.00567862
-0.03850862
-0.01304291
0.00971807
-0.11134481
0.02958862
-0.02564927
0.04117872
-0.08533911
-0.04894586
0.05226241
0.00749649
0.03839207
-0.01615167
-0.00383901
0.01353689
-0.01690318
0.00633890
0.10861304
-0.02450815
-0.02164953
-0.07992993
-0.10580456
0.06999101
-0.05677621
-0.02189292
0.08357914
-0.06775977
0.02450131
0.03276388
-0.06806973
0.00187148
0.05333881
0.00066796
-0.06076787
-0.04127063
0.11803301
-0.11307472
0.14652839
0.07525373
-0.01953615
-0.04018461
-0.17601402
0.09250060
0.01093356
0.06191589
-0.10227025
-0.02414162
0.04874169
-0.01255742
-0.05866706
0.10613281
-0.05609842
-0.12148272
0.04581481
0.09372535
-0.04100490
-0.02042478
-0.03527135
-0.04575019
0.02188429
0.07711189
0.02705295
0.05647997
-0.01732822
0.11167672
-0.06186372
0.07390033
-0.13451536
0.02584567
0.00773724
-0.03851404
0.06426092
0.09586286
-0.01940124
0.00863856
0.02936344
0.02045711
-0.10817992
-0.14488928
0.08313074
0.05606977
-0.02627219
-0.05000109
-0.05399773
-0.06945813
0.09165394
0.02530320
0.00051953
0.07485230
0.06406140
-0.10673478
-0.09145725
0.12002426
0.02788944
-0.10369785
0.07774405
-0.07899325
-0.06582458
-0.02765557
0.04547422
0.10037793
0.08789569
0.01139916
0.03875510
0.17895733
-0.09396310
-0.00382589
0.04529145
-0.07082382
0.02407131
0.01336651
-0.03421336
-0.08594207
-0.00584865
0.03650982
0.03351332
-0.03944057
0.01439653
0.03353602
0.06440525
-0.06457663
-0.04682772
-0.00568043
0.03357449
0.01691286
-0.06560783
0.02112142
0.09376808
0.01634207
0.12204476
0.01903603
-0.07912818
-0.09766199
-0.08029216
0.01802645
0.09466805
-0.01842520
0.05810094
0.09004483
0.12209859
-0.03241103
-0.03616734
-0.06802592
0.08553415
-0.02969746
0.06424373
0.02287013
0.02455737
0.03287023
-0.01875573
-0.07372998
0.01723510
0.04365163
0.02488393
0.05700819
0.06718726
-0.04342727
0.00673780
0.02389324
-0.09709457
0.06343792
-0.00797205
-0.06784874
0.02776729
0.05619452
0.00491164
-0.02896999
-0.02637571
0.08622331
-0.02681694
0.06733613
-0.00177323
-0.03020461
0.01260663
0.02628172
-0.03242504
0.04010724
0.01232684
-0.04726391
0.00783085
0.07773707
-0.07148385
0.01945133
-0.06199798
-0.03868334
0.03992543
0.04376329
0.02792314
-0.04713771
-0.04896646
-0.05312762
0.03152668
0.02385250
-0.10624277
0.01540224
-0.04403545
-0.05851061
0.01340479
0.04561638
-0.03610439
-0.00553256
0.01842085
0.04417044
-0.03018525
0.07996518
0.01192947
0.00789808
-0.08209534
-0.03715238
0.03307935
0.08430836
0.11429375
-0.03243395
-0.08098816
0.01055994
0.05402813
-0.11255276
-0.01891577
-0.02971283
0.02269442
0.00872754
0.02790654
-0.02900175
-0.15310223
0.02163091
0.01768794
-0.02944924
0.05870619
-0.05068023
-0.06552620
-0.03748377
-0.04661047
-0.03991643
-0.01376426
0.02610023
-0.03700875
-0.04297851
0.04414906
0.00403059
0.07563369
0.09145492
-0.06223804
0.05442018
-0.05540554
-0.07227595
-0.03882369
0.02217675
-0.06526699
0.09133225
0.02339726
-0.00170964
0.06305552
-0.00370050
0.01785298
-0.02891296
0.00530529
0.02427720
-0.06419863
0.06557394
-0.03041882
0.14103915
0.02160119
-0.01627281
-0.05531339
0.02513277
-0.07949014
-0.00409489
-0.11301555
-0.04346287
-0.10403007
0.00268716
0.06803174
-0.01382401
0.00234629
-0.07143272
-0.00517123
0.02758341
-0.11544478
0.06206222
-0.04806111
0.02297444
0.09270164
-0.03870109
0.08672839
-0.04309500
-0.01644399
-0.00180521
-0.00035363
-0.00696808
-0.05678160
-0.03177788
0.09308781
-0.11530931
0.10626663
0.03031082
-0.01795115
0.00368454
-0.15087435
0.03955271
-0.02350183
0.05770314
0.01905134
0.00513634
0.02945063
0.02769964
-0.07080935
0.06095001
-0.00251037
-0.10322401
0.02796073
0.02563917
0.01070928
-0.04252911
0.02831825
0.03486449
0.02636993
0.07749067
0.01606482
0.02876881
-0.04452984
0.13716964
-0.06779911
0.06435221
-0.13466428
0.05676210
0.01201336
-0.04104677
0.04614460
0.05907126
-0.00917225
0.04439853
0.01218781
0.00734062
-0.07771345
-0.13509291
0.00653194
-0.02336507
0.00564400
0.00472553
0.03258981
-0.13083251
0.06487169
0.05361241
0.04448848
0.01365892
0.00623439
-0.11484716
-0.08296780
0.09244236
0.02398180
-0.05626582
0.08633901
-0.00719105
-0.12288756
0.01740571
-0.00563191
0.04315837
0.03634879
0.01397540
0.05105353
0.17575097
-0.06436639
-0.00395734
-0.02580530
-0.11881482
0.06771179
0.06382243
0.09489759
-0.06306554
-0.02707340
0.08720074
0.02872507
-0.06506329
-0.01182496
0.03724575
-0.03147603
0.00303123
-0.00079817
-0.04105008
0.06291504
0.02075357
-0.09836615
0.01247472
0.05840671
-0.01276130
0.02008885
0.03996553
-0.10675123
-0.02189893
-0.09719793
0.05281604
0.03764677
-0.03757927
0.06330813
0.09842037
0.04398071
-0.02736329
-0.02132735
-0.05284915
0.08666299
-0.01120185
0.08946266
0.01464127
0.05743366
-0.00126003
0.01680257
-0.03243778
-0.01182779
0.04412689
0.02650519
0.03628159
0.02642226
-0.04262398
0.00533509
-0.02177647
0.02034096
0.03330498
0.02959684
-0.00534863
0.00095086
-0.00930942
0.01052141
0.03409425
-0.00832773
0.02079687
-0.02888408
0.00440636
0.00673876
0.02194889
-0.02935822
-0.00439116
-0.00364900
-0.00131207
0.01205130
-0.02850669
0.01451010
-0.02489034
-0.00871857
0.00138132
-0.03269695
-0.04176874
-0.02063246
0.01472592
-0.01076372
0.02235971
-0.01513134
0.02182763
0.00670373
0.00520439
-0.05987230
0.03805589
-0.05851313
0.01806797
0.02327401
0.04096108
-0.01882038
0.00551367
-0.03720096
0.01424220
-0.02377736
0.00355749
-0.02627187
-0.01179887
0.01670542
-0.03026271
-0.01200580
0.01088390
0.00502105
0.02430755
0.03375912
0.00035821
0.02983152
-0.00158870
-0.00902323
0.02125217
0.01863419
0.03824870
-0.00185355
-0.03706577
-0.02278987
-0.01400435
-0.00025837
-0.01612209
0.03851506
-0.01589708
-0.01743641
-0.03774808
0.01215997
0.02021607
-0.05592890
0.02687318
0.02143801
0.01672065
0.01868900
0.03567267
0.00549749
-0.01967539
-0.04858540
0.03041286
0.01828831
-0.02791597
0.01976899
0.01891370
0.02138599
0.01813697
-0.01064383
0.01377951
-0.00662911
-0.00846531
0.00126417
-0.03055725
0.01617656
0.01093410
-0.00273828
0.02398998
-0.04323441
0.02163173
-0.00312006
0.02606856
0.02182996
-0.01649129
-0.00687500
0.02782851
-0.00023400
0.00486797
-0.03061671
-0.01815155
-0.02076704
-0.00818518
-0.01975640
-0.02917006
-0.01869313
-0.00956354
-0.09767688
0.00787996
-0.06183279
-0.02223485
0.09807274
0.02742951
0.03955742
-0.06536297
0.02587169
-0.01855085
0.00424143
-0.05344269
-0.04263250
-0.07486719
0.07773365
-0.09178751
0.12258238
-0.03602162
-0.05444565
0.02573336
-0.06200267
0.04949960
0.02872090
0.04948585
0.11382809
-0.03596247
0.07192446
0.06221513
-0.07122512
0.01467184
0.00224797
0.00735222
0.02493116
0.05752801
-0.01585458
-0.07104750
-0.04988737
0.00830636
0.02754500
0.05333845
0.00486616
0.01444371
-0.07858193
0.08077672
-0.04547817
0.02889694
-0.10960969
0.00310480
0.04129064
-0.04529897
0.02051520
0.00156176
0.03785845
0.05110542
-0.04050510
0.02105268
-0.05105575
-0.05945796
-0.03551866
-0.03242624
-0.01428730
0.05311937
0.06793506
-0.07402421
0.00260624
0.07817528
0.02337484
-0.01921373
0.00194705
-0.12089944
-0.10510695
0.04181839
-0.01862175
0.00934913
0.00309314
-0.02722202
-0.12618375
0.04604069
0.00775100
-0.01343489
0.04896297
0.02166418
0.04774017
0.09434594
-0.08133502
-0.02757537
-0.06909749
-0.03853254
0.03869066
0.02009729
0.07767354
-0.03928227
-0.01697948
0.05495435
0.00308363
-0.02019699
-0.01631430
0.02251924
-0.07183605
0.01665409
0.03929459
-0.03395411
0.08112256
0.05093557
-0.06997376
-0.00645103
0.02583633
0.02889620
0.00647131
0.05088922
-0.11098985
0.01547381
-0.02901208
0.03199559
-0.00560161
0.02163316
0.10351772
0.00063977
-0.04998679
-0.00790809
-0.01421574
-0.03522076
0.06312618
0.00125598
0.02742369
-0.03325449
0.05588368
-0.08212327
-0.17065743
0.02564366
-0.04920512
-0.02496571
0.06670013
-0.03095283
0.06227022
-0.00422304
0.00666895
0.02919001
0.06517392
-0.08710370
0.09577602
-0.05827700
0.08795099
-0.06906250
0.19274046
-0.01883480
-0.03071292
0.04146888
-0.04810633
0.00632311
-0.01589171
-0.07814703
0.09695552
0.02809858
0.10769489
0.01900371
-0.03929148
0.18906945
-0.13171114
-0.16108140
-0.05822594
0.05650331
-0.00534608
-0.11957349
0.03041282
0.06350083
-0.00193943
0.06411797
-0.00300741
-0.02776708
-0.06289364
0.10414521
-0.07065172
-0.04911594
-0.06108573
-0.01719965
0.03110845
-0.11780973
0.00564870
-0.06626061
0.09134196
0.08402089
0.02094308
-0.06379686
-0.01857254
-0.07597636
-0.01986697
-0.05620284
-0.07664292
-0.00999409
0.05670974
-0.08006134
0.05931460
-0.01074569
0.00873060
-0.04447745
0.03113543
-0.11538935
0.01213006
0.14698230
-0.10042297
-0.05134868
0.15144712
-0.00400033
-0.08779940
0.02351317
0.00310303
0.03463414
0.09395653
0.02730363
0.03850577
0.04397419
-0.15535545
-0.04255120
0.03982591
0.02812112
0.08037727
0.07933799
0.09008512
-0.08967418
-0.01237306
0.08072791
0.06892872
-0.05272703
0.03841357
-0.05338986
0.01092791
0.03386581
-0.01495072
-0.06654028
0.16007504
0.03184292
-0.10678525
-0.04800576
-0.01448806
-0.00760548
-0.04072564
0.00254515
-0.08441475
-0.02005411
-0.14999379
-0.01665989
-0.04491767
0.01108577
0.13378137
0.00571434
0.04340313
0.03819273
-0.03178807
0.01416225
0.12539582
0.04851260
0.12449578
-0.02851534
-0.02097679
-0.07996668
-0.05774012
-0.00775706
-0.03584855
-0.01647109
-0.00246236
-0.00425163
0.01024464
-0.04599488
-0.00075788
-0.02086331
0.00431397
0.01530816
-0.01757924
0.00186686
0.02425747
-0.01707132
0.04526431
-0.00916853
-0.02509544
0.04365050
-0.02356344
0.02948936
0.06116212
-0.02532945
-0.00309539
-0.00296721
0.01755078
0.02429008
0.01898299
0.02043321
-0.01714602
-0.06512103
0.01398909
-0.02556101
-0.04659702
-0.03538325
-0.03544451
0.00335998
-0.06010147
0.03583742
-0.03707583
0.03914734
-0.01963656
0.04270153
-0.06103139
0.04050653
-0.01072424
0.00440277
0.04870440
-0.00442708
-0.01101708
-0.01518981
-0.04408040
0.03225826
-0.02292275
0.03405745
-0.04220466
-0.04173172
-0.00832973
-0.02412234
-0.03303500
0.01227163
-0.02110564
0.02140182
0.05266716
0.04790404
0.01280772
0.04071660
0.02150942
-0.02723100
0.06767582
0.09598900
0.02123383
0.00574024
0.06689607
0.02781707
-0.00078879
0.01230087
0.00381861
-0.03021532
0.03720280
-0.03296717
0.05978291
-0.00522582
-0.08475985
0.04596367
-0.00063505
-0.03289920
0.00802373
0.04989992
-0.02209177
-0.09494393
-0.04012672
0.02334836
0.02596385
-0.04074815
0.03189578
-0.01582104
0.02567177
-0.01009061
0.01627251
0.02451386
0.03449995
-0.02268538
-0.02305097
-0.00880897
0.02810925
-0.02227346
0.00645994
-0.00864496
-0.08670284
-0.00987833
0.01978767
0.05103479
0.04020661
0.03819833
-0.04346370
0.00111861
-0.00996467
0.00016615
-0.01368408
0.03145199
-0.03320805
-0.02716654
0.05404234
0.02222575
0.00032317
-0.05077903
-0.14776385
-0.01960376
0.01715283
0.02634056
0.07259618
-0.00537285
0.11171695
-0.04683836
0.02622253
-0.01199552
-0.05227733
0.06065897
0.02778596
-0.05508315
0.03176204
-0.01213800
0.05345366
-0.03345319
-0.04309316
0.13096213
-0.02146931
0.04623245
0.09248558
-0.09874456
0.07491173
0.04040241
0.00491284
0.09602831
0.01441603
0.06910384
-0.02574679
-0.07313929
-0.05635276
0.01760778
-0.06886395
-0.02847274
0.00736200
0.12322290
-0.03105885
-0.05337270
-0.06574330
0.01410599
-0.03179366
0.07909811
-0.01693744
-0.00963112
-0.09737297
-0.03945156
0.02395119
-0.04474486
-0.00409767
-0.08987125
-0.03779598
0.08113131
-0.00068003
0.02839625
-0.07682344
-0.04987088
-0.05298818
-0.02849289
-0.05601652
0.05419702
0.06818955
-0.04440910
0.01153957
0.07708807
0.09434836
-0.03730442
0.03190340
-0.07201438
0.10395541
0.14671348
0.02500731
-0.02120348
-0.02564951
0.07834978
0.00380938
0.01371059
0.05530450
-0.14455435
-0.00391747
-0.02334324
0.06449100
-0.07347267
-0.14773197
0.05876798
-0.03861495
-0.08387925
0.08327728
0.09520426
0.02917655
-0.02616699
-0.06920595
0.13013521
0.04427821
-0.06195826
0.03192098
0.01192610
-0.03188075
0.06876508
0.07507342
-0.01310057
0.13025725
0.02471207
-0.00564294
-0.03269635
0.05974799
-0.04990565
-0.12402152
0.05870432
-0.11069366
0.01732673
0.03220276
-0.00170913
-0.02263391
0.12409738
-0.02077921
-0.02760143
-0.12931849
-0.02327451
-0.08680664
-0.01432249
0.01824043
-0.01771170
0.09154005
-0.02580711
-0.03655955
-0.05292088
-0.11453187
0.02906239
-0.03858216
-0.02006938
0.12181398
0.03306611
0.02626620
-0.03429371
0.01882218
-0.00531909
0.00587145
-0.00167039
0.00951017
-0.06452045
0.06499677
-0.07413500
0.10158017
-0.03413367
-0.04740168
0.02216910
-0.02895580
0.07857259
0.05586139
-0.01864253
0.06649915
-0.02843730
0.04499722
0.06976804
-0.01474112
0.06312738
-0.04234767
-0.05477316
0.02228060
0.07398745
-0.01785064
-0.03132378
-0.04672858
0.00760075
0.01382330
0.01788409
-0.00352948
0.02780790
-0.07577238
0.06771898
0.01156846
-0.01735718
-0.13729890
-0.00696959
0.00497086
-0.06308105
0.05806285
0.00010544
0.02618015
0.06027675
0.00286677
-0.00336479
-0.08778737
-0.05090008
-0.01677107
-0.00443353
-0.02782995
0.01943758
0.02017698
-0.06246393
0.00784656
0.01522316
0.04373000
-0.00210899
0.00749034
-0.07260176
-0.05084859
0.10079285
-0.01250153
-0.02426323
0.06155511
-0.02428879
-0.08036245
0.02019736
0.02311110
-0.03184547
0.07482219
0.01198736
0.06163068
0.06696207
-0.11246315
0.00321461
-0.04130913
-0.02655270
0.03066248
0.05955471
0.02113320
-0.05346449
-0.03595206
0.05229081
0.01505683
-0.02246927
0.01830116
0.00616798
-0.04843690
-0.00649492
0.05440748
-0.02412460
0.11096393
0.05251380
-0.03174065
-0.01364899
0.01955455
0.00543460
0.00301883
0.02150234
-0.08161925
-0.01759632
-0.04943357
0.00287067
-0.00876555
0.03517146
0.11432002
-0.00715201
-0.00631432
0.02856918
0.01679366
-0.02436035
0.04747531
0.00739509
0.06442327
-0.04458333
0.01852437
-0.00915265
-0.06333470
-0.02347198
-0.00611227
0.00246492
-0.00467740
-0.00622964
0.05701181
0.00151866
0.01044863
0.01540931
-0.09860332
0.04378337
0.06782755
-0.01119422
0.01688240
0.02467921
0.03911548
-0.02689477
-0.00137631
0.09967189
0.03425743
-0.02315859
0.02346266
-0.12777677
0.01475767
0.03987252
0.00112621
0.02942959
-0.03336557
0.03776435
-0.06692927
-0.04380429
-0.08480126
-0.01798126
-0.00701703
-0.09673458
-0.00340826
0.06289262
-0.04040620
-0.03648406
-0.07969940
-0.04568788
0.00863011
0.03399123
-0.05582527
-0.00381594
-0.01547426
-0.08685425
0.04369624
-0.01859942
-0.06866823
-0.09294692
-0.00645873
0.06755397
-0.04827568
-0.01495287
-0.02304605
-0.03742411
-0.05551221
-0.01894649
-0.02346398
0.05737119
0.05985289
-0.02040524
0.03526225
0.02749712
0.04191046
-0.05712932
0.01804969
-0.09201796
0.11208737
0.11065336
0.00081152
0.00574244
-0.02618762
0.04973562
0.02995321
0.01634634
0.06193550
-0.06441051
-0.02192893
-0.05126249
0.02214230
-0.06267134
-0.14100774
0.03209881
0.07042096
-0.01357801
0.10919674
0.03174753
0.05900675
0.00482405
-0.03069742
0.09272777
0.03780268
-0.06880928
0.02616701
-0.01568516
0.00819919
0.06819459
0.04373394
-0.03592548
0.10752655
0.02327323
0.00032344
-0.06077234
-0.02143727
-0.03475739
-0.07846285
0.01854734
-0.04920100
0.03342539
0.00979874
0.00346029
-0.03182509
0.05495883
-0.01425761
-0.03181687
-0.09398606
0.01811905
-0.09315270
0.01358135
0.05654138
0.00690195
0.05347297
-0.06116689
-0.00807987
-0.01721233
-0.07987387
0.04301615
0.00473108
-0.01935925
0.03568975
-0.04852439
0.07669395
0.00154860
-0.02978787
0.05760467
0.01021164
0.02032322
-0.06165112
0.00961615
0.06871469
-0.05235106
0.08343502
0.00684004
-0.01203916
-0.01351340
-0.08742879
0.07661558
-0.04677260
-0.06168076
-0.05766426
0.01005505
0.03406592
0.01228748
0.00647612
0.01373954
-0.04875742
-0.02633521
-0.01029382
0.01213904
-0.03713619
-0.05966203
0.05638299
-0.02228920
0.03205401
0.04580498
0.01882469
-0.00615237
0.05430207
0.13075499
-0.04599719
0.02285684
-0.08376481
0.00204764
-0.01130425
0.04256579
0.05802489
0.05477637
-0.01856053
-0.03351103
-0.02630753
0.03529036
-0.05403525
-0.07320291
0.04052067
0.03175292
-0.04647382
-0.02788492
0.05990929
-0.06089294
-0.01918687
-0.02250383
0.06691798
-0.06162594
0.01137060
-0.06428422
0.05774292
0.08991504
0.04773518
-0.07449176
-0.02395931
0.00186130
0.02404968
-0.01813914
0.09687176
-0.01296479
-0.00952006
-0.00807582
-0.00849438
0.09036961
-0.02156360
0.00097234
-0.01224880
-0.06836175
0.10236215
0.04868485
0.04036054
-0.00564874
-0.05028505
0.07004749
0.01487070
-0.10753459
0.01548328
0.02112980
-0.03708775
0.03563751
-0.01314856
-0.03473910
0.11893760
-0.00211335
-0.09578957
0.01942655
0.04583675
0.00331787
0.01960742
0.02821795
-0.04489466
-0.00147260
-0.05963140
-0.01198735
0.00472092
0.01063713
0.03016178
0.11863099
-0.01032597
-0.00457878
-0.05894855
-0.00943252
0.13535675
-0.02955980
0.04205432
-0.00882305
0.02035460
-0.00293078
-0.08787609
0.04227613
0.00640931
-0.01594672
0.05445532
0.01307473
-0.01214811
-0.01329159
0.04552475
0.05148427
0.03125240
0.03683105
0.01794760
-0.03975251
0.02146172
-0.06609245
0.01536160
-0.04547777
-0.00509286
0.03351864
-0.12184407
0.10801540
0.12320941
-0.03611856
0.07391738
0.03697509
-0.03002991
0.01438692
-0.00315215
-0.00299487
0.02618678
-0.01789193
0.00600974
-0.01754077
-0.01593242
0.05485380
-0.10550405
0.00931589
0.03659488
0.03290853
0.01191091
0.00773581
-0.10067251
0.14110658
0.08677661
0.01794185
-0.02075189
-0.00219308
-0.02364739
-0.02126205
0.10288259
0.06243345
0.04037942
0.00565825
0.04081646
0.00452080
-0.11832890
-0.10946967
0.05026380
0.03058054
-0.02416426
-0.01328092
-0.00423247
-0.12362561
-0.03365076
0.02533300
0.06972615
0.03758787
-0.06371645
-0.05533208
-0.11144089
0.04408413
0.10408100
-0.05033146
-0.05584196
0.02426608
-0.06726714
-0.00786545
0.02131457
-0.02176037
0.07973002
-0.01841605
0.08702715
0.03434741
-0.08833347
0.04008810
-0.09723970
-0.07117705
0.05141461
0.04176814
-0.00499181
-0.04334235
-0.06717017
0.06372771
0.01481856
-0.02171885
-0.00289180
0.07223329
-0.05491171
-0.03497164
0.09331333
-0.00090002
0.00930654
0.03733440
-0.05940094
-0.00586640
0.08037484
-0.01004181
-0.04515941
0.00991142
0.00210499
-0.04591607
-0.03503422
-0.01462738
0.00977535
0.00100532
0.08921274
-0.03396998
0.01997541
0.04906075
0.05004985
-0.09482127
-0.01053254
-0.04934590
-0.00372788
-0.01069954
0.09173539
-0.06592381
-0.06569573
-0.08014364
-0.00403647
-0.02661030
0.01677659
0.02654540
0.09420230
-0.06351795
0.00336367
0.05711810
-0.07964400
0.03734420
0.06650187
-0.05449385
0.06607693
-0.04005002
0.08623700
0.00350540
-0.06013813
0.13694453
0.00560967
0.04062235
0.02908750
-0.14499064
0.00602358
0.04780509
-0.02021904
0.04017070
-0.03517408
0.01091747
-0.08279239
-0.05518770
-0.12948176
-0.00897498
-0.09560161
-0.14823812
-0.05486781
0.12940489
-0.07405999
-0.00878102
-0.11585710
-0.05512965
0.07001624
0.04172095
-0.16727421
-0.00900494
-0.11165866
-0.10432018
0.07663410
0.05770245
-0.05611268
-0.10874351
-0.04861841
0.09451412
-0.04497699
0.00783756
-0.02752265
-0.04743489
-0.04295155
-0.04111784
-0.04360377
0.07821727
0.09806616
-0.01754187
0.06040853
0.04344710
0.04974442
-0.08732020
0.06922050
-0.07083325
0.13165444
0.14587168
0.00340454
-0.05747860
-0.12124676
0.04857778
0.07968197
-0.05907410
0.10801466
-0.06141224
-0.08432487
-0.06910253
0.03077208
-0.05601052
-0.14441769
0.07173401
0.07817320
-0.01258020
0.10544533
0.09409443
0.03727163
0.03742727
-0.03138849
0.12788786
0.04860599
-0.13166428
0.03080294
-0.01824531
0.00107364
0.11753497
0.06467963
0.00768700
0.13291597
-0.06679337
0.02936014
-0.08837891
0.01172063
0.01589050
-0.10635818
0.01025637
-0.07810663
0.04716912
0.01914778
0.04311414
-0.05835300
0.06824359
-0.04939221
-0.00307341
-0.11204389
-0.03492993
-0.14235722
0.00543071
0.07343458
0.03145396
0.03882197
-0.07238459
-0.03767884
0.05996399
0.01134918
0.06893637
-0.04726150
0.05009183
0.00216680
-0.00532185
0.00064839
-0.03990190
-0.01545497
0.06878243
0.10302386
0.05864087
-0.05406841
0.04142082
0.02891285
-0.04199912
0.06109244
-0.04841512
0.00219449
-0.03229723
-0.09385817
0.04997598
0.00299879
-0.04648398
-0.11491968
0.04056202
-0.08794019
-0.08394716
0.02293278
-0.00359353
-0.02029784
-0.08446667
-0.06776477
-0.01338129
0.01077629
0.04701417
-0.00767518
-0.06267692
-0.05809550
0.12304664
-0.00533066
-0.03303478
-0.05498735
0.08715710
-0.01405040
-0.01523094
0.00217521
0.01928063
-0.02433420
-0.03611865
0.01030637
0.06936534
0.02443440
-0.03764585
0.03808039
-0.03016610
0.00416483
-0.11604906
0.10571127
-0.06649831
0.06514383
-0.07437732
-0.05889596
-0.06919953
0.06365233
0.00367610
0.00825942
0.04601860
-0.05903181
0.00235382
0.02460284
0.02026861
0.10942022
-0.03668158
0.05670897
0.04900620
-0.00837176
-0.04336729
0.07962117
0.10162210
-0.00979737
-0.03963710
0.05076452
0.01848681
-0.08621428
0.06322245
-0.07037530
-0.04010588
-0.01658886
0.00917653
0.05035789
-0.02997660
-0.03700779
-0.02717179
0.03442434
-0.06250275
0.07605259
0.10677430
-0.04646193
-0.05653873
0.02163489
-0.01191304
-0.00587029
-0.05175172
-0.05860188
0.06495697
0.02859349
0.03735118
0.09004938
-0.02402999
-0.01046765
-0.03072887
-0.10527498
0.02832103
-0.00916100
-0.13164753
0.04238802
0.03645536
0.09031668
0.02329989
-0.03168589
-0.05939532
0.03310144
0.03149881
0.00551872
-0.02442910
0.10306481
-0.00132181
-0.01993998
0.00188663
-0.07011323
-0.01477584
0.04936903
0.02095215
0.05686232
-0.04635395
-0.02639986
0.01769038
0.02546003
-0.01566743
-0.01690101
-0.02167946
0.10631124
-0.08800705
0.08601866
0.00192035
-0.04294417
-0.03762906
-0.03430383
0.07238100
-0.03991587
-0.00863409
0.05629489
-0.02545634
0.05729333
0.02450217
-0.01637648
0.03447687
0.02747692
-0.02868726
0.00583831
0.02497550
-0.01666412
-0.09526137
-0.00058307
0.01650674
-0.01071184
0.03662744
0.05366226
-0.01739416
-0.05040817
0.04801463
-0.04395055
0.02783529
-0.11007218
0.03314862
0.02213251
0.03479616
0.03307401
-0.01182644
0.03126048
-0.00729046
-0.02076638
-0.00432861
-0.04138442
-0.07741996
0.00804356
-0.04551124
-0.04181215
0.04203458
0.08121545
-0.06155123
0.00716173
0.00615889
-0.00551095
-0.05297783
-0.01374355
-0.02859508
-0.09557312
0.03270381
-0.02592544
-0.07487308
0.07364346
-0.03614308
-0.07771515
0.01290181
0.03067454
0.03192467
0.03976540
0.01817354
-0.02193907
0.13596074
-0.03345398
-0.03325656
-0.04608189
0.06074422
0.01662412
0.09851552
0.05587633
-0.01174507
-0.00488235
0.02732341
0.03821642
-0.05491848
-0.00893324
-0.04997564
-0.06740979
0.00115777
0.02298717
-0.05280371
0.04911051
0.03461763
-0.08448175
0.04152664
0.00994618
0.02295696
0.01072022
0.05262451
-0.07189147
0.00872874
-0.08022965
-0.01039630
-0.04766375
0.01377862
0.10713695
0.04794789
0.03474640
0.02775033
0.06297942
0.01593282
0.06751552
-0.02355113
0.03507043
-0.01654005
0.02684267
-0.07157082
-0.03651085
0.03802928
-0.01308182
0.05333836
0.01474890
-0.07268387
0.05641581
0.01403849
-0.06185929
0.05210445
0.15591194
0.03324141
-0.00310886
0.06892338
0.01475047
-0.09296173
0.15463559
0.00140568
0.03122199
-0.06608498
-0.12362343
0.09324767
-0.09253566
-0.00605329
-0.13054861
-0.00254371
0.00297252
-0.07380567
0.01993250
0.12457386
-0.01590772
-0.18408753
-0.02495118
-0.00491322
0.01923587
-0.10080313
0.01440067
-0.08833800
-0.02563393
0.12918517
0.01785506
0.02090906
-0.00192650
0.09995574
-0.07004594
0.06258264
-0.06135575
0.07370039
-0.07013498
-0.00981572
0.01767761
0.06576940
-0.05818668
-0.08481926
0.07355334
-0.01895172
-0.04286565
-0.07063486
0.15687698
0.02830127
-0.07939523
-0.08735315
-0.06796353
-0.01001446
0.05128403
-0.02986001
0.02395696
0.10879151
0.00661774
0.02323251
0.03816630
0.12500831
-0.00413989
-0.09044167
0.08033842
-0.03559805
0.05002948
-0.00133624
0.02513026
0.08690043
0.06637762
-0.02531134
0.05144195
0.11590604
-0.07399956
0.05774930
0.00656343
-0.01997653
0.05268077
0.03485002
-0.01641079
-0.14181185
-0.05258328
0.01876953
0.06420347
-0.07717562
0.05315200
0.05577919
0.04122091
-0.04396630
-0.02775913
-0.02787016
0.01658278
-0.04591343
-0.10006241
0.06806776
0.07541222
0.06244504
0.05530098
-0.02527819
-0.06451945
-0.13421717
-0.16434687
0.00987592
0.07815327
-0.09363326
0.06046588
0.19671224
0.16044401
-0.00107006
-0.06278356
0.00522310
0.06726962
0.02154599
0.00320120
0.00250622
0.01378453
-0.01261625
-0.02138642
0.01410885
-0.06844794
-0.05390982
0.02969460
-0.00400519
0.01129142
-0.02933331
-0.01031606
0.02863717
0.03893295
0.00062693
-0.01924450
0.00202560
0.08764039
-0.06850561
0.05489128
0.01986099
-0.04286711
-0.03770070
-0.02048552
0.06858458
-0.02099842
-0.03725251
0.03078586
-0.04413430
0.04774706
0.01744842
-0.01298583
0.03043633
0.04143948
-0.04257137
0.01995764
0.04522692
-0.01585371
-0.04680288
0.02896507
-0.00766222
-0.00223260
0.04499842
0.07230903
-0.01858944
-0.01202400
0.02327366
-0.02984711
0.01377758
-0.06124556
0.00901341
0.01820826
0.01868553
0.04927497
0.00700922
0.02432274
-0.01637138
0.00143003
-0.03533858
-0.00764924
-0.07568429
0.03876496
-0.01470995
-0.02163215
0.01916883
0.06067373
-0.02886226
0.00619821
-0.01181457
-0.01885661
-0.01780951
-0.01553117
-0.01552646
-0.07578985
0.02004036
-0.01184942
-0.07544153
0.07958050
-0.00956161
-0.04921065
-0.00804445
0.02997147
0.02157026
0.05835301
0.02391817
-0.01136433
0.07917322
-0.06443726
-0.01888666
-0.02673824
0.04532222
-0.01113174
0.08290093
0.03619733
0.00446110
0.00673877
0.01561248
0.03509057
-0.03918574
0.01039351
-0.05776577
-0.05761689
-0.02831920
-0.00848988
-0.04706089
0.06013068
0.02692793
-0.08135160
0.03911786
-0.00871331
0.02434186
0.03707010
0.05524412
-0.04581156
0.02154914
-0.05835434
-0.03715568
-0.04579926
-0.00808851
0.08238865
0.04087434
0.06073525
0.04902644
0.03737918
0.01306201
0.06689099
-0.02650816
0.05857959
0.01764739
0.00721120
0.00112421
-0.11014007
-0.00241990
0.01441251
0.00110152
0.14919893
0.02897912
0.11990934
-0.12342898
0.05803971
-0.00621114
-0.06099136
-0.05445526
0.01823610
-0.10414759
0.08466281
-0.04525050
0.11947314
-0.05359817
-0.08490056
0.13405882
-0.05081223
0.05147749
0.01768513
-0.05589261
0.14003283
-0.03297924
0.04395932
0.07660864
-0.03419145
-0.01995261
-0.07896648
-0.02216586
-0.06810979
0.07191901
0.00138251
-0.06903557
-0.00406604
0.06978082
0.03530272
-0.02111385
-0.02491657
-0.04821365
0.00967958
0.04339591
-0.08106487
-0.02815136
-0.15279391
-0.06342164
0.03164464
-0.04779736
-0.00738836
-0.07676903
0.00855929
0.14548783
-0.05138803
0.01602202
-0.08169860
-0.00354167
-0.05939529
-0.03242912
0.01406416
0.09599762
0.10166305
-0.08731588
-0.06800056
-0.01258510
0.10075788
-0.10838743
0.05195818
-0.09424622
0.06078146
0.11926303
0.01330862
-0.02021650
-0.05224998
-0.02285363
-0.04462316
0.03848782
0.01578097
-0.08158320
-0.00550336
-0.00270607
0.09363070
-0.01933441
-0.09489798
0.02238343
-0.07301363
-0.09300812
0.11174470
0.05285987
0.08498009
0.01843319
-0.04324248
0.17731602
-0.03558140
-0.10663964
-0.02721500
0.01571437
-0.07446647
0.12312953
0.01808731
-0.01207376
0.14442097
0.03210483
-0.05208934
-0.11769935
-0.02608527
0.02935125
-0.09163674
0.03462701
-0.09045783
0.07597130
-0.03449330
0.01127209
-0.08219397
0.03531748
0.08353847
0.00871203
-0.15864657
0.02006808
-0.08184356
-0.05761439
0.13385567
0.07425586
0.04662164
-0.09280515
0.04070631
0.05248779
0.07107069
-0.05963734
0.01941964
-0.00935355
0.06849614
0.03280276
0.08855724
-0.11330504
0.02354120
0.03439769
-0.05212056
-0.03591904
0.02143464
-0.04488087
0.06106047
0.04409341
0.09335194
-0.01972614
-0.07834091
0.09870706
-0.01466920
-0.02791080
-0.04665615
-0.05055713
0.02934420
0.06592832
-0.01796613
-0.02334229
-0.02496596
-0.08687310
-0.04263738
0.04736640
-0.12284306
0.01409251
-0.05002099
-0.09195912
0.07479826
0.08732188
0.05234581
-0.03705769
-0.07369488
-0.06521442
0.09629646
-0.03052254
-0.20049380
0.01440871
-0.05351020
-0.10112216
0.07101697
0.07630687
-0.08010143
-0.11337008
0.02418881
0.10167398
-0.02882866
0.02541937
0.04456308
-0.03190437
-0.06861625
-0.07097898
0.07420687
0.06514350
0.12625079
0.02063005
-0.00945319
0.00597841
0.05414727
-0.10884065
0.02688510
-0.05222285
0.10108296
0.01895636
-0.01884525
0.00804850
-0.07319950
0.02300003
0.04091473
-0.09557475
0.00192882
-0.00695481
-0.09662378
0.01903475
-0.00626198
-0.06190420
-0.01946138
0.02792099
0.00787280
0.03748944
0.04669755
0.03103145
0.11392310
0.08805832
-0.05401019
0.09943967
-0.02104814
-0.12361524
-0.03731004
0.01315260
0.00022510
0.13070375
-0.05646497
-0.04551448
0.09177712
-0.03923309
-0.02623773
-0.13167320
-0.02116820
0.00714488
-0.03293262
0.02468915
0.01100083
0.14467566
0.01210873
0.01048430
-0.06712422
-0.00241878
-0.09436644
-0.00583311
-0.11685291
0.03621337
-0.19603658
-0.01853369
0.07909255
0.06550232
-0.01558692
-0.02510660
-0.02169813
0.02544363
-0.04055982
-0.02707817
0.00284776
-0.03255177
0.03400649
0.02640871
0.07417565
-0.04740306
0.02211613
0.01394682
-0.05852536
0.01086617
-0.05131105
-0.01350289
0.03588330
0.00666445
0.03959328
-0.06654867
-0.01628568
0.08047992
-0.01637371
0.05695216
0.04243429
-0.03936990
0.02125841
-0.02935103
0.01653513
0.05686347
-0.01831707
-0.05194415
-0.00349066
0.04928805
-0.00898967
-0.02071768
-0.03028953
-0.04118508
-0.07342440
-0.01421288
0.01392005
-0.02871355
-0.01197936
-0.05441613
0.01841498
0.07150079
-0.03725701
0.02372252
-0.04592450
-0.07214756
0.04292326
0.01657175
-0.02362204
0.00031990
0.00112207
0.03123798
-0.06586503
0.06398071
-0.04649105
-0.00024463
-0.02689432
0.01741671
-0.00542770
0.07420113
0.05911566
-0.04742464
-0.02758900
0.04076913
0.08308610
-0.06520378
-0.00647818
-0.00446127
0.01578497
0.05751292
0.06628177
0.01847504
-0.10477098
0.01394931
0.00198904
0.01990903
0.02562113
-0.06963222
-0.04181768
-0.03327331
0.02123211
-0.03374517
-0.03076870
0.02806933
-0.05984112
-0.04593906
0.07940400
0.03020053
0.05186839
0.02553855
-0.02622297
0.07791938
-0.05717055
-0.09487323
0.00953751
0.02252172
-0.09494910
0.07455734
0.05022873
0.03671737
0.09143415
-0.00476887
-0.03274431
-0.02322786
0.00466020
0.00459701
-0.00141957
0.03083720
-0.06825647
0.03944164
0.00281047
0.03308358
-0.01288999
0.03940035
0.02324933
0.02577177
-0.10573139
-0.02556226
-0.04217585
-0.01959201
0.04364042
-0.01970039
0.02119972
-0.08210029
0.03595169
-0.00850491
-0.00822846
-0.08826217
0.01414896
-0.00251499
0.01390826
0.01971430
0.07175068
-0.04417749
-0.00909588
0.05764301
-0.08461226
0.04710859
0.08713551
-0.05044602
0.04434167
0.01913628
0.05806540
0.02192784
-0.02969069
0.08459029
0.01786437
-0.00137317
-0.02453893
-0.11612493
-0.00665676
0.09017844
-0.03883999
-0.00008599
-0.02403257
0.01419155
-0.08581675
-0.01213933
-0.15545152
0.00273959
-0.08520508
-0.11336453
0.04517065
0.13228750
0.01472695
-0.02647053
-0.12162589
-0.05879865
0.05693077
0.02629401
-0.16204649
-0.01162909
-0.05838136
-0.10693667
0.05615536
0.06924687
-0.07444364
-0.11512330
0.00660270
0.08224586
-0.01505379
-0.01630064
0.03583900
-0.05654004
-0.06974183
-0.04257310
0.00831628
0.05144280
0.11284345
0.00527892
0.03450514
0.01687046
0.02797648
-0.08144562
0.01898494
-0.09443117
0.11318538
0.07088186
-0.02340746
-0.03186350
-0.07989339
0.05712138
0.06137444
-0.08263212
0.08008270
-0.03307773
-0.06647421
-0.03707775
-0.04157861
-0.05712676
-0.10046966
0.02807317
0.09556010
0.02015824
0.08641574
0.04563285
0.09387087
0.09113402
-0.05294703
0.08541109
0.05524467
-0.09859138
0.00088124
-0.00362366
0.04374646
0.11199629
0.01622903
-0.05878578
0.10698910
-0.03457749
0.03762064
-0.09571653
-0.00427548
0.00368575
-0.07921989
0.00128892
-0.00745472
0.09846399
0.00959193
-0.00306124
-0.06288559
0.00912706
-0.08876631
-0.02750921
-0.09703685
-0.00721580
-0.17278522
0.01979896
0.06233487
0.03050385
0.04198289
-0.05552158
-0.05580434
-0.00616514
-0.07245584
0.00951665
-0.00916694
-0.02277875
0.06215331
0.03025175
0.00736625
-0.02285159
0.05323930
0.02950441
0.03381511
-0.00720584
-0.01594693
-0.02983514
0.00882051
-0.03118040
0.06398313
-0.05446197
-0.01796113
0.05497154
-0.06061795
0.07716286
0.10442786
0.01977475
0.07905122
0.00685771
0.02831488
0.04700324
-0.01648139
-0.02222506
0.02916919
0.00761472
0.00179158
-0.00519684
-0.01587221
0.00678331
-0.06840460
0.02646703
0.05635345
0.03450038
-0.01560418
0.03072404
-0.09490994
0.09500702
0.01340301
0.02640075
-0.02044242
-0.03004132
-0.00088081
-0.04031290
0.04721781
0.03340024
0.03315978
0.00313240
0.01379844
0.01380045
-0.05682464
-0.04728252
-0.00633132
-0.01405198
-0.01943093
-0.00350739
0.04873606
-0.06821270
-0.04319860
0.02752281
0.05513794
0.02548863
-0.05184015
-0.05153290
-0.04925471
0.02108653
0.06112804
0.02894751
-0.04318476
0.02219376
-0.06579257
0.01155764
-0.00099915
-0.04026145
0.04374217
0.00118131
0.06027126
-0.00861256
-0.04182886
0.01999403
-0.07117796
-0.05489938
0.07662829
0.01996996
0.03558683
-0.03466977
-0.07440298
0.04858444
-0.00183451
0.00908282
0.00463761
0.05733465
-0.04786833
0.01064340
0.06959275
-0.01191041
0.05065069
0.03048860
-0.03225400
0.00211728
0.06096971
-0.00525929
0.00487310
0.01195536
-0.04015829
-0.02268765
-0.02414967
0.01769914
0.02941357
0.01328916
0.04054219
0.00926744
-0.04403829
0.00448579
-0.02220951
-0.05557086
-0.00970106
-0.03563927
-0.00403830
-0.01798258
0.04718979
-0.04933180
-0.17607400
-0.03831619
0.01531824
0.00733121
0.06562929
-0.00931780
0.11385997
-0.04068581
0.02431051
0.00640908
-0.09212636
0.02277762
0.06861839
-0.07847553
0.05201863
-0.00784286
0.11024133
-0.02639154
-0.03492456
0.16318510
-0.01582964
0.04946793
0.07801691
-0.12961897
0.07928343
0.05853560
0.00259207
0.07882128
-0.01677848
0.06601892
-0.07606956
-0.05129839
-0.11776897
0.00287070
-0.06334008
-0.09414834
-0.01657167
0.15816730
-0.01964452
-0.04395438
-0.10627507
-0.01263253
0.01009636
0.10036549
-0.09675903
-0.01229162
-0.07124109
-0.09306663
0.04774667
-0.02561016
-0.04600525
-0.10135221
-0.01019233
0.11675252
-0.03374419
0.02545109
-0.05274410
-0.02632308
-0.08019496
-0.03901454
-0.03075817
0.07311953
0.10451598
-0.06009784
-0.00451775
0.05118480
0.07279016
-0.08445062
0.04111578
-0.11459675
0.12736395
0.15135971
0.01094065
-0.01979199
-0.09897532
0.06862600
0.02845257
0.00878459
0.06201644
-0.11035620
-0.03904606
-0.03315024
0.06017705
-0.04519613
-0.14867713
0.04912698
0.01248666
-0.12865210
0.13513055
0.05124354
0.07568917
0.00447759
-0.05965861
0.16943139
0.04328363
-0.09294046
0.00654842
0.00030880
0.00718997
0.11375646
0.09250423
0.00722001
0.15233009
-0.01150823
0.00209287
-0.09127303
0.01716896
-0.02765892
-0.14632085
0.02726346
-0.09502625
0.04805601
0.02119256
0.02626926
-0.05279051
0.09428520
-0.04601650
-0.03543533
-0.14346908
-0.01072744
-0.15981044
0.01013251
0.07119434
0.01327611
0.07760132
-0.07519206
-0.02927904
-0.03013533
-0.12699969
0.03401188
-0.04928819
-0.04743404
0.11051717
0.02340009
0.09748415
-0.09629373
0.01082288
0.02610792
0.05143907
-0.11126275
-0.02761345
-0.03550836
0.11719211
-0.11148550
0.18226692
-0.04639146
-0.05971878
0.01659694
-0.08350109
0.09101602
-0.00611279
0.00674545
0.13525280
-0.06380299
0.11235107
0.07335552
-0.06435890
0.07405449
-0.05874190
-0.11985678
0.02027279
0.04242871
0.00785388
-0.11644100
-0.12214638
0.00600088
0.01388910
0.07309351
0.05261632
-0.01323931
-0.07963928
0.16331008
-0.04325683
-0.00537951
-0.15484411
0.00466506
0.02788299
-0.06456461
0.04726046
0.00862490
0.04419477
0.03271058
-0.02298723
0.00350846
-0.09240486
-0.08414207
0.00849296
-0.02246537
-0.08516134
0.03517099
0.05300603
-0.10724460
0.01451698
0.01353295
0.06618067
-0.02159002
0.01541241
-0.07148759
-0.06759129
0.12974128
-0.02938002
-0.03269693
0.09570949
-0.03550892
-0.12188153
0.07353128
-0.00533445
0.03615992
0.05944739
0.02694480
0.08056539
0.15383440
-0.11494470
-0.04746651
-0.07117125
-0.05338688
0.07186628
0.11978218
0.06434435
-0.10135003
-0.02320581
0.12195627
0.02661171
-0.08129119
0.01451285
0.01267225
-0.06374980
0.03761527
0.03224185
-0.02666051
0.13962585
0.01461854
-0.09373406
-0.02314459
0.00861710
-0.02037365
0.02599520
-0.01105122
-0.12273512
-0.05156725
-0.14973609
0.04016044
-0.00954479
-0.01181617
0.17569707
0.09815555
-0.03404256
0.00912515
0.05341392
-0.03048927
0.10772309
0.00591426
0.06582150
-0.05037025
0.07535357
-0.09039172
-0.09604074
0.00002536
-0.01671345
0.03689562
0.04921355
0.01870129
0.03525721
-0.09025449
0.02004630
-0.05269079
0.03121815
-0.00007354
-0.03286535
-0.00897649
0.01423898
-0.03091898
0.08755977
-0.03264651
-0.03819497
0.08603746
-0.08016312
0.02040757
0.07880537
0.07339714
0.02129436
-0.04150834
0.05087035
0.04896177
-0.00764136
0.00570908
-0.01448320
-0.09493719
0.02276815
0.00420062
-0.03602509
-0.08463462
-0.08137818
0.00515892
-0.06548019
0.07198612
-0.05346132
0.05166354
-0.02233637
0.09175850
-0.07650125
0.03742122
-0.07641346
0.03873125
0.02590125
-0.04775792
-0.02965112
-0.00062366
-0.06767689
0.06853575
-0.03789830
0.08175379
-0.06063956
-0.02629592
0.01301701
-0.01314645
-0.05313165
0.02955952
-0.02435794
-0.00393674
0.05510200
0.05248666
0.05347589
0.06245578
0.04699918
-0.02973294
0.07097860
0.13182038
0.00010806
-0.00082773
0.02005200
-0.01659187
-0.03769823
0.04191658
-0.00983417
-0.04058617
0.03684285
-0.03744913
0.12952687
-0.00561782
-0.11954800
0.06578196
-0.00497419
-0.08725611
0.03763262
0.05289808
-0.03400401
-0.14418325
-0.07918466
0.06477962
0.01149282
-0.05799269
0.03648426
0.03607022
0.01754426
0.00918242
-0.00888393
0.04286936
0.05032737
-0.04711678
-0.03498231
-0.02186253
0.07070759
-0.01738375
-0.02011728
0.00959794
-0.16191462
-0.02011925
-0.00254533
0.08876810
0.08505198
0.03676570
-0.00760993
0.04873513
-0.05338912
-0.02511970
-0.06201892
-0.02425415
0.00352584
-0.00828693
0.01984943
0.01537150
0.01223078
-0.06491192
-0.05363194
-0.00711062
-0.03369982
0.05893438
0.05949814
-0.01147348
0.06134533
-0.11274136
-0.00645300
-0.01567651
0.08768202
-0.03048184
-0.00179320
-0.04377348
0.04061919
-0.07142257
0.07134291
0.05620094
-0.06116925
0.05795786
-0.06849003
-0.00465875
0.01781147
0.08219422
0.03862849
0.01098074
0.04738272
0.00337881
-0.01152434
0.04724936
-0.01052142
-0.10790086
-0.00830860
0.05132896
-0.05849710
-0.06860685
-0.00577694
0.03785789
-0.03399643
0.05490150
-0.02832791
0.05348907
-0.06477345
0.02503562
-0.13563812
0.04978178
-0.10153364
0.09160408
0.06440777
-0.03441808
-0.01939611
-0.01148902
-0.08507688
0.06719435
-0.01009141
0.02603034
-0.02951893
-0.02925826
0.00232871
-0.06640211
-0.01684057
0.01740236
-0.00992085
0.04684024
0.08506187
0.07479484
0.02856390
0.02610111
0.03700212
-0.03674696
0.03971088
0.11347800
-0.03905219
-0.03405997
0.06719097
-0.03055046
-0.06073908
-0.00633065
0.00847613
0.01859429
0.03693127
-0.02041588
0.05012902
0.01672063
-0.10814729
0.00143668
0.00067076
-0.00152357
-0.01282086
0.05151113
-0.00354532
-0.10577367
-0.07672244
0.01493573
0.01579452
-0.05408101
0.03731871
0.03696055
0.06982031
-0.01304381
-0.03908357
0.01864935
0.01101634
-0.02207898
-0.02586848
-0.04171093
0.05977914
-0.00320625
0.03304880
-0.01850401
-0.12227250
0.00983806
-0.02279930
0.07756587
0.04051864
0.00128778
-0.03460350
0.00889208
0.01521034
-0.03344157
-0.05036225
-0.03079531
-0.02386410
0.02216836
0.01719338
0.03292738
-0.01481636
-0.02923514
-0.10053933
0.02159417
0.00162698
-0.03979165
0.09857222
0.02030343
0.02040587
-0.05168540
0.07091427
-0.03990240
0.00661234
0.02250983
-0.01049079
-0.04681454
0.00220431
-0.02775097
0.03828716
-0.06305161
-0.04556513
0.05780940
-0.03693932
0.07345153
0.09030353
0.02106060
0.08775087
-0.03726130
0.05848367
0.08793440
-0.01450820
0.00634663
0.01333346
-0.02990735
0.05694682
0.03002447
0.01956651
0.04123299
-0.02981309
0.00777750
0.02495357
-0.00907604
0.02379745
0.00605496
-0.06296191
0.06315569
0.05249324
-0.02428736
-0.08059465
-0.03365976
-0.01265547
-0.07099889
0.04104319
0.01476745
-0.00143821
0.05531035
-0.00582853
0.00166504
-0.11144879
-0.01958411
-0.00383827
0.02593280
-0.02397630
0.03249563
0.03202745
-0.09461647
-0.05441227
-0.01285469
0.07492620
0.00513449
-0.02812219
-0.04494627
-0.07556579
0.05611349
0.03613945
0.02081941
0.03529745
-0.01458488
-0.09188136
0.05261347
-0.00586418
-0.09612888
0.06864765
0.00745855
0.09763899
-0.01522538
-0.05627300
0.01650295
-0.08481767
-0.08223927
0.04020544
0.06667800
0.02399733
-0.04746095
-0.02570505
0.07643188
-0.00392120
0.00364940
0.00914185
0.01036391
-0.09861561
0.01045737
0.06252599
-0.00506342
0.08901166
0.04177254
-0.03244248
0.01466441
0.00137665
0.01508893
-0.05288102
0.06013165
-0.09063759
-0.02217889
-0.00679448
0.01388191
0.00609499
0.05258085
0.10334164
0.00360968
-0.06283925
0.00411559
0.02538549
-0.03768126
0.02731128
-0.00221164
0.06300196
-0.04329007
0.03202190
-0.01340564
-0.09970679
0.05694563
0.00585930
-0.00516544
0.07478756
-0.02317470
0.00715671
-0.00852190
0.03740519
-0.01047975
-0.00995672
0.00666177
-0.06111883
-0.02803550
-0.00898856
-0.06238408
0.07173946
-0.03044035
-0.00849291
0.03248082
-0.11770118
0.02846752
0.03891492
0.07444575
-0.01695819
0.02618726
0.02356898
0.03089242
-0.04358893
-0.02433836
-0.01667620
-0.04768259
0.04024206
-0.01409850
0.03053462
0.01070918
-0.00359603
-0.00245082
0.03555740
0.06084136
-0.02212420
0.05248126
-0.04196961
0.12538187
-0.02791335
0.04219979
-0.05561422
0.00596043
0.00921865
-0.05268451
0.04254723
0.06750554
-0.02696185
0.02494218
-0.00887612
0.04056742
-0.09543215
-0.07452728
0.01378830
0.01724213
-0.00322612
-0.04150551
-0.00865934
-0.10228760
0.01276637
0.02611422
0.06454092
0.05526348
-0.00398412
-0.12236334
-0.02594178
0.07307494
0.05011646
0.03084856
-0.01762704
-0.00626302
-0.07862002
0.00587280
-0.00921464
-0.03153513
0.02438928
0.00709765
0.09193011
0.07508627
-0.01670319
0.03302434
-0.02299137
-0.13752319
0.08894173
0.00566246
0.04340355
-0.10026526
-0.04159918
0.06952143
-0.00025249
-0.02110301
0.00073802
0.08834761
-0.03587362
0.01544164
0.03529441
-0.01513201
0.07124060
-0.00027468
-0.06419851
0.00217906
0.06621169
0.00700090
0.01703641
0.02506187
-0.06997158
-0.04139229
-0.02587163
0.08070947
0.08745502
-0.00423218
0.02297512
0.06141073
-0.01160169
-0.02748811
-0.08494610
-0.05296788
0.05096747
-0.00201093
0.01783158
-0.01164830
0.05232360
-0.07177375
-0.04451863
-0.01875508
0.02817791
0.05226230
0.06333106
-0.01745785
0.04325649
0.03633552
-0.05699802
0.05750534
-0.07111997
0.06275192
-0.01605788
-0.04544308
0.03832344
-0.05702766
0.08306298
0.05734279
0.01269853
0.01367422
-0.12634784
0.09070170
-0.01114730
-0.00767048
-0.16490272
0.00180142
-0.04726599
-0.00642869
0.01499228
0.00481337
-0.09480673
-0.05169645
-0.07492858
0.06843944
-0.12971404
-0.08070922
-0.01019952
0.03041730
-0.01423157
0.07448240
-0.10393326
0.01911771
0.08262146
0.07326496
-0.12463594
0.06257048
-0.12553160
-0.01223807
-0.04341742
0.05157296
0.00030574
0.06047726
-0.05157093
0.04941040
0.00609587
0.08219134
-0.07176422
-0.05083155
0.02006957
-0.00235861
0.00545213
-0.03791390
-0.00730298
0.00861409
0.05637274
-0.03047498
0.03896011
-0.02597463
0.09620665
-0.06926100
0.08265281
0.15714556
0.05089248
-0.12322897
-0.11086664
-0.02129905
0.08278631
-0.08937671
0.10680133
0.00624777
-0.02585327
-0.07219017
0.01324189
0.06544641
-0.05501458
0.07647557
0.06116483
-0.07872757
0.11023454
0.00286665
-0.04122303
-0.00688369
-0.09424518
0.08199503
0.00408361
-0.11243226
-0.00444967
0.06709222
0.06850430
0.04430112
-0.01782092
0.00794095
0.05443464
-0.00629477
0.00511010
-0.05872301
0.08647159
0.01031702
0.02788548
0.01782476
-0.05044143
-0.02429758
-0.04002976
0.00437236
0.06387415
-0.01114247
-0.04520635
0.10964115
-0.01380937
-0.06335961
-0.14741267
-0.02123444
0.08757360
-0.00161203
-0.00386867
-0.02246404
-0.03076829
-0.12679592
-0.18578652
0.03212531
0.01945180
-0.02362699
0.09025624
-0.05864057
0.10207272
0.06606755
-0.07011203
0.06625370
-0.12638839
0.04807245
0.02302604
-0.07118792
0.14554325
-0.12134207
0.20791990
0.03449170
0.03078975
0.04337213
-0.13650991
0.11424892
0.07842431
-0.09086388
-0.09425545
0.03607421
-0.02164859
0.06680961
-0.04235376
0.16740830
-0.17707707
-0.15142587
-0.08024010
0.05282762
-0.11312055
-0.10748298
-0.12441125
0.06235938
-0.01203613
0.03482046
-0.09760571
0.01301515
0.00910059
0.17208542
-0.07260219
0.05402178
-0.17063664
-0.04850977
-0.00021593
-0.03509527
0.05380059
0.02809825
-0.02677881
0.11000138
0.01591550
0.06399742
-0.15919414
-0.15097840
-0.00271976
0.06249013
-0.02439331
-0.00219031
-0.01653115
-0.09000362
0.10833012
0.07175276
0.03817280
0.01985149
0.14436784
-0.20744015
0.08530603
0.22259523
0.06078006
-0.11558882
-0.04570818
0.02431434
0.05674117
-0.06242668
0.09540468
-0.03334935
0.02813528
-0.03616502
0.06553066
0.14839180
-0.18678483
0.10741163
0.06600089
-0.18592583
0.15129344
0.05653509
-0.02799960
-0.07037208
-0.05659858
0.15734971
0.07139090
-0.14837366
0.01055350
0.05253275
0.08754078
0.03080565
0.11386847
0.01237354
0.13821259
-0.00628157
0.00223469
-0.07107230
0.10298195
-0.07181687
-0.05596455
-0.01234273
-0.08183889
-0.11158177
-0.08500490
0.01714900
0.04467682
0.05388114
0.03552343
0.05821874
-0.01556656
-0.05392380
-0.14994134
-0.03622403
0.12421254
-0.00191496
0.12121884
-0.04914821
0.00310287
-0.01571106
-0.08868513
-0.00814187
0.03182527
-0.03703848
0.08291124
0.02021428
0.07879180
-0.08688237
0.06922947
-0.03142462
0.02784061
-0.02207207
-0.03741416
-0.03862388
0.03030281
-0.04202181
0.06784500
-0.09127033
-0.06236949
0.10973496
-0.06574445
0.05895930
0.05631031
-0.00197852
0.08311976
-0.02249074
0.06269793
0.08041297
-0.03614662
-0.04606677
-0.01113348
-0.00619589
0.01341424
0.01422481
0.00346810
0.01832607
-0.04729737
-0.01075790
0.05412216
0.00305292
0.00601071
-0.01888919
-0.02528876
0.10777644
-0.02520736
-0.02079180
-0.06805005
-0.07839515
0.04427220
-0.04908339
0.00441164
-0.01446249
0.02351059
0.04709660
-0.04991955
0.02820583
-0.06990547
0.00362350
-0.00657059
0.00264023
-0.04907848
0.02556589
0.07304583
-0.07359286
-0.05720839
0.03682568
0.10463396
-0.01372637
0.01305089
-0.05324025
0.01239242
0.07349878
0.04366265
0.03624993
-0.04024269
0.00463718
-0.06804606
0.05383720
-0.00069986
-0.08064109
-0.01342848
0.01977709
0.09358148
-0.06401169
-0.09669997
0.01816520
-0.09323226
-0.12117074
0.05063131
0.04717884
0.06666678
-0.04198765
-0.04663388
0.11806108
-0.02716987
-0.06027379
0.03941889
0.04636889
-0.11837491
0.07677618
0.01192917
0.01143274
0.12215909
-0.01120219
-0.07910764
-0.02199171
0.01316593
0.00508448
-0.01336098
0.04263544
-0.09901730
0.03875483
0.00293527
0.04772662
0.00672520
0.05229669
0.07060637
0.03127936
-0.13207944
-0.02005112
-0.04092963
-0.06918646
0.02292699
0.01109722
0.03711152
-0.05495979
0.03540449
-0.03112326
-0.06702407
0.02757550
-0.03394543
0.03065078
0.10935473
-0.04634977
0.12667491
-0.07068288
0.00416946
0.00117248
0.00879915
-0.02090643
0.00717684
0.00567963
0.06749989
-0.03822653
0.14960244
0.04218348
0.00662817
0.09931694
-0.04501513
-0.03082561
-0.01100738
-0.04992959
-0.04494830
0.00606856
0.01603381
0.00926056
-0.04317859
0.00677163
-0.09898663
-0.07163625
-0.09253507
-0.00807158
-0.06520870
-0.16392809
0.01245342
0.02482078
0.00454823
0.05932255
-0.10244843
0.03379013
0.13230717
0.03318778
-0.16959982
0.10035271
-0.06633403
-0.04597845
0.06917626
0.04637682
-0.05882692
-0.05117141
-0.06878144
0.13736135
-0.04171576
0.02428930
-0.03301708
-0.05731571
-0.01047411
-0.01851208
0.01514761
0.00877140
0.05535458
0.05291274
0.10560909
0.08844361
0.04458670
0.00184991
0.12197433
-0.07760441
0.19800761
0.16088706
0.04147222
-0.02922593
-0.03822229
0.02475932
0.09008034
-0.05200784
-0.00414318
-0.06665143
-0.03977027
-0.03641794
0.06698765
-0.01770851
-0.16388620
0.10533374
0.06892136
-0.03078869
0.11404219
0.03290644
0.04889167
-0.06025346
-0.08022764
0.15777728
-0.01151230
-0.15328859
0.05905127
0.02104761
0.07112072
0.13017736
-0.06309103
0.01669940
0.13598467
-0.07331147
-0.04669309
-0.13342573
0.03408637
-0.02608957
0.03026984
-0.01906785
-0.09168934
-0.00909429
-0.01565310
0.07941864
0.03911509
-0.00662427
-0.09447622
0.06367616
-0.06565899
0.00018122
-0.19684102
-0.04290888
0.06372220
0.05615871
0.04934632
-0.00295524
-0.01177936
-0.16603737
-0.18622907
0.02262486
-0.06891853
0.00377104
0.05220739
-0.09694098
0.07303495
-0.02815253
-0.02033024
-0.02854318
0.18120545
-0.07498869
-0.00487649
-0.01505289
0.11358514
-0.14710094
0.20303430
0.03683816
-0.03931671
0.00755439
-0.09818085
0.07163543
-0.02577750
0.00895144
0.14462391
-0.03902106
0.12275133
0.04312526
-0.04012963
0.19969466
-0.00849851
-0.19615208
0.00388279
0.06154827
-0.00541686
-0.13117640
0.04768197
-0.02633120
-0.04583710
0.09456143
0.02753833
0.07670905
-0.05094945
0.10909063
-0.09773984
0.05620445
-0.07045422
0.11710519
-0.00702122
-0.04606924
0.02505318
-0.01737847
-0.07549568
0.05273951
0.04793402
0.02997797
-0.04580872
-0.08451045
0.04565063
-0.02493971
-0.10640579
-0.00371416
-0.00959417
0.01112898
0.04756998
0.04850971
-0.00733616
0.07714535
0.09713996
-0.09633525
0.04591417
0.15281427
-0.07677333
-0.06984995
0.12592906
-0.02270463
-0.07183608
0.03938665
-0.00855998
0.03524696
0.11887862
0.04261532
0.10096128
0.08620407
-0.17472115
0.01315128
-0.03890447
-0.02236949
-0.01244076
0.07035289
-0.01222038
-0.17273055
-0.08437718
0.07080136
0.08369524
-0.05830973
0.03949927
-0.00959767
0.09827803
-0.04304296
-0.06434433
-0.02382878
0.07705431
0.00220480
-0.12825936
-0.01060574
0.08311699
0.03274766
0.00567559
0.02846260
-0.17690440
-0.10770034
-0.10977838
0.01269034
0.04378360
0.02773485
0.03111943
0.09226412
0.05965880
0.00313371
-0.03252306
0.02231264
0.04205430
-0.00286870
0.07160170
0.11494810
-0.01590593
0.01756796
-0.03371718
-0.07977910
0.02315420
0.00580846
0.02882247
0.05435994
0.07215897
-0.02500429
0.01548280
0.00812773
-0.14827025
0.06429565
0.01142110
-0.07145289
0.03704168
0.05062238
0.02680746
-0.04833984
-0.03091880
0.11279732
-0.02164722
0.07638212
0.02119200
-0.06869395
0.01320120
0.01532852
-0.03639562
0.03415597
0.01790436
-0.03701183
-0.02308832
0.04727645
-0.07949976
0.01768599
-0.05849184
-0.06951732
-0.00894819
0.06449511
-0.02821719
-0.05470130
-0.07612488
-0.07140952
0.04883688
0.02995756
-0.10016720
-0.00062800
-0.04102711
-0.09091810
0.00783691
0.05166180
-0.06439847
-0.03435335
0.03226136
0.08230303
-0.04320488
0.07853600
-0.01521393
-0.00004421
-0.07945950
-0.02541520
0.02652221
0.10048121
0.12662064
-0.06711788
-0.07149909
-0.02516777
0.04609457
-0.13938479
0.00334407
-0.02616362
0.01375990
0.02963394
0.01588208
-0.03178996
-0.16363807
0.02250503
0.04464716
-0.04787206
0.04482290
-0.05472215
-0.05963815
-0.04691277
-0.01969495
-0.06263531
-0.00122148
0.05584675
-0.00991624
-0.04754309
0.09816029
0.01310094
0.05751951
0.10663946
-0.02775691
0.09249943
-0.03938614
-0.09821679
-0.05910402
-0.00186411
-0.06961931
0.08521143
0.06036652
0.00498739
0.08650278
-0.00271490
0.03752036
-0.04136852
-0.00289665
0.02394017
-0.09121259
0.07628413
-0.03989634
0.11332326
0.00721496
-0.01223132
-0.05409710
0.05867430
-0.04204539
-0.00983111
-0.12035204
-0.02211597
-0.11205444
0.00767701
0.11561193
-0.00125438
0.02355767
-0.08594145
-0.02448297
-0.02281820
-0.15791874
-0.02832293
0.02726661
-0.04059644
0.07080536
0.01705847
0.09648905
-0.03879266
0.05024457
0.02145682
-0.09315766
-0.01644502
0.06754040
-0.10113520
0.02670905
0.00700876
0.13146266
-0.05820469
-0.05025221
0.15276580
-0.02054685
0.02648795
0.04720946
-0.10549732
0.10455156
0.03065443
0.02210493
0.07450274
-0.05107878
0.05533391
-0.10107128
-0.02421155
-0.11307415
0.01923371
-0.03280839
-0.11174572
-0.02582950
0.12148818
0.00344525
-0.03507621
-0.06692328
-0.06807366
-0.00876964
0.08124796
-0.07458944
-0.03440643
-0.08024371
-0.11171794
0.04507684
-0.07669991
-0.06388239
-0.10169550
0.00989113
0.11190447
-0.03176339
0.02306819
-0.04247242
-0.05916142
-0.06969306
-0.01230315
-0.01376649
0.08070064
0.12310675
-0.09571964
-0.02619822
0.01837046
0.07350522
-0.08189286
0.02094446
-0.15212773
0.06952517
0.10829218
-0.02303596
0.00861840
-0.09347068
0.02404426
-0.02676605
0.00466084
0.04018313
-0.10860655
0.00300044
-0.02048236
0.06218154
-0.07665932
-0.11865979
0.02445104
0.02039781
-0.04276518
0.15700811
0.05170392
0.10207216
0.03802115
-0.02450648
0.15719633
0.03383972
-0.07811797
-0.00914866
-0.01178421
-0.03198503
0.11373109
0.07881578
-0.04501348
0.14237957
-0.00092386
0.00959253
-0.08495643
-0.00855093
0.02900072
-0.14438164
0.03418085
-0.07722985
0.05227982
0.00509743
0.00969212
-0.04408779
0.08210260
0.04078135
-0.04323889
-0.16143395
-0.01329769
-0.14938481
-0.01858453
0.12839308
0.04085425
0.08122070
-0.09366605
-0.00233968
-0.04173766
-0.15862119
0.01073377
-0.03752555
0.04595020
0.07303808
-0.04443619
0.10792688
-0.10263281
0.02865955
-0.03623771
0.04796921
-0.04457240
-0.01201386
-0.04213914
0.05829581
-0.04105863
0.06756382
0.01298738
-0.05054945
0.12948139
-0.04223293
-0.00204952
0.06254181
-0.03088984
0.10651795
0.02512857
0.05065815
0.06653585
-0.01700462
0.07434334
-0.02514232
-0.10152122
-0.01474329
0.03253486
-0.04666327
-0.04429109
-0.00542867
0.03201730
-0.04430343
-0.01662389
-0.01051310
0.04141350
-0.07127874
0.06289674
-0.08597955
0.03910726
-0.05171097
0.04969131
0.08481316
-0.07474340
-0.02165202
-0.04910728
-0.06941106
0.09041779
-0.03742184
0.04168894
-0.04353426
-0.00773907
-0.05331014
-0.04640503
-0.01659870
0.05401507
0.03406200
0.01328528
0.06455849
0.12702054
0.07849748
-0.03111519
0.04872433
-0.06305498
0.09696787
0.13888958
-0.00416276
-0.00313148
0.01141525
0.05133114
-0.04507902
0.02650294
0.00304671
-0.09224717
0.02089022
-0.00982754
0.04801707
-0.03006217
-0.15805097
0.02059073
-0.06702232
-0.05739744
0.00587768
0.06303862
0.04286772
-0.09236281
-0.06374395
0.11620609
0.00184680
-0.08699421
0.05124025
0.02848360
0.00290920
0.03275748
0.02002870
0.03203190
0.10746571
0.01538816
-0.04670384
-0.07325444
0.04210393
-0.04915740
-0.01621239
0.00663028
-0.15345687
0.02408262
0.01345174
0.07135735
-0.00890131
0.06233991
-0.02851136
-0.04605976
-0.08137393
-0.01692361
-0.06667349
-0.02763737
0.00515077
0.01687834
0.06447718
0.00088419
-0.00098169
-0.00172874
-0.07744021
0.01501991
-0.02770066
0.02371270
0.07186578
0.00225003
0.05169523
-0.05304565
0.02874105
-0.04139029
-0.01374203
0.02947026
0.01208183
0.00186708
0.01054527
-0.01628519
0.00953731
-0.03104988
-0.01497210
0.06805851
0.00789355
0.02171651
0.06419367
-0.06330141
0.03790276
0.00214122
0.01934259
0.06277757
0.01292795
-0.00207122
-0.00419814
-0.04468842
0.01567615
-0.01396165
0.00342029
-0.00085297
-0.00181796
0.03354827
-0.00289399
-0.01289846
-0.02428375
0.05000920
-0.02759629
0.05890841
0.00461365
0.00888195
-0.04015650
-0.00302309
0.03401269
-0.01417902
0.01699650
-0.03786550
-0.01812259
0.05896270
-0.02540211
-0.00683146
-0.06298891
-0.00863671
-0.02741806
-0.01633503
-0.03013223
0.02380046
0.02620313
-0.01635796
0.00714798
0.02820850
0.07561868
-0.01289312
-0.00743684
-0.02300035
0.06772614
0.09044879
0.03495657
0.00475671
0.03489254
0.04909592
-0.01453822
0.03862470
0.02211133
-0.08464597
0.00885157
-0.01463521
0.07812565
0.01267066
-0.11001936
0.03468690
-0.05545569
-0.07840336
0.03892270
0.05454118
0.03969323
-0.06423372
-0.05679728
0.08767360
0.01059984
-0.04071395
0.03347965
0.00841554
-0.02901097
0.03427541
0.04411639
0.00711970
0.09177458
0.01453451
-0.05100997
-0.02842451
0.01076683
-0.04301791
-0.04201697
0.01760417
-0.08005267
0.00471855
0.00986168
0.03651872
-0.00927589
0.04351079
0.01011300
-0.00290735
-0.05827058
0.04926001
-0.00605804
0.00735298
-0.01750956
-0.01714120
0.05506334
-0.03059250
-0.00167727
-0.04111191
-0.13107598
-0.04628524
0.02234585
-0.04572237
0.07617571
0.01404470
0.10555371
-0.10469643
0.05079120
0.03772680
-0.02190812
-0.07869745
0.08088013
-0.07127929
0.03429756
-0.02603636
0.16333598
-0.05471713
-0.06542588
0.18648842
-0.02352380
0.00129586
0.01791905
-0.12414759
0.10633544
0.03653535
0.03690450
0.05322325
-0.06262904
0.01841270
-0.11360751
-0.04004826
-0.15725951
0.00271846
-0.03966472
-0.13968675
-0.02154547
0.13294041
0.03962095
0.01576930
-0.09729070
-0.06391059
0.05191342
0.08760433
-0.15274131
-0.03815436
-0.07800821
-0.13419601
0.09130166
-0.04040326
-0.06984937
-0.12508543
-0.00475634
0.12214553
-0.04665248
-0.01897264
-0.00082252
-0.03519769
-0.05468636
-0.02881104
-0.03422498
0.05546370
0.13669589
-0.05932604
0.00923109
0.02972495
0.08013450
-0.07980656
0.03833232
-0.15367712
0.15119411
0.12815866
-0.02238029
0.01608210
-0.09164979
0.03186987
-0.00829172
-0.00006040
0.04240707
-0.08418848
-0.04807872
-0.01352660
0.09921923
-0.08835111
-0.16239995
0.03469364
0.02444351
-0.05286873
0.15511760
0.05555138
0.12404363
-0.00700457
-0.04310808
0.17455819
0.03602411
-0.10668873
0.02800324
0.00444927
-0.01760957
0.15476188
0.01957070
-0.02535074
0.16545996
-0.06391572
-0.04289153
-0.12445361
-0.01057490
0.02964070
-0.12068067
-0.01432412
-0.07701232
0.07389328
-0.00389912
0.06610848
-0.03945868
0.02252334
-0.00064015
-0.00510252
-0.16226903
-0.00462916
-0.18259676
-0.02807401
0.11360113
0.06237007
0.04967003
-0.07882858
-0.00295331
0.05519350
0.07500090
-0.02655650
0.02728922
-0.03983898
0.07091823
0.00602325
0.11892109
-0.11980949
0.03224399
0.04429055
-0.03762168
-0.09250058
0.02855771
-0.02781546
0.05177779
-0.00878196
0.12101497
-0.04779939
-0.08124648
0.15784810
0.01014995
-0.07981750
-0.03489912
-0.10040072
0.04121425
0.04129984
0.00667250
-0.03079724
-0.06697170
-0.07263313
-0.08565054
-0.01731647
-0.13325232
-0.01352735
-0.02459604
-0.14553501
0.04629163
0.06510902
0.06412574
-0.03561006
-0.08105767
-0.10305543
0.10145000
-0.02448672
-0.20038888
-0.01566644
-0.08392955
-0.13864394
0.10357222
0.04466408
-0.07452501
-0.13594872
-0.00723446
0.13072126
-0.05880791
-0.01712490
0.03245341
-0.04456387
-0.03698125
-0.04493625
0.05632354
0.08540628
0.13487875
-0.00708389
0.04923883
0.02147751
0.07620119
-0.11470620
0.05721022
-0.05275810
0.13225082
0.07052597
-0.03710660
0.01666160
-0.04493771
0.02505726
0.05420518
-0.07251322
0.01155057
-0.03334385
-0.11914997
0.00893047
0.05739537
-0.09582337
-0.07467138
0.03433527
0.04386403
0.07403891
0.09036762
0.06144473
0.12544465
0.06239386
-0.01823852
0.11382873
-0.01108226
-0.15129671
0.01440283
0.00535151
-0.00979125
0.14623620
-0.05558267
-0.02869149
0.13205896
-0.07482634
-0.08897626
-0.14219940
-0.02526995
-0.00210485
-0.04145913
-0.03444206
-0.01713909
0.10919581
-0.00422699
0.05958256
-0.08186308
0.00659999
-0.06297325
-0.00165541
-0.12026062
0.04759758
-0.17094180
-0.03411831
0.12029302
0.09405156
0.01379989
-0.05663616
-0.00819734
-0.06599539
-0.20551862
0.03346558
0.01004705
0.10086057
0.05812715
-0.03699444
0.15786922
-0.01913102
-0.03485216
0.01654628
0.00083703
-0.00674165
-0.04020315
-0.02312222
0.10362685
-0.08749276
0.16100319
0.00006360
0.02463396
0.05269310
-0.17996247
0.09302415
-0.03919628
-0.01970425
0.04996459
-0.02975603
0.03872307
0.06287260
-0.02309686
0.09748463
-0.05036402
-0.15325792
-0.04004965
0.01791735
-0.02868163
-0.17809579
-0.02709053
-0.03969869
-0.05429808
0.08220758
0.02215086
-0.00434433
0.02086049
0.18433693
-0.07472933
0.07778756
-0.13395749
0.09586147
-0.04336133
0.01498141
0.02647131
0.03165121
-0.08520406
0.07202216
-0.00509250
0.11515668
-0.08454503
-0.09089891
0.01035972
0.00505182
-0.04049477
0.06865498
0.01720662
-0.11722874
0.01079075
0.05104753
0.07131734
-0.06324589
0.07545056
-0.11449630
0.04447244
0.20280957
0.02287550
-0.11944691
-0.08586697
-0.02335784
0.00288610
0.01086985
0.02053990
-0.04826571
0.02507570
-0.04231945
0.05478735
0.14526728
-0.09866356
0.08353616
-0.02240346
-0.14833105
0.13282596
0.10374783
0.04092458
-0.10678077
-0.08033697
0.16133685
0.04203844
-0.16136236
-0.02618001
0.01460060
-0.04688771
0.04652581
0.02664863
-0.01055833
0.11335419
-0.01900515
-0.08526966
-0.02002597
0.07309874
0.01557034
-0.11554300
0.07553707
-0.14358100
-0.05296586
-0.11965635
0.00342780
0.04188549
0.01347067
0.07962609
0.13816653
-0.01657299
-0.03989905
-0.11119849
-0.03069703
0.17120665
0.00579364
0.06966747
0.00586689
0.03414678
0.04019345
0.01616454
-0.02323535
0.00378351
-0.03261848
0.05078911
0.00143297
0.08732460
-0.11219288
0.02689825
0.03085326
0.00885265
-0.07265231
-0.01267384
-0.01963725
0.05210108
0.02601991
0.06132027
-0.00679916
-0.05586171
0.07095890
-0.00892110
-0.02331877
-0.03208669
-0.05138103
0.03462709
0.03335395
0.01924615
-0.00776532
-0.03958918
-0.08477194
-0.03663676
0.05049389
-0.06200080
-0.01533189
-0.02642895
-0.06454254
0.04416861
0.00251980
0.08771934
-0.03268069
-0.01347341
-0.04973239
0.10201088
0.00531315
-0.14279215
0.01587838
-0.04658275
-0.06532076
0.07004452
0.05413797
-0.02990387
-0.07817957
-0.02655304
0.06670618
-0.05876059
0.03287993
0.01744654
-0.01928770
-0.02643703
-0.00401120
0.03238741
0.05030829
0.07255414
0.01737416
-0.02208082
0.02454327
0.08261698
-0.08196847
0.03099648
-0.04201676
0.11285055
0.02675494
0.04335294
0.01397093
-0.08497533
0.00826647
0.03393360
-0.03863888
0.01683347
-0.04577938
-0.08111606
0.00907033
0.00558463
-0.04626276
-0.05008807
0.00137482
-0.01835428
0.00294005
0.01499216
0.02818925
0.09932411
0.04925949
-0.05154153
0.08166596
-0.04793326
-0.11725592
0.00884008
0.01165464
0.00386507
0.11417618
-0.05410668
0.01642834
0.09660757
-0.04264167
-0.02835486
-0.11341935
-0.03431476
0.00840203
0.01317202
-0.00771516
0.00084014
0.09386765
0.03692300
0.03266291
-0.05255933
-0.02854834
-0.06769165
0.00091792
-0.10354842
0.02873966
-0.11288465
-0.05374245
0.05856930
0.04660629
-0.01954791
-0.02449893
0.01794587
-0.03066582
-0.01368424
-0.09026483
-0.00966685
-0.03960177
0.03454223
0.02854459
0.08651137
-0.07899263
0.01915499
0.05204378
-0.05690982
-0.00904122
0.02960599
-0.03728071
0.09133269
-0.00952334
0.10112836
-0.02895777
-0.06889518
0.09597403
-0.00942975
0.03490582
-0.02936392
-0.10161404
0.00900304
0.05382642
-0.01890459
0.01704297
-0.03926842
-0.01367778
-0.07515296
0.01033431
-0.14708301
0.02725986
-0.07781862
-0.12640819
0.00884212
0.08008136
-0.00719712
0.02254519
-0.10082851
-0.07478485
0.08487000
0.03676423
-0.18563500
-0.01121157
-0.05953097
-0.11262403
0.06287952
0.05722200
-0.07679348
-0.10772149
0.00269608
0.08768558
-0.03780643
0.03567163
0.03027524
-0.05284530
-0.04792997
-0.03390965
0.00629014
0.04068686
0.12806363
-0.00080199
0.02207279
0.03441222
0.02814973
-0.08669014
0.05598139
-0.10062660
0.11611016
0.05802764
-0.01840021
-0.01987186
-0.09983069
0.02847018
0.04801018
-0.08878008
0.05745381
-0.01119184
-0.07313103
-0.02132795
0.00811183
-0.05943279
-0.10895364
0.04714131
0.02214330
-0.00068345
0.07189483
0.04548444
0.08527268
0.07172010
-0.04047169
0.09940947
0.03170997
-0.12111343
0.01139989
0.00008386
0.00606621
0.10995455
0.00620377
-0.04669265
0.12561028
-0.05446168
0.00320483
-0.08560961
-0.00148999
0.03785161
-0.05304556
0.01254717
-0.04382604
0.09130821
0.00371836
0.02848289
-0.05005912
0.01754647
-0.04664045
-0.00896843
-0.11652944
-0.01267646
-0.16316754
0.00537110
0.10378688
0.04118934
0.00787135
-0.03266859
-0.02802121
-0.04057818
0.01902618
-0.01740805
-0.00437419
0.05329073
0.01510031
0.00029824
0.03608076
-0.04948758
-0.02885186
-0.00499693
0.04936822
0.03460318
0.00047564
0.01007668
0.00914836
-0.02975822
0.02116927
0.05080630
0.00045177
0.02238397
-0.05747827
0.01302144
0.01900894
0.07440977
-0.05715057
-0.02086059
0.00918429
-0.02689671
0.01996190
0.00561345
0.00836306
-0.07125115
0.00128730
0.00681469
-0.06858610
-0.05413279
-0.01575017
0.01484883
-0.01623258
0.05274854
-0.03518778
0.05140272
0.00888967
0.01616956
-0.10081349
0.07429267
-0.06635348
0.04692670
0.02640273
0.02707231
-0.03076502
0.01961114
-0.06461190
0.02301510
-0.01171862
0.03334445
-0.03719625
-0.01276698
0.05233375
-0.01926351
-0.01328706
0.00583894
-0.03211578
0.06329346
0.06723685
0.01512785
0.02572397
0.04346156
0.00809646
0.01849798
0.03135752
0.08838394
0.01847813
-0.05712014
0.03734857
-0.02879622
0.01993256
-0.03567500
0.01569659
0.01615379
0.00933083
-0.04718641
0.03101884
0.01144055
-0.06351323
0.03225899
0.02820360
0.00534362
0.00588242
0.03455424
-0.03324778
-0.07793499
-0.08391416
-0.00346964
0.00940376
-0.04728412
0.03750112
0.03400738
0.07087664
-0.01754763
-0.04733625
0.04662909
-0.04399402
-0.03396255
-0.00718275
-0.00598224
0.06610367
-0.00673026
0.05087791
0.00392386
-0.07887667
-0.00975673
-0.02330674
0.05198283
0.06131855
-0.00698096
-0.04536027
0.05129606
0.03334934
-0.02999754
-0.05170283
-0.01523859
-0.04333454
-0.01914754
0.00128847
0.01461474
-0.04280090
-0.00722602
-0.14333515
0.06694755
-0.05619351
-0.01371770
0.09493005
-0.03285768
0.11151863
-0.03873113
0.01724375
0.01652723
-0.02442424
-0.02820133
-0.10733619
-0.03600253
0.10313144
-0.12627560
0.12634249
-0.01029029
-0.03298907
0.05338373
-0.16083528
0.03922677
0.00814601
0.02733465
0.04419499
-0.01694627
0.05607813
0.06884470
-0.08407427
0.04483297
-0.00250165
-0.11004890
0.03375068
0.03133872
-0.00058323
-0.05400977
0.00748769
0.01272559
0.01375217
0.07538639
0.01143252
-0.01741483
-0.03422699
0.16556944
-0.06534721
0.05575893
-0.12345534
0.01783387
0.00660296
-0.07246125
0.03801683
0.04202266
-0.02867100
0.05414443
-0.01809398
0.03913082
-0.08459204
-0.13795058
0.01391866
-0.00359484
-0.00294860
0.00630200
0.04934185
-0.12277328
0.05351536
0.09874530
0.07899329
-0.00231362
0.05799408
-0.15657367
-0.03654328
0.11506051
0.06724103
-0.03656060
0.02417792
0.01293945
-0.11982486
0.02387571
-0.00759188
-0.01521344
0.03789541
0.00184432
0.07514539
0.12749884
-0.10320141
0.00892532
-0.05744781
-0.14862296
0.09527829
0.06043781
0.07984629
-0.07691339
-0.02257946
0.12504670
-0.01231326
-0.11303230
0.01089432
0.06109786
-0.09014427
0.02877135
0.00955542
-0.03625000
0.11271405
0.02926298
-0.11484347
0.00879221
0.07151426
-0.01683385
0.04884939
0.04972600
-0.12579024
-0.03085791
-0.08785097
0.05847974
0.06005082
0.00612644
0.07990919
0.10582592
-0.03360859
-0.06365050
-0.05433610
-0.08377837
0.12089869
-0.00093835
0.08232224
0.01783113
0.07333444
-0.07531264
-0.06758447
-0.04582506
0.04775697
-0.01863336
-0.00245562
-0.04152641
0.03259565
0.00564768
-0.03095908
0.01121476
0.08713324
0.00586584
-0.01688603
-0.05429893
0.02769759
-0.02916868
0.11986685
0.00467675
-0.02722047
0.01674252
-0.11117144
0.09840108
-0.01019192
-0.03572034
-0.01657582
-0.04163075
0.01698940
0.00057504
0.03146160
0.05011462
0.01037914
-0.06497483
-0.01221757
0.05309248
-0.05279263
-0.02420928
-0.00508254
-0.06097432
0.00407684
-0.01471417
0.00355798
0.00882947
0.02844318
0.01744754
-0.07280873
0.02247141
-0.06096667
0.00101774
-0.03337963
0.01131022
0.00622794
0.01461604
-0.02851675
-0.00280827
0.00196738
0.05190894
-0.03012341
0.01928631
0.04819528
0.02411635
-0.07608064
0.00717932
-0.04278983
0.02457632
-0.02116324
0.00306556
0.05100717
0.04708779
0.07093976
-0.00864736
0.05649678
0.07821175
0.01884758
-0.03984118
-0.04027569
-0.00587931
0.04554440
0.02779360
0.08394747
-0.06852227
-0.00446879
-0.00136457
0.02644794
-0.05826955
-0.08403891
0.03659011
0.00014081
0.00052254
-0.01364900
-0.00699745
-0.00286402
-0.00405331
-0.06820760
0.03044924
0.01452026
-0.05261073
0.01112906
0.03803731
-0.00660939
0.01087738
-0.06690245
0.05046634
0.02269901
0.01794142
-0.04548195
-0.01659022
0.05152996
0.05818370
0.01296410
0.04829850
-0.05964760
-0.01795614
0.00046481
-0.05092476
0.00988809
0.01649110
-0.01140629
0.06360149
-0.01121188
-0.02833621
-0.06577115
-0.05145971
-0.01227421
-0.01169225
-0.00083239
0.00310712
-0.02751607
-0.02775552
-0.00896019
-0.00350851
0.00107168
0.06435446
0.04695971
-0.02809565
0.04050843
0.01902286
-0.05127477
-0.00692317
0.11156075
0.02982369
0.02901802
-0.00232313
-0.02455667
-0.03458543
0.08594728
0.02691763
0.03299557
-0.01794354
-0.10724405
0.02954968
-0.05612191
0.08188567
-0.07846185
-0.05670784
0.00955907
-0.04939227
-0.00158723
0.04778664
0.00007817
-0.11442237
-0.00358696
0.01393808
-0.00989222
-0.06029435
0.00277531
-0.03512781
-0.00780819
0.04994112
-0.01780935
0.05413815
-0.00734940
0.01082324
-0.08848722
0.07560570
-0.06636128
0.07082564
-0.03042414
0.00579326
-0.04082279
0.04981986
-0.06019130
-0.01012100
0.02866901
0.03513032
-0.03525282
-0.00447942
0.09200556
0.02255012
-0.04847350
-0.01996005
-0.07089323
0.02444432
0.05846726
-0.03291592
0.05983082
0.09715900
0.00133262
0.03665710
0.02286416
0.07524434
-0.01073939
-0.05398826
0.03715155
-0.05209576
0.03456734
-0.00242343
0.02441186
-0.00493031
0.03375451
-0.02726688
0.04551652
0.02574183
-0.04849242
0.03861426
0.03375517
0.04776603
0.03025436
-0.00473035
-0.00680137
-0.07021348
-0.08485383
0.00404288
0.01459164
-0.02359838
0.02896599
0.06573847
0.04408723
0.00055729
-0.07992253
0.03100344
-0.03699376
-0.00363784
-0.05329197
-0.00725561
0.07374419
0.05474672
0.05438206
0.02270423
-0.07913046
-0.08555316
-0.06679546
0.03032121
0.07799810
-0.04422200
0.01359218
0.11861937
0.07258540
-0.01258166
-0.07812006
-0.01957519
-0.01022149
-0.00569261
-0.01163591
-0.01353742
-0.05012636
-0.07751129
-0.01518240
-0.03870081
0.00158291
-0.07458593
-0.01182920
-0.02451401
0.03099752
0.02816191
-0.05620566
0.10514805
-0.04530674
-0.04854942
0.05946727
-0.04487819
0.09353631
-0.04190475
0.13128382
0.01822894
0.02490751
-0.00200583
-0.03763316
0.06462366
0.01366206
-0.08938159
-0.07304229
0.03090316
0.00012345
-0.04547074
-0.04067196
0.07631254
-0.15762338
-0.07091863
-0.12073983
0.01128339
-0.10221981
-0.11429180
-0.05258293
0.06110451
0.06432218
0.05002107
-0.08736537
-0.07055308
0.03911892
0.07048719
-0.14656290
-0.00428565
-0.04019320
-0.12307676
0.06113864
0.01055823
-0.01383801
-0.03698557
0.03038637
0.03185217
0.01653294
-0.03168953
-0.02184325
-0.07388873
-0.00274369
0.00818505
-0.00529837
-0.02837930
0.02347042
-0.01267012
0.07128306
-0.04665702
-0.00427363
-0.02786882
0.06977087
-0.11184268
0.06304429
0.13993065
0.03164086
-0.04109807
0.01155726
0.01833946
0.05495769
-0.06505581
0.07123072
0.06801718
0.01196637
-0.04654196
-0.02226304
-0.00516861
-0.06464689
-0.00458194
0.08768822
-0.00185900
0.10940714
-0.01196610
0.03362493
0.02154259
-0.01889640
0.06014123
0.05112847
-0.09983987
0.00164258
0.01635723
0.11128936
0.06000645
0.02354502
0.01335364
0.10027584
-0.02493742
0.00096204
-0.08546075
0.00712946
-0.00893773
0.06919496
-0.09009269
0.01580213
-0.02401385
-0.07122223
0.00675199
-0.00878262
-0.06416312
-0.00912895
0.04062400
-0.00182116
-0.00811732
-0.11217402
0.02703163
0.07578649
0.01010623
0.02033018
-0.07372218
-0.01184576
-0.02562680
-0.09130356
0.05578603
-0.00760640
0.00359730
0.08440002
-0.01869360
0.01538548
0.05714320
-0.00297733
0.01137565
-0.05455220
0.05426554
-0.03935391
-0.03782102
0.06846531
-0.09320392
0.04539087
0.02128160
0.01262448
-0.02441062
-0.13277966
0.08824409
0.02950118
0.07001771
-0.03285224
0.01769337
-0.03851603
0.01866920
-0.05895499
0.04428591
-0.01117344
-0.05695436
0.05117441
0.03121621
-0.00341407
0.03702779
-0.03632174
-0.02218086
0.02982467
0.04702557
0.00006157
0.04076091
-0.05527965
0.12990618
-0.00229831
0.06339174
-0.11865335
0.01519038
-0.03001161
-0.03557983
0.05986947
0.12135252
-0.00254762
0.01904952
0.01345831
0.04883055
-0.15995532
-0.12478321
0.02754156
0.04264480
0.01921662
-0.02549443
-0.04344182
-0.10997675
0.04269646
0.03643869
0.03028500
0.04743410
0.00512445
-0.12591390
-0.13428070
0.09378614
0.07831711
-0.05437360
0.00011301
-0.03713937
-0.06219438
-0.04246769
0.01651363
0.02511657
0.04950273
0.00178843
0.03851934
0.14742124
-0.06098646
0.02403213
-0.02574762
-0.12548953
0.04733070
0.01132732
-0.00827905
-0.04818647
-0.02638846
0.04684447
0.01331908
-0.02130643
-0.00494973
0.08248019
-0.00572920
-0.04122559
0.06144091
-0.01236628
0.01417715
0.04765105
-0.02239500
0.02064222
0.07717420
-0.00266342
0.04341328
0.03814105
-0.05869142
-0.07701749
-0.05365388
0.03268765
0.06424626
0.00438259
0.06865588
0.03050064
0.06362063
-0.05598040
-0.00698803
-0.05999599
0.04562718
-0.02440356
0.04351768
-0.00927616
0.05228233
0.03164257
0.04694151
0.01905661
-0.01594131
0.00450732
0.00154383
-0.00422835
-0.00487957
-0.01437153
-0.03308545
0.06946473
-0.01515330
0.02506518
-0.06525511
0.00221770
0.02031059
-0.08771774
0.03531906
-0.00200027
0.03257234
-0.01904486
-0.10000187
0.02282385
0.00484912
0.02167539
-0.10031316
0.05189257
-0.05729545
-0.02854319
-0.02848534
-0.04702594
0.02732247
-0.03764226
-0.03047175
-0.02975096
-0.00938019
-0.01559749
-0.01590427
-0.01947754
0.04978648
0.07744221
-0.02173617
-0.00285556
-0.03249966
0.06182425
-0.05642319
0.09425255
-0.02986243
0.01204738
0.04252334
0.01263135
0.06223080
0.03483260
-0.03883599
-0.06019566
0.03916755
-0.00725895
-0.02025408
-0.09318800
0.06597005
-0.00772909
0.05337665
-0.04257885
-0.01363359
-0.05128730
0.05813592
0.05872918
0.02131500
0.04573556
-0.00675747
-0.07103045
-0.02003412
0.04049747
0.08335271
-0.02620613
-0.03876902
0.02821999
-0.02694673
-0.06952407
-0.00271776
0.08215027
-0.01588705
-0.00811845
0.01274390
0.06315001
-0.00249167
0.05012640
-0.00587552
-0.03645537
0.05696205
0.01945047
0.04981185
-0.03722389
-0.01642559
0.00642503
0.01487020
-0.05768872
-0.00715276
0.07292694
-0.01147515
-0.01107647
0.04393202
-0.02748065
0.01682644
-0.02102263
-0.05448750
0.01007065
0.09335833
0.01169163
0.08179335
-0.02934473
0.01299613
-0.00111438
-0.03981496
0.04995283
0.08038373
-0.06743857
-0.03186422
0.07268307
0.06844264
-0.01911028
-0.05508894
-0.03572264
-0.01579281
-0.01130626
-0.06845891
0.00287011
0.05951625
-0.00426749
-0.07530821
0.06099233
-0.02000562
0.00845978
0.11021128
-0.02646349
0.03169066
0.00043863
0.02353325
-0.02104338
-0.01411809
0.01411387
-0.04495012
-0.03101574
0.01565970
-0.06234752
0.07285588
0.00092993
-0.00807071
0.01048502
-0.09779836
0.01939310
0.00518519
0.09700446
-0.01678891
0.00891510
0.03038662
0.02171929
-0.05393971
0.00495343
-0.03771899
-0.04426697
0.04008313
0.02485647
0.01578459
0.01239169
0.03182422
-0.00125410
0.05907862
0.05717942
-0.02886694
0.05411030
-0.03654845
0.09483619
-0.04734716
0.04124113
-0.09121785
-0.00108295
-0.00415278
-0.05017933
0.02024177
0.07244992
-0.00701098
0.05231443
-0.00318669
0.02917482
-0.10244591
-0.08066595
0.00597733
0.02059446
0.01966932
-0.04172265
0.00637887
-0.06790279
0.03779759
0.02006917
0.05391173
0.04925201
0.00330633
-0.11060489
-0.01866636
0.07591307
0.03900755
0.01692966
0.04535306
-0.03556148
-0.07387060
-0.01107444
-0.00472955
-0.01499904
0.04494090
0.01362787
0.06516240
0.07744108
-0.03628643
0.01454541
-0.01510950
-0.09721772
0.07554333
-0.00170995
0.03746533
-0.06427702
-0.05599914
0.05587461
-0.01238408
-0.01291905
0.01230071
0.08753359
0.00479964
0.01131681
-0.00622972
-0.02799586
0.06496216
0.02650679
-0.06004292
-0.00617611
0.05441632
-0.00169508
0.06063862
0.01557027
-0.07709949
-0.04360653
-0.04602139
0.07120722
0.08643088
-0.00351930
0.01815119
0.05882100
-0.00080295
-0.02872743
-0.06389413
-0.04610955
0.04542012
0.00641488
0.05107261
-0.00426575
0.03293009
-0.06223189
-0.03269107
0.02888338
-0.07224285
-0.03927204
0.01213054
-0.00846979
0.03243696
-0.00992582
-0.01758770
0.03344107
0.08652201
-0.04193307
-0.00603855
0.01220548
0.11001031
-0.06903410
0.10333043
-0.00549447
-0.04457818
-0.05450287
-0.00897573
0.06665591
-0.05502949
-0.04128275
0.06519976
-0.01076175
0.07978641
0.00182571
-0.01254031
0.08049586
0.00639216
-0.07692869
0.00396989
0.02670015
0.00357572
-0.09372237
0.03210545
-0.04249140
-0.02000437
0.06057132
0.08326697
-0.02939892
-0.04553530
0.05614080
-0.05126564
0.01993355
-0.03979339
0.03864157
0.00468990
0.00917836
0.04238560
-0.00923238
0.01548945
-0.02619665
0.00934579
-0.00907732
-0.01043126
-0.07901633
0.04242106
-0.02565269
-0.05058243
0.00220275
0.04258422
-0.02881237
0.01350916
-0.00749344
-0.02411454
-0.04307126
0.00835388
-0.03220382
-0.04410280
0.05257311
-0.05270674
-0.07086886
0.08289044
-0.04200859
-0.04583348
-0.02134188
0.00958112
0.05373123
0.07789735
0.04258015
-0.02287438
0.08859082
-0.05798474
-0.04395212
-0.03099886
0.07042260
-0.00998444
0.09107944
0.02442578
-0.03872712
-0.00348770
0.00815217
0.05132081
-0.06313698
0.02478206
-0.06717547
-0.02180155
-0.02733064
-0.00510810
-0.05832513
0.08547185
0.02319209
-0.09671742
0.04795564
-0.00495129
0.02918663
0.02860772
0.02768246
-0.05313348
-0.02829414
-0.09080882
-0.03373358
-0.03041183
0.01992590
0.10002054
0.03674594
0.08693738
0.06039676
0.04765860
0.03591499
0.09890421
-0.00162736
0.04446897
0.03019415
0.01310025
0.01592667
0.00889561
-0.08817474
0.04066446
-0.00161286
0.02307828
0.07261687
0.04253531
-0.01307490
0.01804489
0.01837607
-0.13829613
0.07322787
0.04484823
-0.05775071
0.03328711
0.04825638
0.03128456
-0.02820411
-0.02035315
0.07970744
-0.00115512
0.05813933
0.00392847
-0.05161954
-0.00182652
0.03214999
-0.03933792
0.00464827
0.00503654
-0.02632408
-0.03021875
0.04509534
-0.08651355
0.02814249
-0.05644803
-0.08804836
0.00454087
0.06701647
-0.00184487
-0.03420617
-0.08835254
-0.06653140
0.05020130
0.02847179
-0.12312841
-0.00350218
-0.06076977
-0.08808775
0.00072848
0.05538547
-0.06016744
-0.03248026
0.05372411
0.08172703
-0.03690513
0.05744877
-0.00509631
-0.01886744
-0.07278965
-0.03399272
0.03030071
0.08456235
0.10911968
-0.05524307
-0.05505457
-0.04683243
0.01898778
-0.10822209
-0.00934179
-0.04380863
0.00297867
0.02579836
-0.01835923
-0.02234720
-0.13658190
0.01196933
0.04953771
-0.08300986
0.05261802
-0.03316870
-0.06528557
-0.03112797
-0.02528940
-0.05476266
-0.00929215
0.05470195
0.02566594
-0.01968071
0.08257694
0.01488052
0.06769734
0.11546669
-0.02934803
0.05700664
0.00522453
-0.07881270
-0.05932374
0.00900402
-0.03733287
0.06938294
0.04375320
-0.01607256
0.07320780
-0.01319244
0.06423234
-0.03846343
0.00110968
0.01301970
-0.09563516
0.07323759
-0.02614037
0.11971265
0.00740541
-0.01525938
-0.04556159
0.04038456
-0.03126530
-0.01082293
-0.09240334
-0.02127882
-0.13415000
0.00659214
0.10300913
0.01456458
0.01466424
-0.07292863
-0.04175532
-0.09857127
-0.15313745
0.00527612
0.02734298
0.02360322
0.07579771
-0.04793006
0.11612695
0.00974311
-0.01815013
0.03425432
-0.07904658
0.01289766
0.03087875
-0.04452318
0.04994112
-0.05489810
0.17588319
0.02479525
0.00918617
0.11324485
-0.08994427
0.01329987
0.03540583
-0.07627284
-0.06832968
0.04878912
0.00581725
0.02576681
-0.03354311
0.08910430
-0.14426506
-0.12494883
-0.11004758
-0.00466926
-0.10255063
-0.15911660
-0.01318377
0.11895031
-0.02338847
0.05398981
-0.14190301
0.01957063
0.06216272
0.12130716
-0.15040928
0.05622827
-0.11127286
-0.05972802
0.03590888
-0.01451322
-0.06610980
-0.02923061
-0.05078208
0.12067857
-0.03066394
0.06777276
-0.06888220
-0.07941661
-0.03292668
-0.01778703
-0.03249952
-0.00362582
0.03898263
-0.02225874
0.11779630
0.06332860
0.05346043
-0.00674920
0.12363457
-0.15676002
0.17165335
0.20637017
0.00981524
-0.05682246
-0.04510215
0.03369744
0.06558415
-0.04196579
0.07160881
-0.08198968
-0.02683708
-0.05405170
0.06906753
0.01233586
-0.16508362
0.09744480
0.09692319
-0.10172103
0.16189004
0.03889913
0.01672986
-0.07372812
-0.08606391
0.16489662
0.05251301
-0.14251094
0.03393251
0.05010020
0.08959571
0.11917585
0.00419722
0.00924675
0.13984023
-0.04426696
-0.01785865
-0.09115776
0.09708200
-0.04760899
-0.05555244
-0.00704606
-0.11133999
-0.03439891
-0.03558489
0.06042197
0.05616574
0.05683888
-0.08140299
0.06488938
-0.08570360
-0.04998025
-0.19696401
-0.02019722
0.09514151
0.02869096
0.09025805
-0.02983333
-0.03112212
-0.05590479
-0.04492349
0.01657287
0.02336810
0.04843368
0.09314547
0.01130231
0.05825424
-0.01942574
0.02704722
-0.03533364
0.07996202
0.00038071
-0.00906840
-0.00991348
-0.01511911
-0.01209333
0.05912160
-0.00791462
0.01272982
0.05783201
-0.08604109
0.00863978
0.06419548
0.08287764
0.00404557
-0.06554033
0.06287766
0.02531803
0.00966370
0.00972576
0.01558203
-0.07274732
0.04209578
-0.00361578
-0.02686384
-0.04960290
-0.00120337
0.01293536
0.03925111
0.05184011
-0.01049125
0.05507525
-0.01101770
0.02666918
-0.02589587
0.06708172
-0.06630644
0.02417525
-0.00938254
-0.03811378
-0.01505098
0.02877716
-0.04329034
0.05997046
-0.00892350
0.03422954
-0.06949237
-0.00765944
0.04141900
-0.02514419
-0.03090779
0.00373059
-0.03072879
0.00799176
0.01227158
-0.00855637
0.05423554
0.06428038
0.01084192
0.00661290
0.03301167
0.12079135
0.02581778
-0.02426193
0.05084454
-0.03146796
-0.03211207
0.03568197
-0.04105897
-0.08156567
0.04569706
-0.02840260
0.09826909
-0.00093063
-0.07116678
0.04338670
0.00060093
-0.02812277
0.05503739
0.02625848
-0.01767801
-0.10752910
-0.08938110
0.08367239
0.00294742
-0.04602350
0.03174676
0.04530433
0.00108635
0.05499820
-0.05191564
0.03361712
-0.00182262
0.00054441
-0.03706820
-0.00678445
0.05185808
0.00354521
0.01183094
0.04702169
-0.11043945
-0.04721476
-0.03817737
0.02186107
0.08985703
0.01996777
0.00172787
0.08490078
-0.01401543
-0.01474655
-0.05881976
-0.06114296
-0.01202622
-0.00598327
0.04230767
0.00672705
-0.01394256
0.02719460
-0.00395542
-0.06113449
0.06254297
-0.01886233
0.05097924
0.03038854
0.09313922
-0.04589082
0.02356169
0.04194655
-0.10293628
0.03915419
0.06635465
-0.04177621
0.03315061
0.00368404
0.05278492
-0.04084755
-0.02999353
0.11497179
0.01424641
0.03154146
0.00283492
-0.10373989
0.02098835
0.00594459
-0.01256575
0.01576223
-0.02807315
-0.02556304
-0.07724970
-0.00266010
-0.10667758
0.01449498
-0.02795015
-0.10092708
-0.01667832
0.08154225
0.01241758
-0.05456650
-0.06732064
-0.08961619
0.06398332
0.02476413
-0.12037577
-0.02138639
-0.10600309
-0.11619049
0.02766054
0.03953714
-0.06050431
-0.08838749
0.02009916
0.10785127
-0.05598420
0.00288582
-0.04436747
-0.01583741
-0.04133509
-0.02030305
0.00873921
0.10045678
0.10071522
-0.05409729
-0.02566217
-0.05882210
0.07259783
-0.11365233
0.01612017
-0.03915713
0.06874640
0.10269170
0.01170937
-0.02636500
-0.09959514
0.01333346
0.06237688
-0.03507642
0.07931582
-0.05849468
-0.08485703
-0.04128909
0.02691957
-0.06681363
-0.06690858
0.04116148
0.03395921
-0.01292742
0.12674800
0.06062384
0.07698361
0.08298941
-0.02197419
0.12368247
0.00211800
-0.11615000
-0.01514731
0.00669216
-0.05396678
0.11413809
0.03880634
0.00015813
0.11477534
-0.01518412
0.00193116
-0.08324280
-0.03121402
-0.00008710
-0.10798848
0.03984400
-0.04325547
0.08589853
-0.01551037
-0.00322779
-0.08790041
0.03921223
0.02958142
0.01381114
-0.12122846
0.00061810
-0.12551986
-0.02282423
0.11536143
0.05409766
0.03664419
-0.11217151
-0.02051339
0.03049195
-0.04271057
-0.03366331
0.00687737
0.01424114
0.04981710
0.04415970
0.08105393
-0.08649916
0.03612560
0.02455469
-0.07253056
-0.00460820
-0.04208910
-0.05835155
0.00893597
0.03480218
0.02831717
-0.07702243
-0.05504294
0.13292533
-0.02525928
0.02125208
0.01923545
-0.06434646
0.05735788
-0.02121267
0.02334695
0.06771196
-0.00893168
-0.07295833
-0.01372881
0.05020270
-0.05061060
-0.00348688
-0.03144397
-0.06264003
0.02370144
0.02047665
0.01098401
-0.02215208
-0.03274181
-0.07526502
0.03905895
0.02135500
-0.07883447
0.00472701
-0.05792041
-0.05714901
0.03977003
-0.00063900
-0.02607435
-0.05964254
-0.01542693
0.06904800
-0.05390617
0.07557356
-0.00663889
-0.00238137
-0.05840018
-0.02962837
0.01614779
0.08658634
0.10311735
-0.05093238
-0.07539776
0.01864854
0.10044324
-0.11770824
0.01363820
-0.02643821
0.07231663
0.05160322
0.03857156
-0.00345537
-0.11577462
0.02002922
-0.00704667
0.01978729
0.03206950
-0.09745638
-0.05127275
-0.03711336
0.03294651
-0.07129014
-0.03389411
0.03545589
-0.06738318
-0.02893094
0.07749650
0.03641386
0.07557724
0.02647704
-0.04208481
0.09351497
-0.08016121
-0.11199161
-0.00704495
0.01113124
-0.11219887
0.12400591
0.01624232
0.00082812
0.11238761
-0.00488468
-0.04979257
-0.05518808
-0.00902229
0.02303763
-0.06297333
0.04919946
-0.06640448
0.10486266
0.02630150
0.01296195
-0.04398562
0.04159147
-0.02492172
0.01657334
-0.14065923
-0.01487467
-0.08846484
-0.01595990
0.10145728
0.01288851
0.01833702
-0.06832174
0.04051332
0.01466819
0.05549440
-0.06599501
-0.01942944
0.00006787
0.00288680
0.04153294
0.04278113
-0.05806130
0.01180868
0.02008473
-0.03985703
0.05144862
0.10380149
-0.00221212
0.00740885
-0.00075385
0.04025145
0.01758241
-0.03154567
0.05758518
0.02213896
-0.04655516
-0.01965123
-0.07263644
-0.01330922
0.07863124
-0.02394595
-0.01437914
-0.04883768
-0.00476150
-0.03723611
-0.03717988
-0.10376257
-0.03003547
-0.03555931
-0.09507239
0.00898468
0.11028299
-0.02170243
0.00710301
-0.09608999
-0.03588251
0.00600882
0.00360228
-0.14464599
-0.00218185
-0.04705487
-0.07991489
0.08267748
0.04480924
-0.08297712
-0.10360783
0.00431819
0.05143425
-0.01962884
-0.05681527
0.03435262
-0.06187914
-0.03042964
-0.05425103
0.00759846
0.01801387
0.08378159
0.00937911
0.09212302
0.04096428
0.00539048
-0.02165141
-0.01411433
-0.06057506
0.07158053
0.04171465
-0.06763421
0.01097917
0.00628357
0.04670692
0.01165753
-0.08104862
0.04462972
-0.00151771
-0.04690522
-0.01384201
-0.00926704
-0.03881695
-0.10516126
0.03734277
0.08438912
0.06985500
0.06059414
0.07257620
0.08684657
0.03583051
-0.02591113
0.05212131
0.07115340
-0.04363659
0.03395528
-0.01290487
0.02763704
0.06070187
0.01733446
-0.07484402
0.07758126
-0.04862037
0.00437622
-0.06777786
0.00607167
-0.00169686
-0.05296139
0.00086819
-0.01278789
0.06411596
0.00133363
0.05000732
-0.01203924
0.00548760
-0.04474787
-0.03220412
-0.03592347
0.00721755
-0.11736118
0.01476828
0.00451083
0.03083057
0.02533142
-0.03424453
-0.04606016
-0.05492583
-0.12345350
0.01391676
0.02594810
0.04906694
0.08680335
-0.00178653
0.12139682
-0.04607604
0.03380762
-0.05595416
0.05529373
0.00918958
-0.04947449
-0.02974896
0.01881384
-0.03432915
0.07882567
-0.04433744
-0.02366089
0.11287715
-0.13055694
0.04343017
0.09028779
0.06210571
0.03941168
-0.03466172
0.06591378
0.07562055
-0.01009414
0.01476111
0.00867685
-0.07396097
0.04592959
0.01348727
-0.03336601
-0.03269954
-0.05090619
0.01673943
0.01658448
0.01433306
-0.01442165
0.02801586
-0.03038219
0.12442544
-0.02320959
0.02677191
-0.08609995
-0.01148564
0.00307474
-0.05957116
-0.02427855
0.02435620
-0.02961865
0.06619773
-0.03950286
0.07436600
-0.08397155
-0.00413256
0.02015397
0.02147399
-0.05665479
0.03131382
0.02138762
-0.04683411
0.00520004
0.06577370
0.10841336
0.03888017
0.04765916
-0.03986124
0.02308982
0.13409321
0.04861442
-0.01314719
-0.04031236
-0.01192708
-0.05053528
0.05165304
-0.01901138
-0.10811806
0.02746053
-0.01640365
0.10216786
-0.04500237
-0.10834439
0.04524790
-0.03573330
-0.12776749
0.06628928
0.04124259
-0.00739300
-0.09339885
-0.09477554
0.13199249
-0.02469508
-0.07627214
0.04569921
0.06865580
-0.04809524
0.05731421
-0.02189743
0.04380449
0.07178573
-0.01582931
-0.05285354
-0.00344448
0.08166215
-0.00101046
-0.00180951
0.06011013
-0.14437059
-0.02849432
-0.03445305
0.05422759
0.07603072
0.07661825
0.02022626
0.06719530
-0.09580782
-0.06580549
-0.06872047
-0.09357151
0.02489914
-0.02911416
0.04854170
-0.00965014
-0.00883977
0.02544707
0.02065199
-0.00566379
-0.01990919
-0.02340373
0.03778860
0.02248982
0.04070766
-0.08805797
0.04842117
-0.01658020
0.01187470
-0.01795302
-0.04385255
-0.00768869
-0.00160343
-0.01762450
0.03209358
-0.07427254
-0.05420414
0.08094086
-0.01896671
-0.02924166
0.02892967
-0.01205738
0.03309430
-0.03284885
0.03415743
0.03114571
-0.02630032
-0.07919721
0.02201101
-0.00551333
-0.00585053
-0.02577570
0.01389539
-0.02855741
-0.00399059
-0.00435053
-0.00246875
0.00992049
-0.00233137
-0.04958291
-0.01649221
0.00446786
-0.05340443
0.00466564
-0.02620206
-0.05243899
0.07209406
-0.01489776
-0.02902024
-0.04984985
-0.02708784
0.03319791
-0.05271300
0.00233334
-0.00803356
-0.02764375
0.01183846
-0.00774820
0.01604528
0.04346793
0.06574642
-0.02559426
0.01736083
0.03762374
0.06331854
-0.02603844
0.00552123
0.00930685
0.03593121
0.01106391
0.01331411
0.02425712
0.00109273
0.00665318
-0.04269888
0.00821214
-0.01470637
-0.04718160
-0.01199836
-0.00606355
0.06495907
-0.05704186
-0.04063731
0.03063642
-0.03813426
0.03284553
0.04124867
0.05440821
0.05094302
-0.01632551
-0.01086732
0.04137811
-0.03525212
-0.06300577
0.04030171
-0.00120033
-0.10135860
0.05148322
0.00172670
-0.01512771
0.08635379
-0.02019169
-0.09484451
-0.02113533
-0.00078855
0.02837068
0.00506666
0.00801241
-0.06391750
0.04242455
0.00349771
0.05287857
0.00493627
0.02455923
0.00097017
0.01084295
-0.07220704
0.02400908
-0.01637610
-0.02030938
0.02331070
0.01859733
0.01255293
-0.02415257
0.03794121
-0.03254758
-0.06779722
0.01223629
-0.00300171
0.05607318
0.06871611
0.01472664
0.06690926
-0.08664219
0.03271656
-0.06318827
0.03916863
-0.01418706
-0.02983172
-0.01239222
0.00122498
-0.00769142
0.05726968
-0.02631954
-0.02348590
0.10416904
-0.05652257
-0.00772281
0.08927059
0.04173153
0.05374471
-0.03685630
0.05568967
0.04843678
0.01823751
-0.00430924
0.03124360
-0.09765074
0.02608925
-0.00750777
-0.02477415
-0.06024041
-0.03209351
0.01808162
-0.04445709
0.01421283
-0.01983119
0.05494292
-0.05135015
0.02065964
-0.04576302
0.05379227
-0.05767338
0.05975088
0.03871045
-0.04980714
-0.01355658
-0.03037132
-0.06750345
0.07272111
-0.03403856
0.04528184
-0.05998424
0.00632084
-0.00939467
-0.05665775
-0.03164621
0.04824170
-0.00763774
-0.00277678
0.03062653
0.05704689
0.07038616
0.00337782
0.02212046
0.02663595
0.06468470
0.12058143
0.00183714
-0.00059837
0.02869064
0.01456342
-0.03024018
0.04710712
-0.01415372
-0.09688151
0.01543178
-0.02757680
0.10219634
-0.03213354
-0.08903290
0.06042639
-0.03091917
-0.03238323
0.03580895
0.06126034
0.00073665
-0.11579961
-0.06614947
0.08791204
-0.00076327
-0.06253243
0.02584605
0.03610803
-0.04320693
0.03705716
0.00509350
0.04838082
0.03993876
-0.00228510
-0.04911455
-0.02250207
0.04784605
-0.03955221
-0.03133013
0.04137770
-0.14285283
-0.00047562
0.00131319
0.05583085
0.04651361
0.05268600
-0.00995317
0.02275606
-0.05358088
-0.00099174
-0.05047229
-0.03112752
-0.00685884
0.01184144
0.02665046
-0.01252585
0.00199164
-0.08054010
-0.13817471
0.00033133
0.00768810
-0.01759898
0.04452754
-0.04022446
0.05901867
-0.03872979
0.04256441
-0.00465538
0.03440163
-0.02828204
-0.01104207
-0.01579732
0.02688373
-0.06399565
0.03011358
-0.02021424
-0.01284348
0.09158426
-0.02945135
0.03015600
0.07145710
-0.09627847
0.05657422
0.00658772
0.04210598
0.06626046
0.01085853
0.03516898
-0.04037922
-0.07456912
-0.00422854
-0.02572334
-0.03593883
0.00777987
0.00906768
0.02578043
0.02104912
0.01266911
-0.02973598
0.03291435
-0.00029564
0.10629638
-0.00812899
-0.00146342
-0.01309494
-0.02556233
0.02950134
-0.02690324
0.02471581
-0.03443795
-0.03625152
0.05628190
-0.04250143
-0.00233486
-0.05082618
0.00044661
-0.01883849
-0.01294813
-0.05606599
-0.00920721
0.02157600
-0.00588903
-0.01223562
0.04985049
0.07128790
-0.01498988
0.04674521
-0.04887997
0.10711962
0.13304797
0.05526757
-0.00456581
0.01703810
0.06801704
-0.01150589
0.04650028
0.01735105
-0.10245455
0.00453051
-0.01836125
0.07994314
-0.02789570
-0.13642958
0.01962635
-0.07628234
-0.11551322
0.05121746
0.03201594
0.02610583
-0.07985612
-0.06194398
0.11014592
0.01287227
-0.08001287
0.05532531
0.01881118
-0.00967029
0.06768413
0.02025208
0.03880592
0.12498758
0.00977083
-0.06798474
-0.05141430
0.01268648
-0.02879228
-0.01414196
-0.01569387
-0.09737495
-0.00829860
0.02993543
0.03816219
-0.00507863
0.03563035
-0.00897379
0.01055104
-0.07457137
-0.00015410
-0.02476696
-0.01006738
-0.01975962
-0.01896051
0.08539389
-0.00855799
0.00318160
0.03640592
-0.10641275
0.08153940
-0.07507357
0.07902703
0.11241371
-0.02845206
0.09234145
0.04073830
-0.06374685
0.04060557
-0.02942959
0.06483325
-0.01716177
-0.02677154
0.09141654
-0.12971357
0.07819298
0.06687874
0.02535819
0.01283353
-0.14136292
0.07903872
0.09492987
-0.03281710
-0.03034614
0.01927164
-0.07026912
0.03453604
-0.01096663
0.06212215
0.02674140
-0.10130689
-0.00480589
0.04248730
-0.04332745
-0.04098511
-0.06468058
0.03123376
0.00426036
0.03975730
-0.01554457
0.06164636
-0.06517535
0.11832918
0.02103774
0.12620731
-0.15270080
0.09154794
-0.02550554
0.00882620
0.08653699
0.05382347
-0.04035771
0.05568104
0.05475108
-0.00347404
-0.11048718
-0.15564923
0.03414290
0.03007369
0.03597957
0.01188217
-0.00472749
-0.10403477
0.10068271
0.10451677
0.04749608
0.01418309
0.00403060
-0.06938489
-0.06646580
0.11709363
0.09170063
-0.14847660
-0.03676929
0.03126191
-0.03249962
-0.05783125
0.04710144
0.01786056
0.05680599
-0.04459651
0.03598145
0.16661713
-0.09439873
0.07832152
-0.00721598
-0.03965623
0.11877848
0.06483588
-0.01333261
-0.04331660
-0.07204083
0.06959879
0.01194160
-0.07765908
0.01130533
0.04434826
-0.00429051
-0.06135012
0.10162274
-0.02006441
0.03392722
0.05758568
-0.05962142
0.00167252
0.15465617
-0.03952179
0.00248373
0.00145506
-0.05822071
-0.08302300
-0.10516264
0.01246261
0.02543607
-0.01059229
0.04554122
0.03206742
0.10870926
0.01319826
-0.01564208
-0.09108317
0.05259163
-0.08612761
0.05219028
0.00901939
0.03440773
-0.05065507
-0.08529259
-0.00473309
0.02724920
0.06408950
0.07343952
0.02182650
0.05270959
-0.04059127
0.02409537
-0.06034066
0.07522181
0.01520932
0.01345278
-0.03725543
-0.00512613
-0.00952795
0.06340285
0.00197436
-0.01026360
0.06431524
-0.09006894
0.04471881
0.07627700
0.09089051
0.04074679
-0.01783985
0.04763496
0.03846668
0.02055736
0.02190764
0.03833306
-0.06208785
0.02399858
0.02913195
-0.03691401
-0.01838003
-0.02417933
0.03386406
0.03384489
0.01547536
-0.00809272
0.06713834
-0.05382855
0.04815869
-0.02943032
0.03924941
-0.06937029
0.02749179
-0.00230790
-0.03946314
-0.00122343
0.02514800
-0.02888509
0.04249816
-0.00057005
0.03555833
-0.06858076
0.01852279
0.00026764
-0.03610137
-0.04238705
0.02056909
0.00781399
-0.02273604
-0.00582105
0.01747770
0.04762757
0.03975211
-0.01602490
-0.00584957
-0.01293572
0.08648291
0.00256603
-0.00962894
-0.00655330
-0.02764833
-0.04881270
0.03439014
-0.00291485
-0.07418411
0.02524983
-0.00644825
0.06669972
-0.00102124
-0.06994827
0.02670753
-0.01392982
-0.06261829
0.02634466
0.02611844
0.00000149
-0.08588234
-0.09233559
0.06727639
0.02507398
0.00275560
0.01088791
0.05577550
-0.00630750
0.02771061
-0.01182916
0.03471149
-0.00227461
0.00626586
-0.00425017
-0.00093129
0.05736528
0.00072290
-0.03495828
0.05940990
-0.10427093
-0.00555277
-0.00866901
0.01755544
0.05979312
0.02888723
0.00197194
0.03289024
-0.02994553
-0.02574850
-0.05985998
-0.05479301
-0.02720560
-0.00991845
0.01847268
-0.01068288
-0.02832400
-0.03541461
-0.04025920
0.02482709
-0.02688858
-0.02475545
0.10011279
-0.00785590
0.02496183
-0.04114041
0.00028388
0.03132780
0.02373766
-0.02031654
-0.03092930
-0.04135125
0.06695800
-0.09088199
0.08063429
0.00466385
-0.03269257
-0.01376397
-0.09577011
0.06699762
-0.00189862
0.07855332
-0.00575678
-0.02504098
0.04541758
0.02139936
-0.06655174
0.03258129
-0.04998221
-0.06495060
0.02216168
0.05385875
-0.01320920
0.00052932
-0.02373166
0.00679788
0.06728085
0.06688546
-0.00746485
0.01483383
-0.05829761
0.08764257
-0.05710102
-0.00872306
-0.12977840
-0.02151665
0.00537134
-0.05774874
0.02865035
0.06140667
0.00909511
0.03192516
0.00817027
0.00821228
-0.09299719
-0.07785471
0.04102829
0.02448887
0.00204590
-0.03101189
-0.00528198
-0.05212712
0.03721265
-0.00130546
0.04682707
0.04254220
0.01419230
-0.09976128
-0.08036911
0.07479192
0.03350576
-0.02200793
0.09080488
-0.06006460
-0.10372437
-0.00746944
0.00699954
0.05430106
0.06672952
0.01541368
0.05888723
0.10169075
-0.06236888
-0.02697657
-0.02636727
-0.06056384
0.02771611
0.01900533
0.01329735
-0.04970197
-0.04406873
0.03573085
-0.00102521
-0.02719125
0.01839423
0.06428559
0.02693067
-0.00693768
-0.01169949
-0.01214244
0.05068225
0.01636231
-0.05230730
-0.01080629
0.02832021
0.02170140
0.09666162
-0.02221056
-0.06973419
-0.04846682
-0.08805343
0.05258037
0.05319117
-0.02775112
0.06535076
0.06308773
0.01894655
-0.03063881
0.01597960
-0.04001797
0.03039299
0.00310769
0.04153569
-0.02532167
0.03934002
-0.09977908
-0.05995212
-0.01561235
-0.02495449
-0.02683412
0.04045993
-0.03991622
0.10071570
0.03607721
-0.06770024
0.09012673
-0.08170135
0.02156998
0.03644415
0.00735527
0.10236932
-0.04884015
0.14378005
0.05009371
0.04947929
0.05213489
-0.03894479
0.05956893
0.03990143
-0.07975813
-0.11012643
0.01045398
-0.01719860
0.01449830
-0.04935877
0.10051789
-0.13931504
-0.11519296
-0.11448062
0.00406941
-0.15715079
-0.17090373
-0.06696030
0.08968523
0.00693609
0.05081557
-0.13249709
-0.00942916
0.07237644
0.09348716
-0.16042235
0.07205580
-0.07616795
-0.11611023
0.04776378
0.02305026
-0.05699566
-0.02673321
-0.03481374
0.09807839
0.00661948
0.05409035
-0.06536832
-0.08484747
0.00771761
0.02532104
-0.01833575
0.00305202
0.04184824
0.02988789
0.13159226
0.03388006
0.02558074
0.01680632
0.12375616
-0.10626207
0.13881505
0.19017024
0.05469097
-0.08073868
-0.02257815
0.03839794
0.11002258
-0.10696321
0.06454567
-0.02093597
-0.00397172
-0.06507309
0.01865850
-0.00287848
-0.16417281
0.09364937
0.10206033
-0.02725033
0.11805518
0.03784894
-0.01216377
-0.02140205
-0.07649000
0.12342817
0.04235328
-0.15536971
0.04116175
0.03376227
0.13702562
0.08607094
0.03094253
0.04608634
0.12104064
-0.05812819
0.01325802
-0.07839820
0.08758479
-0.05296036
0.04696304
-0.04384450
-0.05958630
-0.06158713
-0.06379750
0.03879232
0.04426179
0.01810036
-0.06281129
0.06635726
-0.04401392
-0.04504579
-0.18870199
0.01318166
0.07121458
-0.00137746
0.06774206
-0.04493599
-0.04262310
-0.05520764
-0.08376697
0.01540807
-0.07354746
0.06078575
0.04239609
-0.01934266
0.07083037
-0.08659381
-0.03146590
0.00184441
0.09367252
-0.05531939
-0.00311723
-0.02536484
0.09469822
-0.09398017
0.09977496
0.08331072
-0.06644592
0.01011637
-0.06482249
0.00174937
-0.01746304
-0.00391496
0.05588174
0.01588867
0.06604082
-0.00037806
0.01561010
0.10203543
0.01416205
-0.15693657
0.00730609
0.05284314
-0.04909280
-0.11038459
0.03681235
0.03117457
-0.06775243
0.06321535
0.02408464
0.04939778
-0.05657057
0.04358120
-0.12149251
0.04762575
-0.11657228
0.14624651
0.03759412
-0.01585066
0.02538509
-0.02997876
-0.06660093
0.04757119
-0.00751980
-0.00150511
-0.01431547
-0.06075421
0.00173410
-0.09867297
-0.05564590
0.01842737
-0.00199752
0.01891842
0.07898323
0.05126886
0.00033063
-0.03523441
0.04560209
-0.00927811
0.01514606
0.11987006
-0.08122286
-0.10546000
0.10968524
-0.00876416
-0.06482458
0.01680212
0.03208086
0.05585193
0.04067149
-0.01257734
0.01040246
0.09236897
-0.11833303
-0.03059391
0.00583312
0.03632168
-0.03102510
0.10443571
0.01077044
-0.08942670
-0.04847854
0.01607551
0.05615088
-0.07823752
0.03268790
-0.02383830
0.04680784
-0.02391496
-0.04475502
-0.02135770
0.02279256
0.02639493
-0.07845933
-0.01111303
0.04401219
-0.03247653
0.01842875
0.00953917
-0.13343556
0.01276024
-0.04808907
0.01768849
-0.03422960
0.00156669
0.02161886
0.03110505
0.07547595
0.00915616
0.02293789
0.00308573
0.03320932
-0.00404780
0.05020834
0.05246541
-0.00845373
0.00124211
-0.03462437
0.01687241
-0.01848886
-0.03068087
0.05446599
0.01803557
0.01984261
-0.05857593
0.06655242
-0.02941743
0.00676120
-0.03348957
-0.04448199
-0.01355418
0.00712556
-0.00010405
0.05592519
-0.09394148
-0.03015020
0.08058165
-0.02275784
-0.01030617
0.04962982
-0.00328592
0.06287052
-0.03822248
0.06355991
0.05036389
-0.03551839
-0.05116146
0.00402920
0.00483863
0.02002467
-0.01269136
0.02526820
-0.02609462
-0.00773171
-0.03774909
0.01666282
0.02860953
-0.00005036
-0.01488264
-0.02453911
0.03262360
-0.01967697
0.01019122
0.01137146
-0.06093536
0.05890885
-0.05414883
-0.00658688
-0.03516228
-0.00287022
0.04291713
-0.04606555
0.02278269
-0.02688055
-0.01550932
-0.01105244
-0.00402831
-0.00066240
0.02711247
0.05273276
-0.03364012
-0.01543805
0.03542343
0.05486678
0.00392688
0.00726688
-0.04009762
0.03787681
0.03362412
0.01008388
0.04971091
0.00359049
0.00822304
-0.05340841
0.02988977
-0.03558291
-0.06478678
0.02117515
0.01488067
0.09102280
-0.05575715
-0.06950890
0.03219090
-0.05546186
-0.01920062
0.04744332
0.01859138
0.05824424
-0.05283817
-0.01897970
0.05827311
-0.02321302
-0.03872087
0.02657527
0.00569565
-0.08677492
0.04891143
0.00640936
-0.01206944
0.10381834
-0.00066257
-0.09353001
-0.01901233
0.00101589
0.01029355
-0.00034669
0.02449328
-0.07078160
0.02722611
0.01294200
0.04026403
0.02540265
0.04056146
0.02371148
-0.00020122
-0.07817777
0.03292951
-0.04270157
-0.01805206
0.04085520
0.01749930
0.01702587
-0.01703470
0.04205169
-0.05582929
-0.15078950
0.00037830
-0.03142520
0.05104486
0.05302732
-0.02801598
0.11785474
-0.10045849
-0.00464137
-0.02436691
0.02240054
-0.03407518
-0.05220795
-0.03116645
0.10033024
-0.08004905
0.09619140
0.01779011
-0.04893306
0.10091399
-0.07916228
0.04430073
0.03043793
-0.05696465
0.10568986
-0.03141544
0.06446263
0.05905094
0.00599812
0.08529878
0.00510035
-0.11994571
-0.00505434
0.03279475
-0.07321330
-0.11637719
0.03816599
0.03744676
-0.06207344
0.03179853
0.01235302
0.01892031
0.00617721
0.07805967
-0.09818962
0.05352050
-0.10458394
0.06774113
0.02894892
-0.01718186
0.01140432
-0.05100739
-0.04368088
0.08059948
-0.04137038
0.04670033
-0.03973021
-0.03367161
-0.04977133
-0.08335570
-0.05838558
0.08077183
0.03583161
-0.01261501
0.02593933
0.09238791
0.05217576
-0.05579060
0.08390281
-0.03143682
0.08149571
0.16734625
0.01271828
-0.07083732
0.06406930
0.05747819
-0.03613731
0.07784170
0.03763025
-0.07301764
0.00700234
-0.03525591
0.03462666
0.02651619
-0.14758000
0.01516183
-0.06371243
-0.08425380
0.00609270
0.10368393
0.04745235
-0.07469932
-0.06582311
0.12891702
0.02633356
-0.12708931
0.02404904
-0.00706297
-0.06257759
0.05853583
-0.03118579
0.00479529
0.09272400
0.02253908
-0.08338865
-0.01935473
0.02674138
-0.06557427
-0.03161493
0.07469065
-0.18931484
0.04209046
-0.00786213
-0.00919857
-0.05011852
0.04969629
0.00755960
0.05155639
-0.06987039
-0.02603526
-0.03137678
-0.01303383
0.02907318
-0.00809705
0.10201631
0.02381951
0.00145022
-0.05558397
-0.17745870
0.04545963
-0.04163460
0.03979244
0.14262204
-0.03756566
0.12935650
0.05257242
-0.06320561
0.03808484
-0.09670870
0.03594559
0.05644495
-0.09095217
0.08107940
-0.09436073
0.22239146
0.04943667
0.00977161
0.05930652
-0.09030247
0.04802619
0.07565621
-0.09886766
-0.03037238
0.01781031
0.00519153
0.04566186
-0.02139881
0.13813576
-0.15395571
-0.14749992
-0.05834901
0.04372647
-0.07630240
-0.17378148
-0.08376992
0.12593648
-0.01914075
0.02667963
-0.10651145
0.04692835
-0.03703446
0.11460180
-0.04989170
0.06778049
-0.18994299
0.03905558
0.02629060
-0.04090633
0.01583595
-0.00798179
-0.02114821
0.12527327
-0.01472686
-0.00407544
-0.12050649
-0.13005039
-0.03406452
0.00600834
-0.02292835
0.03838226
0.00935733
-0.07058078
0.12829576
0.08175370
0.03347280
-0.03551961
0.07855444
-0.17394677
0.07600042
0.20303573
-0.01460589
-0.11504153
0.02219881
0.01057449
-0.00594961
-0.00669008
0.08120364
-0.06297999
0.05480872
-0.04778108
0.06296339
0.17527384
-0.15906844
0.06132042
0.10092229
-0.01043775
0.18579637
0.05898863
0.01544184
-0.05346794
-0.04814363
0.14137301
0.06461677
-0.10724582
-0.00679232
0.01679283
0.08358457
0.03987279
0.10218550
-0.02935880
0.12920929
0.05551945
-0.01469388
-0.07629199
0.10933020
-0.03594708
-0.06269540
-0.00183499
-0.10668949
-0.10929603
-0.12207647
0.01943058
0.02474689
0.07011036
0.04612092
0.03034889
0.00672939
0.00041085
-0.11343575
-0.02660405
0.13103546
-0.01096896
0.11985525
-0.06737590
-0.01409153
-0.00996292
-0.03411085
-0.00638924
0.02187373
0.07427371
0.04545752
0.02941916
0.09375881
-0.05141579
0.01790399
-0.03788863
0.00044236
0.03517922
-0.05149550
-0.01305294
-0.00691908
0.02099389
0.03503156
-0.05736484
0.00391795
0.10841898
-0.08951113
0.00682937
0.04351949
0.04294390
0.00440045
-0.06154421
0.04587078
0.05064587
0.01101200
-0.02562050
0.01925182
-0.04406095
0.01662701
-0.00424140
-0.03676112
-0.06157056
-0.02604172
-0.01958071
-0.02363530
0.01700224
-0.01856357
-0.00876878
-0.00490127
0.03418462
-0.03203608
0.05433718
-0.05164908
-0.00407688
0.01911776
-0.02475149
-0.05625876
0.00352410
-0.02611920
0.05005899
-0.04701889
0.07307794
-0.04911315
0.00333486
0.00828297
-0.01385041
-0.02806719
0.05661651
0.01691770
-0.00838382
0.01511325
0.05590420
0.08178169
0.01930296
0.02199429
0.02512789
0.05123351
0.10319957
0.02813114
-0.01672119
-0.02416419
-0.00277549
-0.01832738
0.04375570
-0.01470316
-0.09795227
0.00664696
-0.04430252
0.05902434
-0.06535200
-0.07787828
0.07024341
-0.01605573
-0.00448213
0.06826078
0.04310825
0.00309496
-0.06238051
-0.07479309
0.08559213
-0.04206336
-0.08915131
0.03835965
0.03807613
-0.09503720
0.07367288
-0.03554967
0.02831186
0.04125563
-0.00461367
-0.05369330
0.00166558
0.06241527
-0.00721151
0.00348521
0.06261454
-0.13359195
0.02119243
-0.02182080
0.01991800
0.07174814
0.05854467
-0.00288561
0.06030575
-0.08232725
-0.05153174
-0.06015105
-0.05308707
0.01792475
-0.01840983
0.04114493
-0.02349920
-0.00406126
-0.02504755
-0.01231636
0.01804880
-0.06793184
-0.03848769
-0.00192824
0.02990016
0.03435655
-0.04929790
-0.01723311
0.08556380
0.08886275
0.00222687
-0.00548525
0.00087888
0.11830916
-0.12878586
0.06735276
-0.02107881
-0.02568814
-0.02144485
-0.09864457
0.12307320
0.02846637
-0.06015577
0.12740995
0.01596752
0.00698352
-0.00699273
-0.01402613
0.02736028
0.09285558
-0.05462174
-0.04950143
-0.04494508
-0.03207089
-0.08687901
-0.02280293
0.03755938
-0.02132053
0.10610501
0.05303362
-0.04397580
-0.11503869
0.08226319
-0.00183689
0.04861400
-0.03734421
0.03609763
-0.01169614
0.04458540
0.10048576
0.00735814
0.03342948
-0.03996415
0.06935249
-0.02753018
-0.05068087
-0.14518648
0.07162887
-0.03055349
-0.05731466
0.00131686
0.09080030
-0.09408027
-0.00109221
0.03900490
0.00772805
-0.00309154
-0.05617652
-0.00211506
-0.11037271
0.01587972
0.05944700
-0.10840597
0.04469082
0.01476880
-0.06555603
-0.03306242
0.02829370
0.03977032
0.08473586
-0.00382958
0.02058290
0.08043040
-0.05150679
0.01321899
-0.12490181
0.08385993
0.02522523
0.14013730
0.01902243
-0.01128720
-0.06275838
0.04656680
0.04727130
-0.08258876
-0.00215989
-0.01278127
-0.08249434
-0.02327359
0.05093731
-0.06456818
-0.00425423
0.03685092
-0.12559684
0.03512368
0.04949430
0.02748458
0.01023488
0.03383722
-0.02111178
-0.05151627
-0.11197260
-0.03604140
-0.04205537
-0.01097488
0.09191372
0.03160118
0.05752138
0.06810498
0.12918334
-0.02021005
-0.00394779
-0.06672778
-0.01348234
0.02961123
0.07546383
-0.08068707
-0.00857680
-0.01976020
-0.02677310
0.04843581
0.01116007
0.01098031
0.03265146
-0.02002093
-0.04597334
0.01625308
0.04185576
0.04680928
0.02033270
0.03090029
0.01922481
-0.05030394
0.02791075
0.07022226
0.02383001
0.00304347
-0.06642908
0.03029592
0.00447556
0.07500909
-0.12124344
-0.02348456
-0.00535743
-0.02794694
-0.01568008
0.02195482
-0.04414623
-0.08004421
-0.00384247
-0.00568432
-0.08690515
-0.08639247
-0.05074940
0.02418664
-0.02514710
0.09409804
-0.05605325
0.05733714
0.04184693
0.07024445
-0.11739542
0.07174198
-0.08939471
0.03263015
0.01929791
0.03219314
-0.04057404
0.04666483
-0.07978186
0.01378992
-0.01458475
0.05588110
-0.05296026
-0.03562494
0.08107430
0.00807204
-0.03693984
-0.02248497
-0.05199461
0.06067278
0.09813152
0.00180684
0.03200470
0.07389241
0.02695612
-0.00673701
0.04131839
0.12622833
0.03916980
-0.07483514
0.01998103
-0.03872880
0.03429002
-0.05799546
0.03662125
0.04686146
0.01477846
-0.07340375
0.04523595
0.05986227
-0.09601087
0.03655953
0.05235319
-0.03580164
0.02992709
0.03161067
-0.05136764
-0.10848083
-0.09132744
0.01679379
0.01747925
-0.06069199
0.05503256
0.04740045
0.12941879
-0.01696760
-0.03850265
0.05219996
-0.03103067
-0.06300024
0.01067777
-0.01997559
0.09417888
0.00239709
0.08460157
-0.00713483
-0.08841746
-0.04849996
-0.04151737
0.08903364
0.09945783
-0.03137928
-0.02701543
0.08904438
0.04054473
-0.04564205
-0.07214294
-0.01066738
-0.02951799
-0.03575137
-0.00744041
0.00957047
-0.04731002
